Datetime,Close,High,Low,Open,Volume
2023-04-23 22:00:00+00:00,114.5,114.5,114.453125,114.46875,7138.0
2023-04-23 23:00:00+00:00,114.46875,114.5,114.46875,114.484375,3547.0
2023-04-24 00:00:00+00:00,114.515625,114.53125,114.46875,114.484375,7326.0
2023-04-24 01:00:00+00:00,114.5625,114.5625,114.515625,114.515625,9689.0
2023-04-24 02:00:00+00:00,114.53125,114.5625,114.515625,114.5625,6103.0
2023-04-24 03:00:00+00:00,114.53125,114.5625,114.53125,114.53125,4260.0
2023-04-24 04:00:00+00:00,114.546875,114.5625,114.53125,114.546875,1835.0
2023-04-24 05:00:00+00:00,114.5625,114.578125,114.515625,114.5625,3660.0
2023-04-24 06:00:00+00:00,114.65625,114.6875,114.59375,114.59375,25222.0
2023-04-24 07:00:00+00:00,114.734375,114.765625,114.640625,114.640625,33567.0
2023-04-24 08:00:00+00:00,114.71875,114.75,114.671875,114.734375,33193.0
2023-04-24 09:00:00+00:00,114.6875,114.734375,114.671875,114.71875,23317.0
2023-04-24 10:00:00+00:00,114.703125,114.71875,114.65625,114.703125,21096.0
2023-04-24 11:00:00+00:00,114.671875,114.75,114.65625,114.703125,26254.0
2023-04-24 12:00:00+00:00,114.8125,114.828125,114.640625,114.6875,87468.0
2023-04-24 13:00:00+00:00,114.78125,114.828125,114.71875,114.8125,82144.0
2023-04-24 14:00:00+00:00,114.890625,114.9375,114.65625,114.796875,107318.0
2023-04-24 15:00:00+00:00,114.84375,114.96875,114.84375,114.890625,73078.0
2023-04-24 16:00:00+00:00,114.875,114.875,114.796875,114.859375,32696.0
2023-04-24 17:00:00+00:00,114.875,114.90625,114.859375,114.875,20538.0
2023-04-24 18:00:00+00:00,114.875,114.921875,114.84375,114.875,84345.0
2023-04-24 19:00:00+00:00,114.890625,114.90625,114.828125,114.859375,39222.0
2023-04-24 20:00:00+00:00,115.046875,115.0625,114.890625,114.890625,0.0
2023-04-24 22:00:00+00:00,115.140625,115.15625,115.03125,115.03125,9558.0
2023-04-24 23:00:00+00:00,115.171875,115.21875,115.125,115.125,16487.0
2023-04-25 00:00:00+00:00,115.078125,115.1875,115.0625,115.171875,15824.0
2023-04-25 01:00:00+00:00,115.140625,115.15625,115.078125,115.078125,8692.0
2023-04-25 02:00:00+00:00,115.1875,115.21875,115.15625,115.15625,10615.0
2023-04-25 03:00:00+00:00,115.1875,115.203125,115.171875,115.171875,1685.0
2023-04-25 04:00:00+00:00,115.1875,115.203125,115.171875,115.171875,5318.0
2023-04-25 05:00:00+00:00,115.21875,115.265625,115.1875,115.203125,13511.0
2023-04-25 06:00:00+00:00,115.1875,115.296875,115.15625,115.234375,34521.0
2023-04-25 07:00:00+00:00,115.34375,115.4375,115.1875,115.203125,79355.0
2023-04-25 08:00:00+00:00,115.390625,115.421875,115.296875,115.328125,43605.0
2023-04-25 09:00:00+00:00,115.453125,115.453125,115.375,115.390625,41951.0
2023-04-25 10:00:00+00:00,115.421875,115.453125,115.375,115.453125,25163.0
2023-04-25 11:00:00+00:00,115.359375,115.453125,115.34375,115.421875,64988.0
2023-04-25 12:00:00+00:00,115.53125,115.5625,115.328125,115.359375,151892.0
2023-04-25 13:00:00+00:00,115.625,115.640625,115.421875,115.515625,185927.0
2023-04-25 14:00:00+00:00,115.640625,115.75,115.578125,115.625,206035.0
2023-04-25 15:00:00+00:00,115.515625,115.65625,115.5,115.625,103027.0
2023-04-25 16:00:00+00:00,115.578125,115.59375,115.46875,115.515625,111526.0
2023-04-25 17:00:00+00:00,115.84375,115.859375,115.5625,115.59375,213186.0
2023-04-25 18:00:00+00:00,115.796875,115.9375,115.78125,115.859375,217609.0
2023-04-25 19:00:00+00:00,115.921875,115.9375,115.75,115.75,86344.0
2023-04-25 20:00:00+00:00,115.734375,115.921875,115.71875,115.90625,48942.0
2023-04-25 22:00:00+00:00,115.65625,115.765625,115.609375,115.75,0.0
2023-04-25 23:00:00+00:00,115.625,115.703125,115.59375,115.65625,11860.0
2023-04-26 00:00:00+00:00,115.609375,115.65625,115.59375,115.625,15848.0
2023-04-26 01:00:00+00:00,115.671875,115.734375,115.59375,115.609375,35516.0
2023-04-26 02:00:00+00:00,115.65625,115.71875,115.640625,115.6875,7877.0
2023-04-26 03:00:00+00:00,115.703125,115.703125,115.65625,115.671875,4310.0
2023-04-26 04:00:00+00:00,115.65625,115.71875,115.65625,115.703125,3131.0
2023-04-26 05:00:00+00:00,115.65625,115.703125,115.625,115.65625,17811.0
2023-04-26 06:00:00+00:00,115.6875,115.71875,115.5625,115.65625,39613.0
2023-04-26 07:00:00+00:00,115.75,115.796875,115.65625,115.6875,61999.0
2023-04-26 08:00:00+00:00,115.6875,115.78125,115.625,115.75,54538.0
2023-04-26 09:00:00+00:00,115.6875,115.734375,115.65625,115.703125,30303.0
2023-04-26 10:00:00+00:00,115.71875,115.75,115.65625,115.6875,21018.0
2023-04-26 11:00:00+00:00,115.59375,115.84375,115.421875,115.703125,155072.0
2023-04-26 12:00:00+00:00,115.6875,115.703125,115.46875,115.578125,136579.0
2023-04-26 13:00:00+00:00,115.8125,115.953125,115.65625,115.6875,222450.0
2023-04-26 14:00:00+00:00,115.75,115.953125,115.71875,115.8125,143900.0
2023-04-26 15:00:00+00:00,115.484375,115.75,115.46875,115.75,150523.0
2023-04-26 16:00:00+00:00,115.375,115.5,115.3125,115.484375,96102.0
2023-04-26 17:00:00+00:00,115.421875,115.4375,115.328125,115.359375,79349.0
2023-04-26 18:00:00+00:00,115.546875,115.5625,115.34375,115.40625,174778.0
2023-04-26 19:00:00+00:00,115.5,115.625,115.4375,115.546875,119983.0
2023-04-26 20:00:00+00:00,115.40625,115.515625,115.390625,115.5,38562.0
2023-04-26 22:00:00+00:00,115.421875,115.484375,115.390625,115.421875,0.0
2023-04-26 23:00:00+00:00,115.46875,115.484375,115.421875,115.421875,2981.0
2023-04-27 00:00:00+00:00,115.53125,115.53125,115.4375,115.46875,9482.0
2023-04-27 01:00:00+00:00,115.53125,115.546875,115.484375,115.515625,9140.0
2023-04-27 02:00:00+00:00,115.515625,115.546875,115.46875,115.53125,7276.0
2023-04-27 03:00:00+00:00,115.453125,115.515625,115.421875,115.5,8262.0
2023-04-27 04:00:00+00:00,115.40625,115.484375,115.40625,115.4375,10341.0
2023-04-27 05:00:00+00:00,115.28125,115.4375,115.265625,115.40625,26116.0
2023-04-27 06:00:00+00:00,115.34375,115.34375,115.25,115.28125,44723.0
2023-04-27 07:00:00+00:00,115.296875,115.453125,115.28125,115.34375,57118.0
2023-04-27 08:00:00+00:00,115.21875,115.3125,115.21875,115.296875,42029.0
2023-04-27 09:00:00+00:00,115.3125,115.359375,115.203125,115.21875,39455.0
2023-04-27 10:00:00+00:00,115.359375,115.4375,115.296875,115.328125,35694.0
2023-04-27 11:00:00+00:00,115.296875,115.4375,115.265625,115.34375,42531.0
2023-04-27 12:00:00+00:00,115.140625,115.453125,115.046875,115.296875,234058.0
2023-04-27 13:00:00+00:00,114.96875,115.1875,114.953125,115.140625,147140.0
2023-04-27 14:00:00+00:00,114.9375,115.015625,114.828125,114.96875,158643.0
2023-04-27 15:00:00+00:00,114.90625,114.96875,114.890625,114.9375,86187.0
2023-04-27 16:00:00+00:00,114.890625,114.9375,114.84375,114.890625,95459.0
2023-04-27 17:00:00+00:00,114.796875,114.921875,114.734375,114.875,112896.0
2023-04-27 18:00:00+00:00,114.75,114.796875,114.703125,114.78125,113204.0
2023-04-27 19:00:00+00:00,114.734375,114.796875,114.65625,114.75,96409.0
2023-04-27 20:00:00+00:00,114.765625,114.8125,114.71875,114.75,0.0
2023-04-27 22:00:00+00:00,114.765625,114.796875,114.75,114.78125,5202.0
2023-04-27 23:00:00+00:00,114.78125,114.796875,114.75,114.78125,6437.0
2023-04-28 00:00:00+00:00,114.75,114.796875,114.734375,114.78125,10539.0
2023-04-28 01:00:00+00:00,114.75,114.8125,114.546875,114.75,41885.0
2023-04-28 02:00:00+00:00,114.734375,114.796875,114.703125,114.75,9881.0
2023-04-28 03:00:00+00:00,114.71875,114.765625,114.59375,114.734375,23470.0
2023-04-28 04:00:00+00:00,114.828125,114.90625,114.703125,114.703125,36610.0
2023-04-28 05:00:00+00:00,114.90625,114.953125,114.71875,114.8125,34600.0
2023-04-28 06:00:00+00:00,114.8125,114.984375,114.65625,114.90625,79222.0
2023-04-28 07:00:00+00:00,115.03125,115.0625,114.796875,114.8125,69039.0
2023-04-28 08:00:00+00:00,115.234375,115.265625,115.015625,115.03125,77949.0
2023-04-28 09:00:00+00:00,115.09375,115.265625,115.09375,115.234375,26406.0
2023-04-28 10:00:00+00:00,115.078125,115.15625,115.046875,115.09375,47549.0
2023-04-28 11:00:00+00:00,115.0,115.125,114.984375,115.078125,47697.0
2023-04-28 12:00:00+00:00,115.328125,115.34375,114.875,115.0,241948.0
2023-04-28 13:00:00+00:00,115.140625,115.375,115.109375,115.34375,208505.0
2023-04-28 14:00:00+00:00,115.296875,115.328125,115.078125,115.140625,183533.0
2023-04-28 15:00:00+00:00,115.3125,115.34375,115.21875,115.296875,122498.0
2023-04-28 16:00:00+00:00,115.3125,115.34375,115.25,115.3125,66220.0
2023-04-28 17:00:00+00:00,115.328125,115.34375,115.203125,115.296875,60591.0
2023-04-28 18:00:00+00:00,115.1875,115.328125,115.171875,115.3125,123510.0
2023-04-28 19:00:00+00:00,115.4375,115.453125,115.1875,115.1875,317049.0
2023-04-28 20:00:00+00:00,115.46875,115.484375,115.328125,115.4375,175630.0
2023-04-30 22:00:00+00:00,115.28125,115.421875,115.25,115.421875,15026.0
2023-04-30 23:00:00+00:00,115.28125,115.3125,115.265625,115.296875,4459.0
2023-05-01 00:00:00+00:00,115.234375,115.296875,115.21875,115.28125,10079.0
2023-05-01 01:00:00+00:00,115.234375,115.296875,115.203125,115.234375,12240.0
2023-05-01 02:00:00+00:00,115.265625,115.296875,115.234375,115.25,7307.0
2023-05-01 03:00:00+00:00,115.25,115.265625,115.21875,115.265625,4155.0
2023-05-01 04:00:00+00:00,115.21875,115.265625,115.21875,115.265625,3493.0
2023-05-01 05:00:00+00:00,115.1875,115.21875,115.125,115.21875,9970.0
2023-05-01 06:00:00+00:00,115.15625,115.203125,115.140625,115.203125,8890.0
2023-05-01 07:00:00+00:00,115.046875,115.1875,115.03125,115.15625,27163.0
2023-05-01 08:00:00+00:00,115.109375,115.109375,115.046875,115.046875,9366.0
2023-05-01 09:00:00+00:00,115.125,115.125,115.09375,115.09375,8767.0
2023-05-01 10:00:00+00:00,115.234375,115.234375,115.109375,115.125,12053.0
2023-05-01 11:00:00+00:00,115.125,115.25,115.046875,115.21875,35609.0
2023-05-01 12:00:00+00:00,115.109375,115.15625,114.890625,115.125,94563.0
2023-05-01 13:00:00+00:00,115.015625,115.203125,115.015625,115.125,53349.0
2023-05-01 14:00:00+00:00,114.71875,115.015625,114.6875,115.015625,164802.0
2023-05-01 15:00:00+00:00,114.640625,114.75,114.640625,114.734375,79209.0
2023-05-01 16:00:00+00:00,114.640625,114.6875,114.625,114.640625,38280.0
2023-05-01 17:00:00+00:00,114.640625,114.671875,114.59375,114.640625,50941.0
2023-05-01 18:00:00+00:00,114.5,114.640625,114.484375,114.640625,94248.0
2023-05-01 19:00:00+00:00,114.40625,114.53125,114.3125,114.515625,143445.0
2023-05-01 20:00:00+00:00,114.5,114.5625,114.375,114.390625,0.0
2023-05-01 22:00:00+00:00,114.546875,114.5625,114.515625,114.53125,10723.0
2023-05-01 23:00:00+00:00,114.546875,114.5625,114.515625,114.546875,6197.0
2023-05-02 00:00:00+00:00,114.59375,114.609375,114.546875,114.546875,17512.0
2023-05-02 01:00:00+00:00,114.65625,114.65625,114.59375,114.59375,15946.0
2023-05-02 02:00:00+00:00,114.640625,114.671875,114.609375,114.640625,6784.0
2023-05-02 03:00:00+00:00,114.609375,114.65625,114.59375,114.640625,6435.0
2023-05-02 04:00:00+00:00,114.515625,114.640625,114.46875,114.609375,35993.0
2023-05-02 05:00:00+00:00,114.578125,114.59375,114.5,114.515625,15525.0
2023-05-02 06:00:00+00:00,114.671875,114.671875,114.515625,114.578125,41019.0
2023-05-02 07:00:00+00:00,114.78125,114.796875,114.59375,114.65625,59292.0
2023-05-02 08:00:00+00:00,114.796875,114.890625,114.765625,114.78125,72195.0
2023-05-02 09:00:00+00:00,114.765625,114.84375,114.75,114.78125,37103.0
2023-05-02 10:00:00+00:00,114.71875,114.8125,114.6875,114.75,27942.0
2023-05-02 11:00:00+00:00,114.75,114.8125,114.703125,114.703125,45088.0
2023-05-02 12:00:00+00:00,114.625,114.796875,114.625,114.734375,84566.0
2023-05-02 13:00:00+00:00,114.8125,114.90625,114.59375,114.640625,139731.0
2023-05-02 14:00:00+00:00,115.640625,115.65625,114.796875,114.8125,412553.0
2023-05-02 15:00:00+00:00,115.609375,115.6875,115.46875,115.640625,195817.0
2023-05-02 16:00:00+00:00,115.59375,115.6875,115.546875,115.609375,84994.0
2023-05-02 17:00:00+00:00,115.515625,115.640625,115.484375,115.59375,73126.0
2023-05-02 18:00:00+00:00,115.578125,115.59375,115.46875,115.515625,86985.0
2023-05-02 19:00:00+00:00,115.640625,115.65625,115.5625,115.5625,92120.0
2023-05-02 20:00:00+00:00,115.625,115.671875,115.546875,115.640625,0.0
2023-05-02 22:00:00+00:00,115.625,115.65625,115.609375,115.609375,5488.0
2023-05-02 23:00:00+00:00,115.640625,115.640625,115.609375,115.625,2261.0
2023-05-03 00:00:00+00:00,115.640625,115.640625,115.59375,115.640625,5106.0
2023-05-03 01:00:00+00:00,115.578125,115.625,115.546875,115.625,7421.0
2023-05-03 02:00:00+00:00,115.59375,115.625,115.546875,115.578125,4433.0
2023-05-03 03:00:00+00:00,115.59375,115.625,115.59375,115.59375,1296.0
2023-05-03 04:00:00+00:00,115.578125,115.609375,115.5625,115.609375,2869.0
2023-05-03 05:00:00+00:00,115.578125,115.609375,115.546875,115.578125,6972.0
2023-05-03 06:00:00+00:00,115.765625,115.796875,115.546875,115.59375,41685.0
2023-05-03 07:00:00+00:00,115.78125,115.8125,115.671875,115.75,47838.0
2023-05-03 08:00:00+00:00,115.859375,115.953125,115.765625,115.796875,78163.0
2023-05-03 09:00:00+00:00,115.890625,115.890625,115.8125,115.859375,34193.0
2023-05-03 10:00:00+00:00,115.828125,115.90625,115.765625,115.890625,39414.0
2023-05-03 11:00:00+00:00,115.84375,115.84375,115.734375,115.8125,37916.0
2023-05-03 12:00:00+00:00,115.875,115.921875,115.671875,115.84375,166625.0
2023-05-03 13:00:00+00:00,115.875,115.984375,115.796875,115.875,130820.0
2023-05-03 14:00:00+00:00,116.015625,116.09375,115.84375,115.890625,151006.0
2023-05-03 15:00:00+00:00,115.984375,116.078125,115.953125,116.015625,87084.0
2023-05-03 16:00:00+00:00,115.984375,116.09375,115.953125,115.984375,57675.0
2023-05-03 17:00:00+00:00,116.046875,116.09375,115.953125,115.984375,62150.0
2023-05-03 18:00:00+00:00,115.90625,116.296875,115.828125,116.03125,190962.0
2023-05-03 19:00:00+00:00,116.328125,116.375,115.765625,115.90625,226795.0
2023-05-03 20:00:00+00:00,116.46875,116.484375,115.90625,116.328125,0.0
2023-05-03 22:00:00+00:00,116.578125,116.796875,116.5625,116.609375,34016.0
2023-05-03 23:00:00+00:00,116.515625,116.65625,116.515625,116.578125,24387.0
2023-05-04 00:00:00+00:00,116.5,116.578125,116.5,116.53125,13604.0
2023-05-04 01:00:00+00:00,116.390625,116.515625,116.375,116.515625,18923.0
2023-05-04 02:00:00+00:00,116.359375,116.390625,116.328125,116.390625,14661.0
2023-05-04 03:00:00+00:00,116.359375,116.390625,116.34375,116.375,3082.0
2023-05-04 04:00:00+00:00,116.34375,116.453125,116.34375,116.375,11297.0
2023-05-04 05:00:00+00:00,116.359375,116.375,116.328125,116.34375,9589.0
2023-05-04 06:00:00+00:00,116.25,116.375,116.21875,116.34375,40699.0
2023-05-04 07:00:00+00:00,116.28125,116.359375,116.15625,116.25,51730.0
2023-05-04 08:00:00+00:00,116.265625,116.296875,116.15625,116.23400115966797,45622.0
2023-05-04 09:00:00+00:00,116.203125,116.265625,116.171875,116.25,27020.0
2023-05-04 10:00:00+00:00,116.40625,116.421875,116.1875,116.18800354003906,53509.0
2023-05-04 11:00:00+00:00,116.40625,116.5,116.390625,116.40625,77813.0
2023-05-04 12:00:00+00:00,116.046875,116.515625,116.03125,116.390625,214797.0
2023-05-04 13:00:00+00:00,116.3125,116.46875,115.96875,116.03125,222206.0
2023-05-04 14:00:00+00:00,116.703125,116.75,116.21875,116.3125,374387.0
2023-05-04 15:00:00+00:00,116.796875,116.828125,116.5,116.71875,224864.0
2023-05-04 16:00:00+00:00,116.71875,117.0,116.703125,116.796875,196431.0
2023-05-04 17:00:00+00:00,116.484375,116.75,116.453125,116.71875,141285.0
2023-05-04 18:00:00+00:00,116.5625,116.609375,116.40625,116.484375,107834.0
2023-05-04 19:00:00+00:00,116.375,116.5625,116.375,116.5625,96301.0
2023-05-04 20:00:00+00:00,116.265625,116.453125,116.234375,116.390625,0.0
2023-05-04 22:00:00+00:00,116.28125,116.296875,116.234375,116.25,5292.0
2023-05-04 23:00:00+00:00,116.3125,116.328125,116.25,116.265625,6067.0
2023-05-05 00:00:00+00:00,116.328125,116.375,116.28125,116.328125,7254.0
2023-05-05 01:00:00+00:00,116.3125,116.34375,116.296875,116.328125,3626.0
2023-05-05 02:00:00+00:00,116.28125,116.328125,116.28125,116.328125,2172.0
2023-05-05 03:00:00+00:00,116.28125,116.328125,116.28125,116.296875,3884.0
2023-05-05 04:00:00+00:00,116.21875,116.3125,116.21875,116.28125,3941.0
2023-05-05 05:00:00+00:00,116.21875,116.28125,116.1875,116.21875,6920.0
2023-05-05 06:00:00+00:00,116.234375,116.3125,116.140625,116.21875,37555.0
2023-05-05 07:00:00+00:00,116.25,116.296875,116.203125,116.234375,42650.0
2023-05-05 08:00:00+00:00,116.140625,116.28125,116.125,116.265625,44190.0
2023-05-05 09:00:00+00:00,116.125,116.171875,116.09375,116.15625,26230.0
2023-05-05 10:00:00+00:00,116.09375,116.15625,116.0625,116.140625,29358.0
2023-05-05 11:00:00+00:00,116.09375,116.140625,116.0625,116.09375,48449.0
2023-05-05 12:00:00+00:00,115.671875,116.15625,115.421875,116.09375,325517.0
2023-05-05 13:00:00+00:00,115.75,115.90625,115.625,115.6875,161488.0
2023-05-05 14:00:00+00:00,115.765625,115.84375,115.71875,115.75,95887.0
2023-05-05 15:00:00+00:00,115.609375,115.75,115.5625,115.75,92020.0
2023-05-05 16:00:00+00:00,115.671875,115.71875,115.609375,115.609375,52032.0
2023-05-05 17:00:00+00:00,115.6875,115.703125,115.625,115.6875,39824.0
2023-05-05 18:00:00+00:00,115.703125,115.734375,115.671875,115.6875,70699.0
2023-05-05 19:00:00+00:00,115.796875,115.8125,115.703125,115.703125,59347.0
2023-05-05 20:00:00+00:00,115.765625,115.875,115.75,115.796875,31785.0
2023-05-07 22:00:00+00:00,115.703125,115.8125,115.6875,115.796875,9115.0
2023-05-07 23:00:00+00:00,115.703125,115.71875,115.640625,115.71875,6678.0
2023-05-08 00:00:00+00:00,115.765625,115.78125,115.6875,115.703125,8136.0
2023-05-08 01:00:00+00:00,115.78125,115.796875,115.75,115.765625,6008.0
2023-05-08 02:00:00+00:00,115.796875,115.8125,115.765625,115.78125,8147.0
2023-05-08 03:00:00+00:00,115.828125,115.859375,115.765625,115.796875,8871.0
2023-05-08 04:00:00+00:00,115.796875,115.84375,115.796875,115.828125,4375.0
2023-05-08 05:00:00+00:00,115.75,115.8125,115.75,115.796875,8265.0
2023-05-08 06:00:00+00:00,115.71875,115.796875,115.6875,115.765625,14044.0
2023-05-08 07:00:00+00:00,115.59375,115.734375,115.59375,115.71875,25781.0
2023-05-08 08:00:00+00:00,115.609375,115.609375,115.515625,115.578125,19236.0
2023-05-08 09:00:00+00:00,115.5625,115.609375,115.53125,115.609375,18813.0
2023-05-08 10:00:00+00:00,115.578125,115.609375,115.53125,115.578125,16279.0
2023-05-08 11:00:00+00:00,115.390625,115.578125,115.375,115.578125,58461.0
2023-05-08 12:00:00+00:00,115.3125,115.421875,115.296875,115.390625,86629.0
2023-05-08 13:00:00+00:00,115.375,115.390625,115.1875,115.3125,122010.0
2023-05-08 14:00:00+00:00,115.359375,115.421875,115.296875,115.375,115118.0
2023-05-08 15:00:00+00:00,115.390625,115.421875,115.34375,115.375,65389.0
2023-05-08 16:00:00+00:00,115.40625,115.453125,115.390625,115.40625,39314.0
2023-05-08 17:00:00+00:00,115.359375,115.421875,115.3125,115.40625,32210.0
2023-05-08 18:00:00+00:00,115.1875,115.359375,115.15625,115.359375,137892.0
2023-05-08 19:00:00+00:00,115.21875,115.265625,115.171875,115.1875,70917.0
2023-05-08 20:00:00+00:00,115.25,115.296875,115.1875,115.21875,42296.0
2023-05-08 22:00:00+00:00,115.25,115.265625,115.203125,115.21875,0.0
2023-05-08 23:00:00+00:00,115.21875,115.265625,115.21875,115.234375,2667.0
2023-05-09 00:00:00+00:00,115.234375,115.25,115.203125,115.21875,10849.0
2023-05-09 01:00:00+00:00,115.296875,115.3125,115.234375,115.234375,11838.0
2023-05-09 02:00:00+00:00,115.3125,115.3125,115.265625,115.28125,9010.0
2023-05-09 03:00:00+00:00,115.328125,115.359375,115.28125,115.296875,9954.0
2023-05-09 04:00:00+00:00,115.3125,115.34375,115.296875,115.328125,6587.0
2023-05-09 05:00:00+00:00,115.328125,115.34375,115.296875,115.296875,5595.0
2023-05-09 06:00:00+00:00,115.375,115.421875,115.328125,115.328125,33266.0
2023-05-09 07:00:00+00:00,115.40625,115.421875,115.28125,115.375,43675.0
2023-05-09 08:00:00+00:00,115.328125,115.40625,115.296875,115.40625,34748.0
2023-05-09 09:00:00+00:00,115.4375,115.453125,115.296875,115.3125,29396.0
2023-05-09 10:00:00+00:00,115.421875,115.484375,115.390625,115.421875,24206.0
2023-05-09 11:00:00+00:00,115.40625,115.453125,115.359375,115.4375,33069.0
2023-05-09 12:00:00+00:00,115.265625,115.421875,115.265625,115.40625,91787.0
2023-05-09 13:00:00+00:00,115.25,115.28125,115.15625,115.28125,115278.0
2023-05-09 14:00:00+00:00,115.234375,115.28125,115.15625,115.25,96425.0
2023-05-09 15:00:00+00:00,115.15625,115.265625,115.140625,115.234375,72431.0
2023-05-09 16:00:00+00:00,115.109375,115.203125,115.046875,115.171875,87179.0
2023-05-09 17:00:00+00:00,115.15625,115.203125,115.09375,115.09375,54437.0
2023-05-09 18:00:00+00:00,115.203125,115.203125,115.109375,115.140625,74818.0
2023-05-09 19:00:00+00:00,115.09375,115.203125,115.078125,115.203125,67762.0
2023-05-09 20:00:00+00:00,115.171875,115.1875,115.09375,115.109375,29626.0
2023-05-09 22:00:00+00:00,115.1875,115.203125,115.15625,115.171875,0.0
2023-05-09 23:00:00+00:00,115.1875,115.21875,115.171875,115.1875,7602.0
2023-05-10 00:00:00+00:00,115.234375,115.265625,115.171875,115.171875,9281.0
2023-05-10 01:00:00+00:00,115.25,115.265625,115.21875,115.234375,7189.0
2023-05-10 02:00:00+00:00,115.25,115.265625,115.234375,115.25,5370.0
2023-05-10 03:00:00+00:00,115.203125,115.25,115.1875,115.234375,4345.0
2023-05-10 04:00:00+00:00,115.171875,115.21875,115.15625,115.203125,5355.0
2023-05-10 05:00:00+00:00,115.15625,115.1875,115.125,115.171875,8689.0
2023-05-10 06:00:00+00:00,115.125,115.1875,115.09375,115.15625,22503.0
2023-05-10 07:00:00+00:00,115.171875,115.203125,115.078125,115.125,38195.0
2023-05-10 08:00:00+00:00,115.171875,115.234375,115.125,115.171875,39017.0
2023-05-10 09:00:00+00:00,115.234375,115.265625,115.15625,115.15625,31217.0
2023-05-10 10:00:00+00:00,115.25,115.296875,115.21875,115.234375,34297.0
2023-05-10 11:00:00+00:00,115.25,115.28125,115.21875,115.25,45863.0
2023-05-10 12:00:00+00:00,115.65625,115.78125,115.140625,115.265625,291051.0
2023-05-10 13:00:00+00:00,115.71875,115.8125,115.53125,115.671875,164581.0
2023-05-10 14:00:00+00:00,115.75,115.796875,115.5625,115.71875,146788.0
2023-05-10 15:00:00+00:00,115.71875,115.765625,115.640625,115.75,111072.0
2023-05-10 16:00:00+00:00,115.78125,115.796875,115.703125,115.71875,80362.0
2023-05-10 17:00:00+00:00,115.828125,115.96875,115.6875,115.765625,135334.0
2023-05-10 18:00:00+00:00,115.90625,115.921875,115.765625,115.8125,75832.0
2023-05-10 19:00:00+00:00,115.84375,115.90625,115.78125,115.890625,71351.0
2023-05-10 20:00:00+00:00,115.8125,115.890625,115.78125,115.859375,0.0
2023-05-10 22:00:00+00:00,115.859375,115.859375,115.796875,115.796875,4075.0
2023-05-10 23:00:00+00:00,115.8125,115.859375,115.78125,115.84375,7615.0
2023-05-11 00:00:00+00:00,115.828125,115.890625,115.796875,115.8125,11512.0
2023-05-11 01:00:00+00:00,115.875,115.90625,115.8125,115.828125,13195.0
2023-05-11 02:00:00+00:00,115.859375,115.890625,115.84375,115.875,8330.0
2023-05-11 03:00:00+00:00,115.78125,115.859375,115.765625,115.859375,5188.0
2023-05-11 04:00:00+00:00,115.796875,115.796875,115.75,115.796875,7203.0
2023-05-11 05:00:00+00:00,115.78125,115.84375,115.765625,115.78125,10501.0
2023-05-11 06:00:00+00:00,115.9375,115.984375,115.78125,115.78125,48708.0
2023-05-11 07:00:00+00:00,115.90625,115.953125,115.859375,115.9375,34445.0
2023-05-11 08:00:00+00:00,115.8125,115.921875,115.78125,115.90625,34881.0
2023-05-11 09:00:00+00:00,115.875,115.875,115.765625,115.828125,24487.0
2023-05-11 10:00:00+00:00,115.90625,115.96875,115.859375,115.875,39687.0
2023-05-11 11:00:00+00:00,116.125,116.171875,115.84375,115.90625,101488.0
2023-05-11 12:00:00+00:00,116.40625,116.4375,115.90625,116.125,285291.0
2023-05-11 13:00:00+00:00,116.34375,116.5,116.328125,116.40625,192050.0
2023-05-11 14:00:00+00:00,116.28125,116.40625,116.234375,116.359375,198013.0
2023-05-11 15:00:00+00:00,116.140625,116.28125,116.125,116.265625,153679.0
2023-05-11 16:00:00+00:00,116.15625,116.265625,116.140625,116.15625,90437.0
2023-05-11 17:00:00+00:00,116.203125,116.265625,116.140625,116.140625,86261.0
2023-05-11 18:00:00+00:00,116.046875,116.21875,116.0,116.1875,145161.0
2023-05-11 19:00:00+00:00,116.078125,116.109375,116.015625,116.0625,72471.0
2023-05-11 20:00:00+00:00,116.0625,116.140625,116.0625,116.078125,45816.0
2023-05-11 22:00:00+00:00,116.109375,116.109375,116.046875,116.078125,0.0
2023-05-11 23:00:00+00:00,116.109375,116.140625,116.078125,116.109375,3784.0
2023-05-12 00:00:00+00:00,116.140625,116.203125,116.09375,116.109375,9977.0
2023-05-12 01:00:00+00:00,116.171875,116.203125,116.140625,116.15625,9482.0
2023-05-12 02:00:00+00:00,116.125,116.1875,116.109375,116.1875,10783.0
2023-05-12 03:00:00+00:00,116.1875,116.203125,116.109375,116.125,9445.0
2023-05-12 04:00:00+00:00,116.203125,116.21875,116.171875,116.1875,4737.0
2023-05-12 05:00:00+00:00,116.09375,116.203125,116.09375,116.203125,7165.0
2023-05-12 06:00:00+00:00,115.96875,116.140625,115.9375,116.078125,47377.0
2023-05-12 07:00:00+00:00,116.015625,116.03125,115.9375,115.984375,48228.0
2023-05-12 08:00:00+00:00,115.890625,116.046875,115.875,116.015625,40587.0
2023-05-12 09:00:00+00:00,115.921875,115.984375,115.890625,115.90625,30659.0
2023-05-12 10:00:00+00:00,115.96875,115.96875,115.90625,115.9375,18398.0
2023-05-12 11:00:00+00:00,115.828125,115.96875,115.8125,115.96875,37930.0
2023-05-12 12:00:00+00:00,115.890625,115.9375,115.796875,115.828125,73032.0
2023-05-12 13:00:00+00:00,116.015625,116.0625,115.890625,115.890625,88799.0
2023-05-12 14:00:00+00:00,115.65625,116.0,115.578125,116.0,242135.0
2023-05-12 15:00:00+00:00,115.546875,115.71875,115.53125,115.671875,100371.0
2023-05-12 16:00:00+00:00,115.578125,115.59375,115.5,115.546875,71864.0
2023-05-12 17:00:00+00:00,115.546875,115.625,115.515625,115.578125,52166.0
2023-05-12 18:00:00+00:00,115.4375,115.578125,115.421875,115.546875,76763.0
2023-05-12 19:00:00+00:00,115.453125,115.484375,115.421875,115.4375,77071.0
2023-05-12 20:00:00+00:00,115.40625,115.46875,115.40599822998047,115.453125,42102.0
2023-05-14 22:00:00+00:00,115.40625,115.421875,115.34375,115.390625,4949.0
2023-05-14 23:00:00+00:00,115.4375,115.453125,115.40625,115.40625,4997.0
2023-05-15 00:00:00+00:00,115.4375,115.4375,115.375,115.4375,8190.0
2023-05-15 01:00:00+00:00,115.4375,115.46875,115.40625,115.4375,10951.0
2023-05-15 02:00:00+00:00,115.4375,115.46875,115.421875,115.453125,7892.0
2023-05-15 03:00:00+00:00,115.421875,115.453125,115.40625,115.4375,2850.0
2023-05-15 04:00:00+00:00,115.40625,115.421875,115.390625,115.421875,2267.0
2023-05-15 05:00:00+00:00,115.296875,115.421875,115.28125,115.40625,15063.0
2023-05-15 06:00:00+00:00,115.328125,115.328125,115.265625,115.296875,31695.0
2023-05-15 07:00:00+00:00,115.296875,115.421875,115.265625,115.328125,37110.0
2023-05-15 08:00:00+00:00,115.40625,115.40625,115.265625,115.296875,27401.0
2023-05-15 09:00:00+00:00,115.328125,115.421875,115.28125,115.40625,22052.0
2023-05-15 10:00:00+00:00,115.3125,115.328125,115.265625,115.328125,19048.0
2023-05-15 11:00:00+00:00,115.28125,115.328125,115.234375,115.3125,55006.0
2023-05-15 12:00:00+00:00,115.328125,115.484375,115.15625,115.28125,187478.0
2023-05-15 13:00:00+00:00,115.234375,115.34375,115.15625,115.34375,128164.0
2023-05-15 14:00:00+00:00,115.25,115.265625,115.15625,115.234375,109370.0
2023-05-15 15:00:00+00:00,115.203125,115.296875,115.1875,115.25,59982.0
2023-05-15 16:00:00+00:00,115.21875,115.25,115.171875,115.203125,46061.0
2023-05-15 17:00:00+00:00,115.234375,115.265625,115.15625,115.234375,51166.0
2023-05-15 18:00:00+00:00,115.234375,115.265625,115.203125,115.234375,84195.0
2023-05-15 19:00:00+00:00,115.296875,115.3125,115.203125,115.21875,83562.0
2023-05-15 20:00:00+00:00,115.21875,115.3125,115.203125,115.296875,46095.0
2023-05-15 22:00:00+00:00,115.234375,115.25,115.203125,115.21875,0.0
2023-05-15 23:00:00+00:00,115.234375,115.234375,115.203125,115.21875,1945.0
2023-05-16 00:00:00+00:00,115.28125,115.28125,115.21875,115.21875,9022.0
2023-05-16 01:00:00+00:00,115.3125,115.34375,115.265625,115.265625,13253.0
2023-05-16 02:00:00+00:00,115.359375,115.375,115.328125,115.328125,12724.0
2023-05-16 03:00:00+00:00,115.375,115.390625,115.359375,115.359375,5380.0
2023-05-16 04:00:00+00:00,115.359375,115.390625,115.359375,115.390625,4276.0
2023-05-16 05:00:00+00:00,115.4375,115.4375,115.328125,115.375,15195.0
2023-05-16 06:00:00+00:00,115.5,115.5,115.40625,115.4375,42931.0
2023-05-16 07:00:00+00:00,115.53125,115.578125,115.421875,115.5,54707.0
2023-05-16 08:00:00+00:00,115.453125,115.546875,115.40625,115.515625,26108.0
2023-05-16 09:00:00+00:00,115.484375,115.546875,115.40625,115.453125,27778.0
2023-05-16 10:00:00+00:00,115.484375,115.546875,115.46875,115.5,30611.0
2023-05-16 11:00:00+00:00,115.40625,115.53125,115.390625,115.484375,51215.0
2023-05-16 12:00:00+00:00,115.046875,115.421875,115.015625,115.40625,287552.0
2023-05-16 13:00:00+00:00,114.9375,115.09375,114.921875,115.046875,318068.0
2023-05-16 14:00:00+00:00,114.9375,114.984375,114.859375,114.9375,222786.0
2023-05-16 15:00:00+00:00,114.796875,114.9375,114.71875,114.921875,183028.0
2023-05-16 16:00:00+00:00,114.859375,114.890625,114.75,114.796875,74967.0
2023-05-16 17:00:00+00:00,114.90625,114.953125,114.828125,114.84375,62884.0
2023-05-16 18:00:00+00:00,114.90625,114.96875,114.875,114.90625,83301.0
2023-05-16 19:00:00+00:00,115.0,115.0,114.90625,114.921875,74571.0
2023-05-16 20:00:00+00:00,114.9375,115.0625,114.890625,115.0,110893.0
2023-05-16 22:00:00+00:00,114.953125,114.953125,114.890625,114.921875,0.0
2023-05-16 23:00:00+00:00,114.90625,114.953125,114.875,114.9375,6646.0
2023-05-17 00:00:00+00:00,115.03125,115.046875,114.890625,114.890625,21143.0
2023-05-17 01:00:00+00:00,115.03125,115.03125,114.984375,115.015625,11086.0
2023-05-17 02:00:00+00:00,114.984375,115.03125,114.96875,115.015625,6377.0
2023-05-17 03:00:00+00:00,115.015625,115.046875,114.984375,114.984375,7773.0
2023-05-17 04:00:00+00:00,115.046875,115.0625,115.015625,115.015625,7782.0
2023-05-17 05:00:00+00:00,115.015625,115.078125,115.015625,115.046875,10053.0
2023-05-17 06:00:00+00:00,114.984375,115.0625,114.921875,114.984375,32548.0
2023-05-17 07:00:00+00:00,114.96875,115.046875,114.890625,114.984375,36260.0
2023-05-17 08:00:00+00:00,114.890625,115.015625,114.875,114.96875,42255.0
2023-05-17 09:00:00+00:00,115.046875,115.0625,114.875,114.90625,32441.0
2023-05-17 10:00:00+00:00,114.96875,115.0625,114.9375,115.03125,20459.0
2023-05-17 11:00:00+00:00,115.078125,115.078125,114.9375,114.953125,34102.0
2023-05-17 12:00:00+00:00,114.984375,115.078125,114.921875,115.0625,118574.0
2023-05-17 13:00:00+00:00,114.8125,115.09375,114.78125,114.984375,203858.0
2023-05-17 14:00:00+00:00,114.78125,114.90625,114.734375,114.8125,152211.0
2023-05-17 15:00:00+00:00,114.6875,114.796875,114.609375,114.78125,150926.0
2023-05-17 16:00:00+00:00,114.65625,114.703125,114.609375,114.671875,91835.0
2023-05-17 17:00:00+00:00,114.53125,114.6875,114.515625,114.65625,127008.0
2023-05-17 18:00:00+00:00,114.578125,114.59375,114.484375,114.53125,109401.0
2023-05-17 19:00:00+00:00,114.59375,114.65625,114.546875,114.5625,89448.0
2023-05-17 20:00:00+00:00,114.609375,114.640625,114.546875,114.59375,41389.0
2023-05-17 22:00:00+00:00,114.625,114.65625,114.609375,114.625,0.0
2023-05-17 23:00:00+00:00,114.640625,114.65625,114.625,114.625,4666.0
2023-05-18 00:00:00+00:00,114.65625,114.671875,114.59375,114.640625,11104.0
2023-05-18 01:00:00+00:00,114.703125,114.75,114.625,114.65625,28996.0
2023-05-18 02:00:00+00:00,114.671875,114.734375,114.671875,114.703125,8458.0
2023-05-18 03:00:00+00:00,114.65625,114.703125,114.640625,114.671875,11885.0
2023-05-18 04:00:00+00:00,114.625,114.671875,114.625,114.671875,4233.0
2023-05-18 05:00:00+00:00,114.625,114.625,114.59375,114.625,12827.0
2023-05-18 06:00:00+00:00,114.546875,114.625,114.53125,114.609375,29774.0
2023-05-18 07:00:00+00:00,114.515625,114.578125,114.484375,114.546875,57333.0
2023-05-18 08:00:00+00:00,114.46875,114.53125,114.40625,114.515625,54835.0
2023-05-18 09:00:00+00:00,114.484375,114.5,114.40625,114.453125,30904.0
2023-05-18 10:00:00+00:00,114.421875,114.53125,114.40625,114.484375,35144.0
2023-05-18 11:00:00+00:00,114.390625,114.4375,114.359375,114.40625,51531.0
2023-05-18 12:00:00+00:00,114.109375,114.421875,114.046875,114.375,235839.0
2023-05-18 13:00:00+00:00,114.09375,114.234375,114.046875,114.109375,180920.0
2023-05-18 14:00:00+00:00,114.078125,114.171875,114.015625,114.09375,265654.0
2023-05-18 15:00:00+00:00,114.09375,114.125,114.0,114.046875,140883.0
2023-05-18 16:00:00+00:00,114.046875,114.140625,114.015625,114.09375,107002.0
2023-05-18 17:00:00+00:00,114.046875,114.0625,113.953125,114.03125,145643.0
2023-05-18 18:00:00+00:00,113.921875,114.046875,113.890625,114.03125,95213.0
2023-05-18 19:00:00+00:00,113.921875,113.984375,113.859375,113.921875,90218.0
2023-05-18 20:00:00+00:00,113.984375,114.0,113.90625,113.921875,54192.0
2023-05-18 22:00:00+00:00,114.0,114.046875,113.984375,114.0,0.0
2023-05-18 23:00:00+00:00,113.96875,114.015625,113.953125,114.015625,7371.0
2023-05-19 00:00:00+00:00,113.9375,114.03125,113.9375,113.96875,18563.0
2023-05-19 01:00:00+00:00,114.0,114.03125,113.9375,113.9375,13461.0
2023-05-19 02:00:00+00:00,113.984375,114.03125,113.953125,114.0,11340.0
2023-05-19 03:00:00+00:00,114.015625,114.03125,113.953125,113.96875,10500.0
2023-05-19 04:00:00+00:00,114.0,114.03125,113.984375,114.015625,7004.0
2023-05-19 05:00:00+00:00,114.03125,114.046875,113.953125,114.0,7883.0
2023-05-19 06:00:00+00:00,114.03125,114.0625,113.96875,114.046875,45902.0
2023-05-19 07:00:00+00:00,114.125,114.15625,114.0,114.015625,44852.0
2023-05-19 08:00:00+00:00,114.046875,114.140625,114.03125,114.125,32217.0
2023-05-19 09:00:00+00:00,114.046875,114.125,114.03125,114.046875,35700.0
2023-05-19 10:00:00+00:00,113.921875,114.046875,113.890625,114.03125,68667.0
2023-05-19 11:00:00+00:00,113.828125,113.9375,113.765625,113.90625,71340.0
2023-05-19 12:00:00+00:00,113.59375,113.84375,113.5625,113.8125,158017.0
2023-05-19 13:00:00+00:00,113.453125,113.625,113.34375,113.578125,294184.0
2023-05-19 14:00:00+00:00,113.4375,113.5,113.390625,113.453125,164314.0
2023-05-19 15:00:00+00:00,113.84375,114.046875,113.390625,113.421875,522141.0
2023-05-19 16:00:00+00:00,113.765625,113.90625,113.6875,113.84375,120857.0
2023-05-19 17:00:00+00:00,113.75,113.796875,113.703125,113.765625,61990.0
2023-05-19 18:00:00+00:00,113.5625,113.765625,113.546875,113.75,90319.0
2023-05-19 19:00:00+00:00,113.484375,113.59375,113.453125,113.5625,99636.0
2023-05-19 20:00:00+00:00,113.640625,113.65625,113.46875,113.484375,68854.0
2023-05-21 22:00:00+00:00,113.765625,113.78125,113.625,113.71875,10676.0
2023-05-21 23:00:00+00:00,113.734375,113.796875,113.734375,113.765625,8462.0
2023-05-22 00:00:00+00:00,113.765625,113.78125,113.703125,113.75,15296.0
2023-05-22 01:00:00+00:00,113.84375,113.859375,113.765625,113.765625,22030.0
2023-05-22 02:00:00+00:00,113.859375,113.859375,113.8125,113.859375,12676.0
2023-05-22 03:00:00+00:00,113.859375,113.859375,113.828125,113.84375,18652.0
2023-05-22 04:00:00+00:00,113.828125,113.875,113.828125,113.84375,3112.0
2023-05-22 05:00:00+00:00,113.765625,113.84375,113.734375,113.828125,18264.0
2023-05-22 06:00:00+00:00,113.8125,113.8125,113.71875,113.765625,26366.0
2023-05-22 07:00:00+00:00,113.921875,113.9375,113.765625,113.8125,44211.0
2023-05-22 08:00:00+00:00,113.875,113.921875,113.796875,113.921875,37599.0
2023-05-22 09:00:00+00:00,113.796875,113.90625,113.765625,113.859375,43543.0
2023-05-22 10:00:00+00:00,113.78125,113.8125,113.75,113.8125,20967.0
2023-05-22 11:00:00+00:00,113.671875,113.8125,113.640625,113.78125,79651.0
2023-05-22 12:00:00+00:00,113.46875,113.671875,113.453125,113.671875,198640.0
2023-05-22 13:00:00+00:00,113.46875,113.5625,113.4375,113.453125,120746.0
2023-05-22 14:00:00+00:00,113.40625,113.78125,113.390625,113.46875,368130.0
2023-05-22 15:00:00+00:00,113.359375,113.453125,113.34375,113.40625,117659.0
2023-05-22 16:00:00+00:00,113.46875,113.484375,113.328125,113.359375,97795.0
2023-05-22 17:00:00+00:00,113.546875,113.578125,113.4375,113.453125,108686.0
2023-05-22 18:00:00+00:00,113.46875,113.5625,113.421875,113.546875,184669.0
2023-05-22 19:00:00+00:00,113.421875,113.484375,113.390625,113.453125,87688.0
2023-05-22 20:00:00+00:00,113.453125,113.484375,113.40625,113.421875,33760.0
2023-05-22 22:00:00+00:00,113.453125,113.5,113.4375,113.4375,0.0
2023-05-22 23:00:00+00:00,113.46875,113.5,113.4375,113.46875,25740.0
2023-05-23 00:00:00+00:00,113.46875,113.53125,113.453125,113.46875,13631.0
2023-05-23 01:00:00+00:00,113.421875,113.515625,113.421875,113.46875,23464.0
2023-05-23 02:00:00+00:00,113.484375,113.484375,113.40625,113.421875,16757.0
2023-05-23 03:00:00+00:00,113.484375,113.5,113.453125,113.46875,8626.0
2023-05-23 04:00:00+00:00,113.484375,113.484375,113.453125,113.484375,7897.0
2023-05-23 05:00:00+00:00,113.421875,113.484375,113.390625,113.484375,20181.0
2023-05-23 06:00:00+00:00,113.40625,113.4375,113.375,113.421875,35456.0
2023-05-23 07:00:00+00:00,113.40625,113.46875,113.34375,113.390625,78036.0
2023-05-23 08:00:00+00:00,113.40625,113.46875,113.328125,113.390625,66863.0
2023-05-23 09:00:00+00:00,113.3125,113.421875,113.28125,113.390625,59838.0
2023-05-23 10:00:00+00:00,113.203125,113.3125,113.140625,113.296875,103828.0
2023-05-23 11:00:00+00:00,113.25,113.265625,113.171875,113.203125,70364.0
2023-05-23 12:00:00+00:00,113.203125,113.265625,113.125,113.25,195428.0
2023-05-23 13:00:00+00:00,113.28125,113.390625,113.1875,113.203125,364543.0
2023-05-23 14:00:00+00:00,113.390625,113.484375,113.25,113.28125,253078.0
2023-05-23 15:00:00+00:00,113.34375,113.4375,113.28125,113.390625,155018.0
2023-05-23 16:00:00+00:00,113.4375,113.5,113.28125,113.328125,311118.0
2023-05-23 17:00:00+00:00,113.484375,113.5625,113.40625,113.453125,436440.0
2023-05-23 18:00:00+00:00,113.625,113.6875,113.4375,113.484375,294688.0
2023-05-23 19:00:00+00:00,113.578125,113.625,113.515625,113.625,136139.0
2023-05-23 20:00:00+00:00,113.625,113.65625,113.5625,113.578125,0.0
2023-05-23 22:00:00+00:00,113.609375,113.6875,113.578125,113.671875,6957.0
2023-05-23 23:00:00+00:00,113.59375,113.609375,113.53125,113.609375,12941.0
2023-05-24 00:00:00+00:00,113.671875,113.6875,113.59375,113.59375,16654.0
2023-05-24 01:00:00+00:00,113.6875,113.71875,113.625,113.65625,15696.0
2023-05-24 02:00:00+00:00,113.703125,113.734375,113.6875,113.6875,12989.0
2023-05-24 03:00:00+00:00,113.734375,113.734375,113.6875,113.703125,7199.0
2023-05-24 04:00:00+00:00,113.71875,113.734375,113.6875,113.71875,17521.0
2023-05-24 05:00:00+00:00,113.703125,113.734375,113.6875,113.703125,7723.0
2023-05-24 06:00:00+00:00,113.453125,113.703125,113.4375,113.703125,92932.0
2023-05-24 07:00:00+00:00,113.5625,113.625,113.40625,113.4375,206129.0
2023-05-24 08:00:00+00:00,113.65625,113.671875,113.546875,113.5625,147362.0
2023-05-24 09:00:00+00:00,113.65625,113.6875,113.609375,113.65625,141744.0
2023-05-24 10:00:00+00:00,113.703125,113.71875,113.59375,113.640625,108678.0
2023-05-24 11:00:00+00:00,113.75,113.765625,113.65625,113.71875,103869.0
2023-05-24 12:00:00+00:00,113.65625,113.78125,113.5625,113.75,363568.0
2023-05-24 13:00:00+00:00,113.5625,113.6875,113.546875,113.640625,570058.0
2023-05-24 14:00:00+00:00,113.546875,113.609375,113.484375,113.5625,381551.0
2023-05-24 15:00:00+00:00,113.375,113.578125,113.328125,113.546875,424515.0
2023-05-24 16:00:00+00:00,113.328125,113.390625,113.203125,113.375,271765.0
2023-05-24 17:00:00+00:00,113.375,113.421875,113.28125,113.328125,468056.0
2023-05-24 18:00:00+00:00,113.421875,113.5625,113.34375,113.375,509194.0
2023-05-24 19:00:00+00:00,113.265625,113.4375,113.265625,113.4375,331801.0
2023-05-24 20:00:00+00:00,113.1875,113.296875,113.1875,113.265625,78585.0
2023-05-24 22:00:00+00:00,113.28125,113.390625,113.1875,113.203125,0.0
2023-05-24 23:00:00+00:00,113.234375,113.296875,113.21875,113.28125,6204.0
2023-05-25 00:00:00+00:00,113.25,113.296875,113.21875,113.21875,11092.0
2023-05-25 01:00:00+00:00,113.140625,113.265625,113.09375,113.25,66013.0
2023-05-25 02:00:00+00:00,113.140625,113.171875,113.09375,113.140625,20938.0
2023-05-25 03:00:00+00:00,113.125,113.140625,113.09375,113.125,11062.0
2023-05-25 04:00:00+00:00,113.140625,113.15625,113.09375,113.109375,10635.0
2023-05-25 05:00:00+00:00,113.125,113.15625,113.125,113.140625,8328.0
2023-05-25 06:00:00+00:00,113.125,113.203125,113.109375,113.125,51491.0
2023-05-25 07:00:00+00:00,113.203125,113.234375,113.09375,113.125,80404.0
2023-05-25 08:00:00+00:00,113.125,113.21875,113.09375,113.1875,80010.0
2023-05-25 09:00:00+00:00,113.046875,113.140625,113.0,113.125,71865.0
2023-05-25 10:00:00+00:00,113.046875,113.109375,113.015625,113.046875,106613.0
2023-05-25 11:00:00+00:00,113.125,113.125,112.9375,113.046875,139058.0
2023-05-25 12:00:00+00:00,112.8125,113.25,112.6875,113.125,650054.0
2023-05-25 13:00:00+00:00,112.859375,113.140625,112.734375,112.8125,446821.0
2023-05-25 14:00:00+00:00,112.875,113.03125,112.828125,112.875,305443.0
2023-05-25 15:00:00+00:00,112.828125,112.9375,112.75,112.875,280300.0
2023-05-25 16:00:00+00:00,112.75,112.84375,112.703125,112.828125,462435.0
2023-05-25 17:00:00+00:00,112.765625,112.8125,112.703125,112.75,155779.0
2023-05-25 18:00:00+00:00,112.609375,112.765625,112.609375,112.765625,243420.0
2023-05-25 19:00:00+00:00,112.5625,112.625,112.515625,112.609375,348454.0
2023-05-25 20:00:00+00:00,112.546875,112.59375,112.515625,112.5625,0.0
2023-05-25 22:00:00+00:00,112.59375,112.609375,112.546875,112.578125,11933.0
2023-05-25 23:00:00+00:00,112.546875,112.59375,112.515625,112.59375,7633.0
2023-05-26 00:00:00+00:00,112.5,112.578125,112.5,112.546875,15321.0
2023-05-26 01:00:00+00:00,112.59375,112.625,112.484375,112.5,18830.0
2023-05-26 02:00:00+00:00,112.625,112.640625,112.578125,112.59375,9258.0
2023-05-26 03:00:00+00:00,112.625,112.625,112.59375,112.625,11126.0
2023-05-26 04:00:00+00:00,112.625,112.65625,112.609375,112.625,7544.0
2023-05-26 05:00:00+00:00,112.640625,112.671875,112.625,112.625,10016.0
2023-05-26 06:00:00+00:00,112.671875,112.6875,112.59375,112.625,31218.0
2023-05-26 07:00:00+00:00,112.796875,112.796875,112.5625,112.6875,71464.0
2023-05-26 08:00:00+00:00,112.75,112.8125,112.703125,112.78125,80496.0
2023-05-26 09:00:00+00:00,112.8125,112.84375,112.71875,112.75,50195.0
2023-05-26 10:00:00+00:00,112.8125,112.828125,112.75,112.8125,34498.0
2023-05-26 11:00:00+00:00,112.734375,112.828125,112.71875,112.8125,88621.0
2023-05-26 12:00:00+00:00,112.46875,112.90625,112.296875,112.75,378895.0
2023-05-26 13:00:00+00:00,112.359375,112.484375,112.328125,112.46875,241072.0
2023-05-26 14:00:00+00:00,112.34375,112.671875,112.3125,112.359375,239433.0
2023-05-26 15:00:00+00:00,112.3125,112.359375,112.171875,112.34375,188867.0
2023-05-26 16:00:00+00:00,112.421875,112.421875,112.28125,112.3125,194240.0
2023-05-26 17:00:00+00:00,112.515625,112.515625,112.40625,112.421875,166991.0
2023-05-26 18:00:00+00:00,112.484375,112.53125,112.46875,112.5,68766.0
2023-05-26 19:00:00+00:00,112.5625,112.578125,112.46875,112.46875,59621.0
2023-05-26 20:00:00+00:00,112.484375,112.578125,112.48400115966797,112.578125,33814.0
2023-05-28 22:00:00+00:00,112.34375,112.390625,112.109375,112.375,18168.0
2023-05-28 23:00:00+00:00,112.296875,112.359375,112.296875,112.34375,4125.0
2023-05-29 00:00:00+00:00,112.328125,112.359375,112.25,112.296875,7160.0
2023-05-29 01:00:00+00:00,112.390625,112.390625,112.328125,112.34375,5246.0
2023-05-29 02:00:00+00:00,112.359375,112.40625,112.359375,112.390625,9518.0
2023-05-29 03:00:00+00:00,112.3125,112.375,112.3125,112.375,8819.0
2023-05-30 04:00:00+00:00,112.6875,113.5625,112.65625,113.546875,0.0
2023-05-30 05:00:00+00:00,112.625,113.53125,112.625,113.53125,132449.0
2023-05-30 06:00:00+00:00,113.5,113.5625,112.59375,113.453125,45694.0
2023-05-30 07:00:00+00:00,113.734375,113.765625,112.65625,113.515625,97901.0
2023-05-30 08:00:00+00:00,113.671875,113.734375,112.796875,113.71875,40551.0
2023-05-30 09:00:00+00:00,113.796875,113.875,112.78125,113.65625,58440.0
2023-05-30 10:00:00+00:00,113.015625,113.875,112.921875,113.78125,0.0
2023-05-30 11:00:00+00:00,113.921875,113.921875,112.9375,113.015625,348680.0
2023-05-30 12:00:00+00:00,113.765625,114.0,112.890625,113.921875,188376.0
2023-05-30 13:00:00+00:00,113.703125,113.765625,112.765625,113.765625,188241.0
2023-05-30 14:00:00+00:00,113.90625,113.921875,113.65625,113.703125,165304.0
2023-05-30 15:00:00+00:00,114.0,114.046875,113.890625,113.890625,144385.0
2023-05-30 16:00:00+00:00,113.9375,114.046875,113.9375,113.984375,93994.0
2023-05-30 17:00:00+00:00,114.09375,114.109375,113.9375,113.9375,92460.0
2023-05-30 18:00:00+00:00,114.046875,114.109375,113.984375,114.078125,112740.0
2023-05-30 19:00:00+00:00,114.15625,114.1875,114.015625,114.03125,104687.0
2023-05-30 20:00:00+00:00,114.09375,114.171875,114.03125,114.15625,65789.0
2023-05-30 22:00:00+00:00,114.03125,114.0625,114.0,114.03125,0.0
2023-05-30 23:00:00+00:00,114.0625,114.078125,114.015625,114.03125,5627.0
2023-05-31 00:00:00+00:00,114.09375,114.125,114.046875,114.0625,10130.0
2023-05-31 01:00:00+00:00,114.15625,114.21875,114.078125,114.09375,26143.0
2023-05-31 02:00:00+00:00,114.15625,114.171875,114.125,114.140625,7185.0
2023-05-31 03:00:00+00:00,114.171875,114.203125,114.140625,114.15625,8167.0
2023-05-31 04:00:00+00:00,114.171875,114.1875,114.140625,114.1875,6512.0
2023-05-31 05:00:00+00:00,114.28125,114.359375,114.171875,114.171875,52950.0
2023-05-31 06:00:00+00:00,114.359375,114.453125,114.28125,114.28125,58686.0
2023-05-31 07:00:00+00:00,114.28125,114.359375,114.25,114.359375,58211.0
2023-05-31 08:00:00+00:00,114.296875,114.375,114.25,114.296875,47324.0
2023-05-31 09:00:00+00:00,114.359375,114.375,114.234375,114.296875,43864.0
2023-05-31 10:00:00+00:00,114.34375,114.40625,114.328125,114.34375,32282.0
2023-05-31 11:00:00+00:00,114.421875,114.421875,114.34375,114.34375,47198.0
2023-05-31 12:00:00+00:00,114.234375,114.453125,114.1875,114.421875,155911.0
2023-05-31 13:00:00+00:00,114.4375,114.46875,114.171875,114.21875,211537.0
2023-05-31 14:00:00+00:00,114.359375,114.4375,114.0625,114.4375,369186.0
2023-05-31 15:00:00+00:00,114.28125,114.375,114.265625,114.359375,110799.0
2023-05-31 16:00:00+00:00,114.359375,114.375,114.1875,114.25,79882.0
2023-05-31 17:00:00+00:00,114.4375,114.484375,114.3125,114.34375,131662.0
2023-05-31 18:00:00+00:00,114.484375,114.53125,114.421875,114.4375,181772.0
2023-05-31 19:00:00+00:00,114.4375,114.625,114.40625,114.484375,373513.0
2023-05-31 20:00:00+00:00,114.375,114.484375,114.359375,114.4375,0.0
2023-05-31 22:00:00+00:00,114.40625,114.421875,114.375,114.375,8904.0
2023-05-31 23:00:00+00:00,114.421875,114.453125,114.390625,114.390625,7857.0
2023-06-01 00:00:00+00:00,114.453125,114.5,114.421875,114.421875,14302.0
2023-06-01 01:00:00+00:00,114.28125,114.453125,114.25,114.4375,37882.0
2023-06-01 02:00:00+00:00,114.1875,114.296875,114.171875,114.28125,24354.0
2023-06-01 03:00:00+00:00,114.171875,114.234375,114.140625,114.1875,16908.0
2023-06-01 04:00:00+00:00,114.203125,114.203125,114.140625,114.171875,10477.0
2023-06-01 05:00:00+00:00,114.1875,114.203125,114.140625,114.203125,8753.0
2023-06-01 06:00:00+00:00,114.203125,114.234375,114.171875,114.1875,17628.0
2023-06-01 07:00:00+00:00,114.09375,114.171875,114.03125,114.15625,77610.0
2023-06-01 08:00:00+00:00,114.125,114.15625,114.0625,114.09400177001953,49690.0
2023-06-01 09:00:00+00:00,114.125,114.1875,114.09375,114.140625,25902.0
2023-06-01 10:00:00+00:00,114.21875,114.21875,114.109375,114.125,30111.0
2023-06-01 11:00:00+00:00,114.390625,114.40625,114.21875,114.21875,61118.0
2023-06-01 12:00:00+00:00,114.734375,114.75,114.15625,114.390625,284036.0
2023-06-01 13:00:00+00:00,114.78125,114.84375,114.671875,114.734375,178893.0
2023-06-01 14:00:00+00:00,114.6875,115.0,114.640625,114.796875,258804.0
2023-06-01 15:00:00+00:00,114.734375,114.765625,114.640625,114.703125,96266.0
2023-06-01 16:00:00+00:00,114.65625,114.75,114.640625,114.734375,68277.0
2023-06-01 17:00:00+00:00,114.71875,114.75,114.625,114.640625,63812.0
2023-06-01 18:00:00+00:00,114.734375,114.796875,114.703125,114.703125,77648.0
2023-06-01 19:00:00+00:00,114.734375,114.796875,114.6875,114.734375,67811.0
2023-06-01 20:00:00+00:00,114.75,114.78125,114.71875,114.75,43751.0
2023-06-01 22:00:00+00:00,114.75,114.765625,114.71875,114.765625,0.0
2023-06-01 23:00:00+00:00,114.71875,114.75,114.703125,114.75,3376.0
2023-06-02 00:00:00+00:00,114.71875,114.734375,114.6875,114.734375,7942.0
2023-06-02 01:00:00+00:00,114.640625,114.734375,114.625,114.71875,14589.0
2023-06-02 02:00:00+00:00,114.65625,114.671875,114.640625,114.65625,10806.0
2023-06-02 03:00:00+00:00,114.640625,114.6875,114.640625,114.65625,8865.0
2023-06-02 04:00:00+00:00,114.640625,114.671875,114.640625,114.640625,7067.0
2023-06-02 05:00:00+00:00,114.625,114.65625,114.609375,114.640625,14727.0
2023-06-02 06:00:00+00:00,114.6875,114.6875,114.609375,114.625,22678.0
2023-06-02 07:00:00+00:00,114.671875,114.71875,114.640625,114.671875,37245.0
2023-06-02 08:00:00+00:00,114.671875,114.71875,114.640625,114.671875,23145.0
2023-06-02 09:00:00+00:00,114.6875,114.703125,114.625,114.6875,24579.0
2023-06-02 10:00:00+00:00,114.65625,114.6875,114.625,114.671875,19646.0
2023-06-02 11:00:00+00:00,114.703125,114.75,114.640625,114.671875,49183.0
2023-06-02 12:00:00+00:00,114.375,114.734375,114.203125,114.71875,345798.0
2023-06-02 13:00:00+00:00,114.234375,114.546875,114.21875,114.375,178430.0
2023-06-02 14:00:00+00:00,114.15625,114.28125,114.0625,114.234375,200272.0
2023-06-02 15:00:00+00:00,114.046875,114.1875,114.015625,114.15625,121674.0
2023-06-02 16:00:00+00:00,113.953125,114.0625,113.90625,114.03125,102674.0
2023-06-02 17:00:00+00:00,113.828125,114.015625,113.828125,113.96875,75715.0
2023-06-02 18:00:00+00:00,113.859375,113.875,113.78125,113.84375,112647.0
2023-06-02 19:00:00+00:00,113.84375,113.90625,113.828125,113.859375,80393.0
2023-06-02 20:00:00+00:00,113.8125,113.859375,113.796875,113.84375,44033.0
2023-06-04 22:00:00+00:00,113.734375,113.765625,113.671875,113.734375,8510.0
2023-06-04 23:00:00+00:00,113.734375,113.765625,113.703125,113.75,7595.0
2023-06-05 00:00:00+00:00,113.625,113.734375,113.625,113.71875,29758.0
2023-06-05 01:00:00+00:00,113.59375,113.65625,113.546875,113.625,30569.0
2023-06-05 02:00:00+00:00,113.59375,113.609375,113.578125,113.578125,4655.0
2023-06-05 03:00:00+00:00,113.625,113.625,113.578125,113.578125,4498.0
2023-06-05 04:00:00+00:00,113.59375,113.640625,113.59375,113.609375,5663.0
2023-06-05 05:00:00+00:00,113.609375,113.625,113.59375,113.59375,6416.0
2023-06-05 06:00:00+00:00,113.546875,113.59375,113.46875,113.59375,37754.0
2023-06-05 07:00:00+00:00,113.484375,113.53125,113.390625,113.53125,60390.0
2023-06-05 08:00:00+00:00,113.5,113.546875,113.453125,113.484375,31256.0
2023-06-05 09:00:00+00:00,113.53125,113.546875,113.46875,113.5,22751.0
2023-06-05 10:00:00+00:00,113.4375,113.53125,113.40625,113.53125,26572.0
2023-06-05 11:00:00+00:00,113.375,113.484375,113.3125,113.4375,59097.0
2023-06-05 12:00:00+00:00,113.4375,113.5,113.359375,113.375,106439.0
2023-06-05 13:00:00+00:00,113.453125,113.5,113.328125,113.421875,119203.0
2023-06-05 14:00:00+00:00,113.84375,114.109375,113.46875,113.46875,320293.0
2023-06-05 15:00:00+00:00,113.875,113.90625,113.765625,113.828125,94710.0
2023-06-05 16:00:00+00:00,113.765625,113.953125,113.765625,113.890625,78541.0
2023-06-05 17:00:00+00:00,113.796875,113.8125,113.71875,113.765625,62139.0
2023-06-05 18:00:00+00:00,113.890625,113.9375,113.765625,113.78125,94060.0
2023-06-05 19:00:00+00:00,113.859375,113.96875,113.859375,113.90625,116155.0
2023-06-05 20:00:00+00:00,113.9375,113.96875,113.859375,113.859375,51330.0
2023-06-05 22:00:00+00:00,113.984375,113.984375,113.9375,113.9375,0.0
2023-06-05 23:00:00+00:00,113.96875,114.0,113.953125,113.984375,3045.0
2023-06-06 00:00:00+00:00,113.90625,113.984375,113.875,113.96875,7231.0
2023-06-06 01:00:00+00:00,113.921875,113.9375,113.875,113.921875,7795.0
2023-06-06 02:00:00+00:00,113.828125,113.921875,113.796875,113.90625,10217.0
2023-06-06 03:00:00+00:00,113.796875,113.859375,113.796875,113.828125,4596.0
2023-06-06 04:00:00+00:00,113.84375,113.859375,113.75,113.8125,18643.0
2023-06-06 05:00:00+00:00,113.8125,113.84375,113.765625,113.84375,9541.0
2023-06-06 06:00:00+00:00,113.875,113.921875,113.796875,113.8125,25037.0
2023-06-06 07:00:00+00:00,113.984375,114.046875,113.78125,113.859375,55466.0
2023-06-06 08:00:00+00:00,114.140625,114.203125,114.0625,114.0625,77401.0
2023-06-06 09:00:00+00:00,114.125,114.171875,114.078125,114.125,28602.0
2023-06-06 10:00:00+00:00,114.109375,114.15625,114.09375,114.125,21326.0
2023-06-06 11:00:00+00:00,114.046875,114.125,114.03125,114.109375,38837.0
2023-06-06 12:00:00+00:00,113.765625,114.09375,113.75,114.046875,128461.0
2023-06-06 13:00:00+00:00,113.59375,113.875,113.59375,113.765625,145224.0
2023-06-06 14:00:00+00:00,113.703125,113.75,113.578125,113.609375,93791.0
2023-06-06 15:00:00+00:00,113.703125,113.8125,113.609375,113.703125,89898.0
2023-06-06 16:00:00+00:00,113.78125,113.796875,113.6875,113.71875,49808.0
2023-06-06 17:00:00+00:00,113.78125,113.796875,113.71875,113.78125,34618.0
2023-06-06 18:00:00+00:00,113.765625,113.859375,113.75,113.796875,87342.0
2023-06-06 19:00:00+00:00,113.8125,113.84375,113.765625,113.765625,72450.0
2023-06-06 20:00:00+00:00,114.046875,114.046875,113.8125,113.828125,0.0
2023-06-06 22:00:00+00:00,114.015625,114.0625,113.984375,114.015625,10282.0
2023-06-06 23:00:00+00:00,114.015625,114.015625,113.984375,114.015625,3396.0
2023-06-07 00:00:00+00:00,113.984375,114.03125,113.953125,114.0,10649.0
2023-06-07 01:00:00+00:00,113.96875,114.078125,113.96875,114.0,13052.0
2023-06-07 02:00:00+00:00,114.046875,114.046875,113.96875,113.984375,8963.0
2023-06-07 03:00:00+00:00,114.046875,114.078125,114.03125,114.03125,6919.0
2023-06-07 04:00:00+00:00,114.015625,114.0625,114.015625,114.046875,3152.0
2023-06-07 05:00:00+00:00,114.046875,114.0625,114.0,114.015625,9721.0
2023-06-07 06:00:00+00:00,113.96875,114.0625,113.9375,114.046875,20825.0
2023-06-07 07:00:00+00:00,113.84375,114.0,113.84375,113.96875,43591.0
2023-06-07 08:00:00+00:00,113.90625,113.953125,113.8125,113.84375,30243.0
2023-06-07 09:00:00+00:00,113.9375,113.96875,113.859375,113.90625,25249.0
2023-06-07 10:00:00+00:00,113.828125,113.9375,113.828125,113.9375,19982.0
2023-06-07 11:00:00+00:00,113.828125,113.890625,113.796875,113.84375,38043.0
2023-06-07 12:00:00+00:00,113.609375,113.828125,113.609375,113.8125,119988.0
2023-06-07 13:00:00+00:00,113.734375,113.765625,113.609375,113.609375,108872.0
2023-06-07 14:00:00+00:00,113.3125,113.734375,113.296875,113.734375,340138.0
2023-06-07 15:00:00+00:00,113.109375,113.328125,113.109375,113.3125,180833.0
2023-06-07 16:00:00+00:00,113.0625,113.171875,113.046875,113.109375,107696.0
2023-06-07 17:00:00+00:00,113.140625,113.1875,113.03125,113.0625,115524.0
2023-06-07 18:00:00+00:00,113.203125,113.25,113.109375,113.15625,137436.0
2023-06-07 19:00:00+00:00,113.140625,113.265625,113.09375,113.21875,115351.0
2023-06-07 20:00:00+00:00,113.09375,113.1875,113.09375,113.15625,0.0
2023-06-07 22:00:00+00:00,113.125,113.15625,113.109375,113.125,5116.0
2023-06-07 23:00:00+00:00,113.1875,113.1875,113.125,113.125,5058.0
2023-06-08 00:00:00+00:00,113.15625,113.234375,113.140625,113.1875,14540.0
2023-06-08 01:00:00+00:00,113.15625,113.171875,113.109375,113.15625,11812.0
2023-06-08 02:00:00+00:00,113.109375,113.15625,113.078125,113.15625,15590.0
2023-06-08 03:00:00+00:00,113.125,113.140625,113.09375,113.109375,8530.0
2023-06-08 04:00:00+00:00,113.171875,113.171875,113.09375,113.125,6092.0
2023-06-08 05:00:00+00:00,113.09375,113.171875,113.09375,113.15625,13037.0
2023-06-08 06:00:00+00:00,112.984375,113.109375,112.953125,113.09375,58122.0
2023-06-08 07:00:00+00:00,113.109375,113.125,112.9375,112.984375,56937.0
2023-06-08 08:00:00+00:00,113.109375,113.15625,113.03125,113.109375,35024.0
2023-06-08 09:00:00+00:00,113.078125,113.140625,113.0780029296875,113.09375,19395.0
2023-06-08 10:00:00+00:00,113.0,113.09375,112.96875,113.09375,32871.0
2023-06-08 11:00:00+00:00,113.046875,113.09375,112.984375,113.015625,40879.0
2023-06-08 12:00:00+00:00,113.265625,113.40625,112.953125,113.03125,278766.0
2023-06-08 13:00:00+00:00,113.5,113.625,113.21875,113.265625,232420.0
2023-06-08 14:00:00+00:00,113.5625,113.640625,113.46875,113.5,172587.0
2023-06-08 15:00:00+00:00,113.734375,113.75,113.546875,113.546875,119832.0
2023-06-08 16:00:00+00:00,113.625,113.734375,113.59375,113.734375,79607.0
2023-06-08 17:00:00+00:00,113.6875,113.703125,113.59375,113.625,57807.0
2023-06-08 18:00:00+00:00,113.71875,113.734375,113.671875,113.671875,98030.0
2023-06-08 19:00:00+00:00,113.734375,113.78125,113.640625,113.71875,102627.0
2023-06-08 20:00:00+00:00,113.6875,113.765625,113.6875,113.75,29842.0
2023-06-08 22:00:00+00:00,113.671875,113.703125,113.640625,113.6875,0.0
2023-06-08 23:00:00+00:00,113.671875,113.71875,113.671875,113.671875,4752.0
2023-06-09 00:00:00+00:00,113.625,113.6875,113.609375,113.6875,12599.0
2023-06-09 01:00:00+00:00,113.578125,113.640625,113.5625,113.625,20335.0
2023-06-09 02:00:00+00:00,113.578125,113.640625,113.5625,113.578125,9075.0
2023-06-09 03:00:00+00:00,113.625,113.625,113.578125,113.578125,4936.0
2023-06-09 04:00:00+00:00,113.640625,113.671875,113.59375,113.609375,7992.0
2023-06-09 05:00:00+00:00,113.625,113.65625,113.59375,113.65625,6516.0
2023-06-09 06:00:00+00:00,113.578125,113.65625,113.546875,113.625,23237.0
2023-06-09 07:00:00+00:00,113.484375,113.625,113.4375,113.5625,53503.0
2023-06-09 08:00:00+00:00,113.453125,113.5,113.40625,113.5,34265.0
2023-06-09 09:00:00+00:00,113.4375,113.484375,113.4375,113.453125,16338.0
2023-06-09 10:00:00+00:00,113.453125,113.5,113.390625,113.4375,27698.0
2023-06-09 11:00:00+00:00,113.453125,113.5,113.40625,113.4375,48404.0
2023-06-09 12:00:00+00:00,113.484375,113.71875,113.34375,113.453125,221606.0
2023-06-09 13:00:00+00:00,113.296875,113.5625,113.203125,113.484375,183243.0
2023-06-09 14:00:00+00:00,113.40625,113.421875,113.25,113.296875,118318.0
2023-06-09 15:00:00+00:00,113.390625,113.46875,113.3125,113.390625,87222.0
2023-06-09 16:00:00+00:00,113.375,113.4375,113.359375,113.390625,52883.0
2023-06-09 17:00:00+00:00,113.46875,113.484375,113.375,113.375,44445.0
2023-06-09 18:00:00+00:00,113.40625,113.484375,113.375,113.46875,65029.0
2023-06-09 19:00:00+00:00,113.375,113.40625,113.328125,113.40625,55376.0
2023-06-09 20:00:00+00:00,113.40599822998047,113.4375,113.359375,113.359375,23006.0
2023-06-11 22:00:00+00:00,113.328125,113.34375,113.21875,113.28125,5953.0
2023-06-11 23:00:00+00:00,113.34375,113.375,113.28125,113.328125,5253.0
2023-06-12 00:00:00+00:00,113.359375,113.40625,113.359375,113.359375,7906.0
2023-06-12 01:00:00+00:00,113.359375,113.421875,113.34375,113.359375,5542.0
2023-06-12 02:00:00+00:00,113.34375,113.390625,113.328125,113.359375,6704.0
2023-06-12 03:00:00+00:00,113.328125,113.359375,113.328125,113.34375,2051.0
2023-06-12 04:00:00+00:00,113.34375,113.359375,113.328125,113.328125,3186.0
2023-06-12 05:00:00+00:00,113.265625,113.359375,113.265625,113.359375,9903.0
2023-06-12 06:00:00+00:00,113.3125,113.359375,113.265625,113.265625,17234.0
2023-06-12 07:00:00+00:00,113.25,113.3125,113.21875,113.296875,34507.0
2023-06-12 08:00:00+00:00,113.328125,113.328125,113.203125,113.234375,24688.0
2023-06-12 09:00:00+00:00,113.3125,113.359375,113.28125,113.3125,23728.0
2023-06-12 10:00:00+00:00,113.359375,113.4375,113.328125,113.328125,36513.0
2023-06-12 11:00:00+00:00,113.375,113.390625,113.296875,113.375,25876.0
2023-06-12 12:00:00+00:00,113.609375,113.671875,113.359375,113.375,143088.0
2023-06-12 13:00:00+00:00,113.1875,113.625,113.125,113.609375,191824.0
2023-06-12 14:00:00+00:00,113.234375,113.265625,113.09375,113.1875,167416.0
2023-06-12 15:00:00+00:00,113.203125,113.34375,113.203125,113.21875,110319.0
2023-06-12 16:00:00+00:00,113.25,113.296875,113.1875,113.21875,89378.0
2023-06-12 17:00:00+00:00,113.34375,113.359375,113.140625,113.25,90543.0
2023-06-12 18:00:00+00:00,113.359375,113.40625,113.296875,113.34375,97323.0
2023-06-12 19:00:00+00:00,113.53125,113.546875,113.34375,113.359375,135074.0
2023-06-12 20:00:00+00:00,113.484375,113.5625,113.453125,113.515625,0.0
2023-06-12 22:00:00+00:00,113.484375,113.484375,113.421875,113.4375,6984.0
2023-06-12 23:00:00+00:00,113.515625,113.546875,113.484375,113.484375,5992.0
2023-06-13 00:00:00+00:00,113.484375,113.5625,113.484375,113.5,5882.0
2023-06-13 01:00:00+00:00,113.640625,113.65625,113.484375,113.484375,9187.0
2023-06-13 02:00:00+00:00,113.640625,113.6875,113.625,113.65625,11972.0
2023-06-13 03:00:00+00:00,113.625,113.640625,113.59375,113.625,4926.0
2023-06-13 04:00:00+00:00,113.609375,113.625,113.59375,113.625,4023.0
2023-06-13 05:00:00+00:00,113.578125,113.609375,113.5625,113.609375,9047.0
2023-06-13 06:00:00+00:00,113.5,113.59375,113.453125,113.578125,42439.0
2023-06-13 07:00:00+00:00,113.5625,113.625,113.5,113.515625,51036.0
2023-06-13 08:00:00+00:00,113.625,113.671875,113.53125,113.5625,38935.0
2023-06-13 09:00:00+00:00,113.5625,113.640625,113.53125,113.625,33288.0
2023-06-13 10:00:00+00:00,113.546875,113.578125,113.5,113.5625,21910.0
2023-06-13 11:00:00+00:00,113.578125,113.625,113.515625,113.5625,40328.0
2023-06-13 12:00:00+00:00,113.921875,114.0,113.15625,113.578125,352445.0
2023-06-13 13:00:00+00:00,113.265625,113.953125,113.265625,113.921875,312710.0
2023-06-13 14:00:00+00:00,113.296875,113.34375,113.140625,113.265625,251483.0
2023-06-13 15:00:00+00:00,113.140625,113.296875,113.0625,113.28125,130350.0
2023-06-13 16:00:00+00:00,113.15625,113.1875,113.09375,113.140625,68622.0
2023-06-13 17:00:00+00:00,112.890625,113.25,112.859375,113.140625,124996.0
2023-06-13 18:00:00+00:00,112.671875,112.921875,112.65625,112.890625,206915.0
2023-06-13 19:00:00+00:00,112.765625,112.796875,112.640625,112.6875,90428.0
2023-06-13 20:00:00+00:00,112.84375,112.84375,112.75,112.78125,0.0
2023-06-13 22:00:00+00:00,112.796875,112.859375,112.796875,112.84375,12323.0
2023-06-13 23:00:00+00:00,112.796875,112.828125,112.78125,112.8125,6132.0
2023-06-14 00:00:00+00:00,112.890625,112.921875,112.75,112.796875,25349.0
2023-06-14 01:00:00+00:00,112.90625,112.921875,112.875,112.890625,9607.0
2023-06-14 02:00:00+00:00,112.921875,112.96875,112.90625,112.921875,13316.0
2023-06-14 03:00:00+00:00,112.921875,112.953125,112.90625,112.921875,6558.0
2023-06-14 04:00:00+00:00,112.90625,112.9375,112.890625,112.9375,5993.0
2023-06-14 05:00:00+00:00,112.875,112.921875,112.859375,112.90625,10723.0
2023-06-14 06:00:00+00:00,112.875,112.921875,112.84375,112.875,35133.0
2023-06-14 07:00:00+00:00,112.953125,113.0,112.828125,112.890625,44623.0
2023-06-14 08:00:00+00:00,112.90625,112.96875,112.875,112.9375,28945.0
2023-06-14 09:00:00+00:00,112.9375,112.953125,112.859375,112.890625,18174.0
2023-06-14 10:00:00+00:00,112.78125,112.921875,112.75,112.921875,28625.0
2023-06-14 11:00:00+00:00,112.8125,112.828125,112.71875,112.78125,35162.0
2023-06-14 12:00:00+00:00,113.109375,113.140625,112.8125,112.8125,154978.0
2023-06-14 13:00:00+00:00,113.015625,113.171875,112.96875,113.109375,168269.0
2023-06-14 14:00:00+00:00,113.03125,113.109375,112.984375,113.015625,99010.0
2023-06-14 15:00:00+00:00,113.0625,113.171875,112.984375,113.015625,102311.0
2023-06-14 16:00:00+00:00,113.0625,113.09375,113.015625,113.078125,79882.0
2023-06-14 17:00:00+00:00,113.0625,113.125,113.03125,113.0625,104134.0
2023-06-14 18:00:00+00:00,112.890625,113.09375,112.390625,113.078125,470044.0
2023-06-14 19:00:00+00:00,112.828125,112.953125,112.625,112.875,176551.0
2023-06-14 20:00:00+00:00,112.984375,112.984375,112.8125,112.8125,0.0
2023-06-14 22:00:00+00:00,112.9375,112.984375,112.921875,112.96875,5070.0
2023-06-14 23:00:00+00:00,112.953125,112.96875,112.921875,112.9375,4611.0
2023-06-15 00:00:00+00:00,112.921875,112.984375,112.921875,112.953125,8097.0
2023-06-15 01:00:00+00:00,112.828125,112.9375,112.8125,112.921875,17238.0
2023-06-15 02:00:00+00:00,112.765625,112.859375,112.765625,112.84375,8827.0
2023-06-15 03:00:00+00:00,112.65625,112.78125,112.640625,112.765625,14928.0
2023-06-15 04:00:00+00:00,112.65625,112.671875,112.59375,112.640625,18936.0
2023-06-15 05:00:00+00:00,112.578125,112.703125,112.578125,112.65625,27084.0
2023-06-15 06:00:00+00:00,112.640625,112.671875,112.515625,112.5625,67654.0
2023-06-15 07:00:00+00:00,112.84375,112.84375,112.5625,112.65625,72406.0
2023-06-15 08:00:00+00:00,112.765625,112.828125,112.703125,112.7969970703125,45455.0
2023-06-15 09:00:00+00:00,112.78125,112.828125,112.73400115966797,112.765625,44397.0
2023-06-15 10:00:00+00:00,112.6875,112.796875,112.671875,112.78125,32893.0
2023-06-15 11:00:00+00:00,112.609375,112.71875,112.59375,112.6875,38568.0
2023-06-15 12:00:00+00:00,113.125,113.140625,112.5,112.609375,274890.0
2023-06-15 13:00:00+00:00,113.40625,113.484375,113.078125,113.109375,322403.0
2023-06-15 14:00:00+00:00,113.359375,113.5625,113.34375,113.40625,188778.0
2023-06-15 15:00:00+00:00,113.328125,113.375,113.1875,113.359375,159789.0
2023-06-15 16:00:00+00:00,113.46875,113.484375,113.3125,113.328125,76412.0
2023-06-15 17:00:00+00:00,113.4375,113.484375,113.421875,113.46875,57766.0
2023-06-15 18:00:00+00:00,113.4375,113.46875,113.40625,113.4375,106718.0
2023-06-15 19:00:00+00:00,113.53125,113.5625,113.4375,113.4375,93886.0
2023-06-15 20:00:00+00:00,113.484375,113.53125,113.46875,113.515625,39637.0
2023-06-15 22:00:00+00:00,113.5,113.5,113.46875,113.46875,0.0
2023-06-15 23:00:00+00:00,113.46875,113.515625,113.46875,113.5,3502.0
2023-06-16 00:00:00+00:00,113.390625,113.5,113.390625,113.484375,15915.0
2023-06-16 01:00:00+00:00,113.328125,113.40625,113.328125,113.390625,17464.0
2023-06-16 02:00:00+00:00,113.3125,113.421875,113.265625,113.34375,26715.0
2023-06-16 03:00:00+00:00,113.375,113.421875,113.3125,113.328125,9290.0
2023-06-16 04:00:00+00:00,113.390625,113.390625,113.328125,113.359375,5969.0
2023-06-16 05:00:00+00:00,113.359375,113.390625,113.328125,113.390625,6533.0
2023-06-16 06:00:00+00:00,113.234375,113.375,113.21875,113.359375,40694.0
2023-06-16 07:00:00+00:00,113.234375,113.296875,113.15625,113.25,55576.0
2023-06-16 08:00:00+00:00,113.3125,113.328125,113.171875,113.234375,35143.0
2023-06-16 09:00:00+00:00,113.390625,113.40625,113.3125,113.328125,32213.0
2023-06-16 10:00:00+00:00,113.390625,113.46875,113.3125,113.375,31837.0
2023-06-16 11:00:00+00:00,113.28125,113.40625,113.265625,113.40625,49374.0
2023-06-16 12:00:00+00:00,113.140625,113.390625,113.125,113.296875,96103.0
2023-06-16 13:00:00+00:00,113.09375,113.1875,112.953125,113.140625,210942.0
2023-06-16 14:00:00+00:00,113.0625,113.265625,112.765625,113.078125,301001.0
2023-06-16 15:00:00+00:00,112.9375,113.15625,112.9375,113.0625,140622.0
2023-06-16 16:00:00+00:00,112.96875,113.015625,112.90625,112.9375,55847.0
2023-06-16 17:00:00+00:00,113.015625,113.078125,112.953125,112.984375,68879.0
2023-06-16 18:00:00+00:00,113.046875,113.109375,112.984375,113.015625,121904.0
2023-06-16 19:00:00+00:00,113.0625,113.09375,112.984375,113.0625,96071.0
2023-06-16 20:00:00+00:00,113.0625,113.109375,113.03125,113.0625,32213.0
2023-06-18 22:00:00+00:00,113.109375,113.109375,113.046875,113.078125,2362.0
2023-06-18 23:00:00+00:00,113.15625,113.171875,113.09375,113.109375,4653.0
2023-06-19 00:00:00+00:00,113.125,113.171875,113.125,113.140625,3399.0
2023-06-19 01:00:00+00:00,113.125,113.125,113.109375,113.109375,700.0
2023-06-19 02:00:00+00:00,113.109375,113.125,113.09375,113.109375,1891.0
2023-06-19 03:00:00+00:00,113.125,113.125,113.09375,113.109375,3445.0
2023-06-20 04:00:00+00:00,112.90625,112.9375,112.890625,112.90625,4795.0
2023-06-20 05:00:00+00:00,112.859375,112.90625,112.859375,112.890625,4924.0
2023-06-20 06:00:00+00:00,112.921875,112.953125,112.859375,112.859375,24268.0
2023-06-20 07:00:00+00:00,113.0,113.03125,112.859375,112.921875,37051.0
2023-06-20 08:00:00+00:00,112.96875,113.03125,112.953125,113.0,20557.0
2023-06-20 09:00:00+00:00,112.921875,112.984375,112.890625,112.96875,21420.0
2023-06-20 10:00:00+00:00,113.0625,113.0625,112.921875,112.921875,20006.0
2023-06-20 11:00:00+00:00,113.1875,113.203125,113.046875,113.0625,56355.0
2023-06-20 12:00:00+00:00,113.078125,113.328125,112.96875,113.1875,155543.0
2023-06-20 13:00:00+00:00,113.328125,113.375,113.03125,113.078125,195917.0
2023-06-20 14:00:00+00:00,113.515625,113.53125,113.3125,113.3125,211011.0
2023-06-20 15:00:00+00:00,113.40625,113.5,113.375,113.46875,119761.0
2023-06-20 16:00:00+00:00,113.4375,113.5,113.375,113.390625,59189.0
2023-06-20 17:00:00+00:00,113.421875,113.46875,113.375,113.4375,67945.0
2023-06-20 18:00:00+00:00,113.328125,113.4375,113.296875,113.4375,98512.0
2023-06-20 19:00:00+00:00,113.296875,113.359375,113.25,113.3125,69781.0
2023-06-20 20:00:00+00:00,113.328125,113.40625,113.28125,113.28125,58382.0
2023-06-20 22:00:00+00:00,113.3125,113.375,113.296875,113.328125,0.0
2023-06-20 23:00:00+00:00,113.28125,113.34375,113.28125,113.328125,4504.0
2023-06-21 00:00:00+00:00,113.28125,113.3125,113.265625,113.28125,7242.0
2023-06-21 01:00:00+00:00,113.234375,113.28125,113.21875,113.28125,10917.0
2023-06-21 02:00:00+00:00,113.234375,113.25,113.203125,113.21875,4391.0
2023-06-21 03:00:00+00:00,113.203125,113.234375,113.1875,113.21875,5708.0
2023-06-21 04:00:00+00:00,113.234375,113.25,113.1875,113.1875,5306.0
2023-06-21 05:00:00+00:00,113.296875,113.296875,113.234375,113.234375,9430.0
2023-06-21 06:00:00+00:00,113.078125,113.3125,112.984375,113.28125,94789.0
2023-06-21 07:00:00+00:00,113.171875,113.1719970703125,113.015625,113.078125,50785.0
2023-06-21 08:00:00+00:00,113.203125,113.203125,113.09375,113.15625,17841.0
2023-06-21 09:00:00+00:00,113.234375,113.328125,113.15625,113.203125,29445.0
2023-06-21 10:00:00+00:00,113.1875,113.25,113.171875,113.234375,24996.0
2023-06-21 11:00:00+00:00,113.125,113.203125,113.0625,113.203125,43160.0
2023-06-21 12:00:00+00:00,113.15625,113.1875,112.953125,113.140625,153741.0
2023-06-21 13:00:00+00:00,112.921875,113.15625,112.859375,113.15625,163356.0
2023-06-21 14:00:00+00:00,113.015625,113.078125,112.875,112.9375,157177.0
2023-06-21 15:00:00+00:00,112.9375,113.078125,112.90625,113.015625,130757.0
2023-06-21 16:00:00+00:00,113.0625,113.078125,112.90625,112.9375,81157.0
2023-06-21 17:00:00+00:00,113.234375,113.296875,113.03125,113.0625,99678.0
2023-06-21 18:00:00+00:00,113.296875,113.421875,113.21875,113.21875,129849.0
2023-06-21 19:00:00+00:00,113.328125,113.375,113.25,113.3125,93400.0
2023-06-21 20:00:00+00:00,113.28125,113.34375,113.265625,113.3125,29343.0
2023-06-21 22:00:00+00:00,113.3125,113.3125,113.265625,113.296875,0.0
2023-06-21 23:00:00+00:00,113.28125,113.3125,113.265625,113.3125,2378.0
2023-06-22 00:00:00+00:00,113.21875,113.296875,113.21875,113.28125,5047.0
2023-06-22 01:00:00+00:00,113.25,113.265625,113.21875,113.21875,4412.0
2023-06-22 02:00:00+00:00,113.25,113.28125,113.234375,113.265625,5932.0
2023-06-22 03:00:00+00:00,113.265625,113.28125,113.25,113.25,2263.0
2023-06-22 04:00:00+00:00,113.21875,113.28125,113.21875,113.265625,5681.0
2023-06-22 05:00:00+00:00,113.21875,113.234375,113.1875,113.21875,6015.0
2023-06-22 06:00:00+00:00,113.1875,113.21875,113.140625,113.21875,18825.0
2023-06-22 07:00:00+00:00,113.109375,113.234375,113.09375,113.1875,46352.0
2023-06-22 08:00:00+00:00,113.046875,113.125,113.03125,113.109375,27999.0
2023-06-22 09:00:00+00:00,113.09375,113.125,113.03125,113.03125,16365.0
2023-06-22 10:00:00+00:00,113.046875,113.109375,113.015625,113.078125,22846.0
2023-06-22 11:00:00+00:00,113.125,113.234375,112.828125,113.046875,118227.0
2023-06-22 12:00:00+00:00,113.0,113.4375,113.0,113.140625,182962.0
2023-06-22 13:00:00+00:00,113.03125,113.140625,112.875,113.0,228143.0
2023-06-22 14:00:00+00:00,112.78125,113.03125,112.78125,113.03125,153010.0
2023-06-22 15:00:00+00:00,112.734375,112.875,112.71875,112.78125,132605.0
2023-06-22 16:00:00+00:00,112.765625,112.796875,112.703125,112.734375,78743.0
2023-06-22 17:00:00+00:00,112.78125,112.78125,112.65625,112.75,86922.0
2023-06-22 18:00:00+00:00,112.734375,112.8125,112.703125,112.78125,82440.0
2023-06-22 19:00:00+00:00,112.75,112.796875,112.703125,112.734375,65608.0
2023-06-22 20:00:00+00:00,112.734375,112.78125,112.71875,112.75,29552.0
2023-06-22 22:00:00+00:00,112.75,112.765625,112.71875,112.75,0.0
2023-06-22 23:00:00+00:00,112.78125,112.796875,112.734375,112.75,5666.0
2023-06-23 00:00:00+00:00,112.78125,112.828125,112.78125,112.796875,11146.0
2023-06-23 01:00:00+00:00,112.765625,112.8125,112.71875,112.78125,14539.0
2023-06-23 02:00:00+00:00,112.828125,112.84375,112.75,112.765625,7295.0
2023-06-23 03:00:00+00:00,112.84375,112.84375,112.796875,112.8125,2585.0
2023-06-23 04:00:00+00:00,112.875,112.890625,112.828125,112.84375,9527.0
2023-06-23 05:00:00+00:00,112.8125,112.90625,112.8125,112.875,13746.0
2023-06-23 06:00:00+00:00,112.71875,112.84375,112.703125,112.8125,26772.0
2023-06-23 07:00:00+00:00,113.21875,113.21875,112.6875,112.703125,155973.0
2023-06-23 08:00:00+00:00,113.109375,113.21875,113.109375,113.203125,56389.0
2023-06-23 09:00:00+00:00,113.09375,113.15625,113.046875,113.109375,36824.0
2023-06-23 10:00:00+00:00,113.109375,113.171875,113.0625,113.109375,23285.0
2023-06-23 11:00:00+00:00,113.109375,113.203125,113.078125,113.09375,40373.0
2023-06-23 12:00:00+00:00,113.40625,113.421875,113.109375,113.125,167241.0
2023-06-23 13:00:00+00:00,113.28125,113.484375,113.21875,113.40625,245690.0
2023-06-23 14:00:00+00:00,113.046875,113.3125,113.015625,113.28125,207664.0
2023-06-23 15:00:00+00:00,113.015625,113.09375,112.921875,113.046875,162918.0
2023-06-23 16:00:00+00:00,112.96875,113.046875,112.921875,113.015625,60126.0
2023-06-23 17:00:00+00:00,113.0625,113.078125,112.96875,112.96875,54116.0
2023-06-23 18:00:00+00:00,113.09375,113.109375,113.015625,113.0625,71310.0
2023-06-23 19:00:00+00:00,113.0625,113.09375,113.015625,113.078125,53961.0
2023-06-23 20:00:00+00:00,113.078125,113.09375,113.03125,113.0625,24670.0
2023-06-25 22:00:00+00:00,113.171875,113.21875,113.109375,113.125,11607.0
2023-06-25 23:00:00+00:00,113.171875,113.21875,113.15625,113.171875,5175.0
2023-06-26 00:00:00+00:00,113.1875,113.25,113.15625,113.171875,10338.0
2023-06-26 01:00:00+00:00,113.15625,113.21875,113.140625,113.203125,10205.0
2023-06-26 02:00:00+00:00,113.140625,113.171875,113.109375,113.15625,11416.0
2023-06-26 03:00:00+00:00,113.171875,113.171875,113.125,113.140625,6842.0
2023-06-26 04:00:00+00:00,113.203125,113.21875,113.15625,113.15625,4142.0
2023-06-26 05:00:00+00:00,113.21875,113.234375,113.171875,113.1875,7517.0
2023-06-26 06:00:00+00:00,113.125,113.265625,113.109375,113.21875,23127.0
2023-06-26 07:00:00+00:00,113.3125,113.421875,113.109375,113.140625,56170.0
2023-06-26 08:00:00+00:00,113.421875,113.46875,113.3125,113.3125,70575.0
2023-06-26 09:00:00+00:00,113.40625,113.4375,113.375,113.421875,21493.0
2023-06-26 10:00:00+00:00,113.46875,113.5,113.375,113.40625,26125.0
2023-06-26 11:00:00+00:00,113.375,113.5,113.375,113.484375,37839.0
2023-06-26 12:00:00+00:00,113.484375,113.515625,113.28125,113.375,93117.0
2023-06-26 13:00:00+00:00,113.1875,113.484375,113.09375,113.46875,172014.0
2023-06-26 14:00:00+00:00,113.15625,113.25,113.109375,113.1875,120131.0
2023-06-26 15:00:00+00:00,113.203125,113.359375,113.15625,113.15625,112886.0
2023-06-26 16:00:00+00:00,113.21875,113.234375,113.140625,113.203125,64274.0
2023-06-26 17:00:00+00:00,113.234375,113.296875,113.171875,113.234375,59333.0
2023-06-26 18:00:00+00:00,113.25,113.34375,113.203125,113.234375,84486.0
2023-06-26 19:00:00+00:00,113.265625,113.28125,113.1875,113.234375,77625.0
2023-06-26 20:00:00+00:00,113.21875,113.28125,113.1875,113.265625,41553.0
2023-06-26 22:00:00+00:00,113.25,113.265625,113.203125,113.203125,0.0
2023-06-26 23:00:00+00:00,113.234375,113.25,113.21875,113.25,1893.0
2023-06-27 00:00:00+00:00,113.25,113.28125,113.234375,113.25,7896.0
2023-06-27 01:00:00+00:00,113.203125,113.28125,113.1875,113.265625,12220.0
2023-06-27 02:00:00+00:00,113.1875,113.203125,113.15625,113.203125,6881.0
2023-06-27 03:00:00+00:00,113.15625,113.1875,113.125,113.1875,14642.0
2023-06-27 04:00:00+00:00,113.125,113.1875,113.09375,113.171875,10520.0
2023-06-27 05:00:00+00:00,113.0625,113.125,113.0625,113.109375,8502.0
2023-06-27 06:00:00+00:00,113.09375,113.140625,113.03125,113.078125,28077.0
2023-06-27 07:00:00+00:00,113.109375,113.1875,113.03125,113.09375,34461.0
2023-06-27 08:00:00+00:00,113.125,113.15625,113.03125,113.125,38178.0
2023-06-27 09:00:00+00:00,113.09375,113.15625,113.03125,113.125,18892.0
2023-06-27 10:00:00+00:00,113.125,113.140625,113.078125,113.109375,21428.0
2023-06-27 11:00:00+00:00,113.21875,113.25,113.125,113.125,25174.0
2023-06-27 12:00:00+00:00,113.140625,113.296875,113.078125,113.21875,117223.0
2023-06-27 13:00:00+00:00,113.234375,113.40625,113.0625,113.15625,161241.0
2023-06-27 14:00:00+00:00,112.859375,113.265625,112.78125,113.234375,313767.0
2023-06-27 15:00:00+00:00,112.875,112.921875,112.765625,112.84375,127794.0
2023-06-27 16:00:00+00:00,112.9375,112.984375,112.859375,112.875,110621.0
2023-06-27 17:00:00+00:00,112.859375,112.953125,112.796875,112.9375,88375.0
2023-06-27 18:00:00+00:00,112.8125,112.875,112.765625,112.84375,105754.0
2023-06-27 19:00:00+00:00,112.875,112.890625,112.796875,112.828125,76267.0
2023-06-27 20:00:00+00:00,112.859375,112.890625,112.796875,112.875,56016.0
2023-06-27 22:00:00+00:00,112.875,112.875,112.828125,112.84375,0.0
2023-06-27 23:00:00+00:00,112.875,112.90625,112.859375,112.875,3953.0
2023-06-28 00:00:00+00:00,112.890625,112.90625,112.859375,112.875,6884.0
2023-06-28 01:00:00+00:00,112.890625,112.9375,112.859375,112.890625,20985.0
2023-06-28 02:00:00+00:00,112.875,112.890625,112.84375,112.890625,7595.0
2023-06-28 03:00:00+00:00,112.875,112.90625,112.875,112.875,5477.0
2023-06-28 04:00:00+00:00,112.84375,112.890625,112.84375,112.875,4828.0
2023-06-28 05:00:00+00:00,112.875,112.890625,112.828125,112.84375,13284.0
2023-06-28 06:00:00+00:00,112.90625,112.9375,112.859375,112.890625,24373.0
2023-06-28 07:00:00+00:00,112.953125,112.96875,112.859375,112.921875,42208.0
2023-06-28 08:00:00+00:00,113.0,113.03125,112.859375,112.953125,42657.0
2023-06-28 09:00:00+00:00,112.96875,113.0625,112.9375,113.015625,35257.0
2023-06-28 10:00:00+00:00,112.984375,113.015625,112.9375,112.96875,20167.0
2023-06-28 11:00:00+00:00,113.015625,113.078125,112.953125,112.984375,34864.0
2023-06-28 12:00:00+00:00,112.96875,113.125,112.96875,113.03125,106671.0
2023-06-28 13:00:00+00:00,112.953125,113.046875,112.8125,112.96875,205045.0
2023-06-28 14:00:00+00:00,112.9375,113.046875,112.859375,112.96875,173953.0
2023-06-28 15:00:00+00:00,113.0625,113.09375,112.90625,112.9375,110588.0
2023-06-28 16:00:00+00:00,113.109375,113.1875,113.046875,113.046875,109507.0
2023-06-28 17:00:00+00:00,113.25,113.265625,113.09375,113.109375,120855.0
2023-06-28 18:00:00+00:00,113.25,113.296875,113.21875,113.234375,126863.0
2023-06-28 19:00:00+00:00,113.234375,113.28125,113.203125,113.25,107416.0
2023-06-28 20:00:00+00:00,113.234375,113.28125,113.203125,113.234375,0.0
2023-06-28 22:00:00+00:00,113.21875,113.265625,113.21875,113.25,6290.0
2023-06-28 23:00:00+00:00,113.234375,113.25,113.21875,113.21875,1985.0
2023-06-29 00:00:00+00:00,113.140625,113.234375,113.140625,113.234375,8588.0
2023-06-29 01:00:00+00:00,113.140625,113.1875,113.140625,113.140625,10151.0
2023-06-29 02:00:00+00:00,113.125,113.15625,113.109375,113.15625,8695.0
2023-06-29 03:00:00+00:00,113.140625,113.140625,113.09375,113.125,7838.0
2023-06-29 04:00:00+00:00,113.09375,113.140625,113.078125,113.125,5720.0
2023-06-29 05:00:00+00:00,113.03125,113.109375,112.953125,113.09375,31366.0
2023-06-29 06:00:00+00:00,112.96875,113.03125,112.9375,113.03125,25042.0
2023-06-29 07:00:00+00:00,112.921875,112.984375,112.875,112.96875,53408.0
2023-06-29 08:00:00+00:00,112.984375,113.046875,112.90625,112.9375,41979.0
2023-06-29 09:00:00+00:00,112.875,112.984375,112.84375,112.984375,38225.0
2023-06-29 10:00:00+00:00,112.953125,112.96875,112.859375,112.890625,25000.0
2023-06-29 11:00:00+00:00,112.921875,112.984375,112.90625,112.953125,38740.0
2023-06-29 12:00:00+00:00,112.390625,112.984375,112.34375,112.9375,391675.0
2023-06-29 13:00:00+00:00,112.15625,112.421875,112.15625,112.390625,365882.0
2023-06-29 14:00:00+00:00,112.28125,112.296875,112.03125,112.171875,284336.0
2023-06-29 15:00:00+00:00,112.1875,112.359375,112.171875,112.28125,120172.0
2023-06-29 16:00:00+00:00,112.09375,112.203125,112.09375,112.1875,90657.0
2023-06-29 17:00:00+00:00,112.1875,112.203125,112.078125,112.09375,65255.0
2023-06-29 18:00:00+00:00,112.109375,112.203125,112.078125,112.203125,107489.0
2023-06-29 19:00:00+00:00,112.21875,112.234375,112.109375,112.109375,102669.0
2023-06-29 20:00:00+00:00,112.203125,112.265625,112.1875,112.21875,0.0
2023-06-29 22:00:00+00:00,112.203125,112.25,112.171875,112.234375,5324.0
2023-06-29 23:00:00+00:00,112.203125,112.265625,112.171875,112.21875,12533.0
2023-06-30 00:00:00+00:00,112.171875,112.234375,112.140625,112.203125,14816.0
2023-06-30 01:00:00+00:00,112.15625,112.21875,112.15625,112.1875,9450.0
2023-06-30 02:00:00+00:00,112.203125,112.21875,112.15625,112.171875,7441.0
2023-06-30 03:00:00+00:00,112.171875,112.1875,112.15625,112.1875,3139.0
2023-06-30 04:00:00+00:00,112.171875,112.203125,112.15625,112.171875,3515.0
2023-06-30 05:00:00+00:00,112.21875,112.25,112.171875,112.171875,9738.0
2023-06-30 06:00:00+00:00,112.03125,112.203125,112.015625,112.203125,52251.0
2023-06-30 07:00:00+00:00,111.859375,112.109375,111.84375,112.03125,91928.0
2023-06-30 08:00:00+00:00,111.859375,111.890625,111.796875,111.859375,56758.0
2023-06-30 09:00:00+00:00,111.828125,111.9375,111.8125,111.859375,53201.0
2023-06-30 10:00:00+00:00,111.9375,111.96875,111.796875,111.828125,35783.0
2023-06-30 11:00:00+00:00,111.9375,111.96875,111.859375,111.953125,42694.0
2023-06-30 12:00:00+00:00,112.28125,112.359375,111.921875,111.921875,233772.0
2023-06-30 13:00:00+00:00,112.09375,112.390625,112.0625,112.28125,231943.0
2023-06-30 14:00:00+00:00,112.25,112.28125,112.03125,112.109375,205849.0
2023-06-30 15:00:00+00:00,112.328125,112.328125,112.21875,112.25,143165.0
2023-06-30 16:00:00+00:00,112.359375,112.359375,112.234375,112.328125,77994.0
2023-06-30 17:00:00+00:00,112.328125,112.375,112.28125,112.359375,65404.0
2023-06-30 18:00:00+00:00,112.265625,112.375,112.25,112.3125,112832.0
2023-06-30 19:00:00+00:00,112.3125,112.359375,112.203125,112.265625,382416.0
2023-06-30 20:00:00+00:00,112.09400177001953,112.328125,112.078125,112.3125,188775.0
2023-07-02 22:00:00+00:00,112.140625,112.140625,112.0625,112.09375,7669.0
2023-07-02 23:00:00+00:00,112.046875,112.15625,112.015625,112.140625,6003.0
2023-07-03 00:00:00+00:00,112.015625,112.09375,112.0,112.03125,16876.0
2023-07-03 01:00:00+00:00,112.125,112.140625,112.015625,112.015625,13959.0
2023-07-03 02:00:00+00:00,112.109375,112.15625,112.09375,112.125,6097.0
2023-07-03 03:00:00+00:00,112.078125,112.125,112.078125,112.109375,4443.0
2023-07-03 13:30:00+00:00,112.265625,112.3125,112.109375,112.125,132405.0
2023-07-03 14:30:00+00:00,112.15625,112.546875,112.15625,112.265625,205762.0
2023-07-03 15:30:00+00:00,112.03125,112.171875,112.0,112.171875,131128.0
2023-07-03 16:30:00+00:00,111.9375,112.046875,111.921875,112.03125,80432.0
2023-07-05 04:00:00+00:00,111.96875,112.03125,111.96875,112.03125,7254.0
2023-07-05 05:00:00+00:00,111.9375,111.984375,111.90625,111.96875,11964.0
2023-07-05 06:00:00+00:00,111.90625,111.953125,111.859375,111.9375,32876.0
2023-07-05 07:00:00+00:00,111.890625,111.9375,111.84375,111.890625,28886.0
2023-07-05 08:00:00+00:00,111.953125,112.078125,111.953125,112.01599884033203,45039.0
2023-07-05 09:00:00+00:00,112.046875,112.125,111.921875,111.953125,51524.0
2023-07-05 10:00:00+00:00,112.046875,112.078125,112.015625,112.0625,17964.0
2023-07-05 11:00:00+00:00,111.890625,112.046875,111.875,112.03125,40893.0
2023-07-05 12:00:00+00:00,111.875,111.921875,111.765625,111.890625,146559.0
2023-07-05 13:00:00+00:00,111.921875,111.9375,111.84375,111.875,152720.0
2023-07-05 14:00:00+00:00,111.78125,111.953125,111.734375,111.9375,141417.0
2023-07-05 15:00:00+00:00,111.609375,111.78125,111.609375,111.765625,154258.0
2023-07-05 16:00:00+00:00,111.46875,111.625,111.46875,111.609375,109355.0
2023-07-05 17:00:00+00:00,111.40625,111.5,111.375,111.484375,93042.0
2023-07-05 18:00:00+00:00,111.359375,111.5,111.34375,111.390625,138871.0
2023-07-05 19:00:00+00:00,111.453125,111.46875,111.328125,111.359375,87665.0
2023-07-05 20:00:00+00:00,111.40625,111.484375,111.390625,111.453125,50231.0
2023-07-05 22:00:00+00:00,111.40625,111.46875,111.390625,111.421875,0.0
2023-07-05 23:00:00+00:00,111.390625,111.453125,111.390625,111.40625,6335.0
2023-07-06 00:00:00+00:00,111.359375,111.453125,111.359375,111.390625,14898.0
2023-07-06 01:00:00+00:00,111.265625,111.375,111.25,111.375,31029.0
2023-07-06 02:00:00+00:00,111.25,111.296875,111.234375,111.28125,12554.0
2023-07-06 03:00:00+00:00,111.25,111.265625,111.1875,111.234375,20211.0
2023-07-06 04:00:00+00:00,111.25,111.28125,111.25,111.25,9033.0
2023-07-06 05:00:00+00:00,111.265625,111.296875,111.25,111.25,8747.0
2023-07-06 06:00:00+00:00,111.28125,111.28125,111.203125,111.265625,32567.0
2023-07-06 07:00:00+00:00,111.21875,111.28125,111.140625,111.28125,64772.0
2023-07-06 08:00:00+00:00,111.0625,111.21875,111.0625,111.203125,64124.0
2023-07-06 09:00:00+00:00,111.078125,111.125,111.046875,111.0625,44408.0
2023-07-06 10:00:00+00:00,111.078125,111.125,111.046875,111.09375,40242.0
2023-07-06 11:00:00+00:00,111.140625,111.1875,111.0625,111.09375,70923.0
2023-07-06 12:00:00+00:00,110.546875,111.203125,110.375,111.140625,512588.0
2023-07-06 13:00:00+00:00,110.609375,110.75,110.453125,110.546875,274721.0
2023-07-06 14:00:00+00:00,110.390625,110.59375,110.15625,110.59375,338639.0
2023-07-06 15:00:00+00:00,110.40625,110.453125,110.28125,110.375,176301.0
2023-07-06 16:00:00+00:00,110.515625,110.546875,110.40625,110.40625,90885.0
2023-07-06 17:00:00+00:00,110.578125,110.609375,110.484375,110.53125,71129.0
2023-07-06 18:00:00+00:00,110.609375,110.671875,110.546875,110.578125,127373.0
2023-07-06 19:00:00+00:00,110.640625,110.6875,110.5625,110.625,77385.0
2023-07-06 20:00:00+00:00,110.703125,110.765625,110.609375,110.640625,61985.0
2023-07-06 22:00:00+00:00,110.671875,110.75,110.640625,110.734375,0.0
2023-07-06 23:00:00+00:00,110.671875,110.71875,110.65625,110.6875,4650.0
2023-07-07 00:00:00+00:00,110.546875,110.734375,110.53125,110.6875,18551.0
2023-07-07 01:00:00+00:00,110.53125,110.609375,110.515625,110.546875,12253.0
2023-07-07 02:00:00+00:00,110.625,110.640625,110.53125,110.53125,9345.0
2023-07-07 03:00:00+00:00,110.625,110.703125,110.609375,110.625,13990.0
2023-07-07 04:00:00+00:00,110.640625,110.65625,110.609375,110.625,7381.0
2023-07-07 05:00:00+00:00,110.65625,110.65625,110.625,110.640625,10568.0
2023-07-07 06:00:00+00:00,110.703125,110.75,110.609375,110.65625,34916.0
2023-07-07 07:00:00+00:00,110.609375,110.734375,110.546875,110.703125,62625.0
2023-07-07 08:00:00+00:00,110.625,110.625,110.5625,110.609375,40931.0
2023-07-07 09:00:00+00:00,110.453125,110.625,110.453125,110.625,45628.0
2023-07-07 10:00:00+00:00,110.421875,110.484375,110.390625,110.453125,34030.0
2023-07-07 11:00:00+00:00,110.453125,110.484375,110.375,110.421875,69014.0
2023-07-07 12:00:00+00:00,110.453125,111.0,110.34375,110.453125,360613.0
2023-07-07 13:00:00+00:00,110.625,110.796875,110.296875,110.453125,349656.0
2023-07-07 14:00:00+00:00,110.890625,110.9375,110.5625,110.640625,167958.0
2023-07-07 15:00:00+00:00,110.734375,110.90625,110.71875,110.890625,95865.0
2023-07-07 16:00:00+00:00,110.6875,110.84375,110.6875,110.75,48580.0
2023-07-07 17:00:00+00:00,110.71875,110.78125,110.65625,110.703125,48741.0
2023-07-07 18:00:00+00:00,110.6875,110.75,110.65625,110.734375,76110.0
2023-07-07 19:00:00+00:00,110.546875,110.6875,110.546875,110.671875,74199.0
2023-07-07 20:00:00+00:00,110.515625,110.609375,110.5,110.546875,31431.0
2023-07-09 22:00:00+00:00,110.5625,110.59375,110.515625,110.53125,7325.0
2023-07-09 23:00:00+00:00,110.546875,110.578125,110.53125,110.5625,6063.0
2023-07-10 00:00:00+00:00,110.5,110.59375,110.46875,110.5625,13796.0
2023-07-10 01:00:00+00:00,110.4375,110.5,110.421875,110.484375,16748.0
2023-07-10 02:00:00+00:00,110.484375,110.484375,110.40625,110.4375,12231.0
2023-07-10 03:00:00+00:00,110.484375,110.5,110.453125,110.484375,5717.0
2023-07-10 04:00:00+00:00,110.484375,110.5,110.453125,110.484375,6353.0
2023-07-10 05:00:00+00:00,110.5,110.5,110.4375,110.46875,8213.0
2023-07-10 06:00:00+00:00,110.546875,110.5625,110.46875,110.484375,24894.0
2023-07-10 07:00:00+00:00,110.59375,110.671875,110.484375,110.546875,51140.0
2023-07-10 08:00:00+00:00,110.59375,110.59375,110.53125,110.578125,31637.0
2023-07-10 09:00:00+00:00,110.5625,110.609375,110.53125,110.578125,30341.0
2023-07-10 10:00:00+00:00,110.65625,110.671875,110.546875,110.578125,20845.0
2023-07-10 11:00:00+00:00,110.796875,110.8125,110.65625,110.65625,57332.0
2023-07-10 12:00:00+00:00,110.53125,110.84375,110.4375,110.796875,155789.0
2023-07-10 13:00:00+00:00,110.8125,110.84375,110.53125,110.53125,141635.0
2023-07-10 14:00:00+00:00,110.84375,110.96875,110.796875,110.8125,150698.0
2023-07-10 15:00:00+00:00,111.0625,111.09375,110.828125,110.84375,121317.0
2023-07-10 16:00:00+00:00,111.15625,111.171875,111.0,111.0625,76608.0
2023-07-10 17:00:00+00:00,111.203125,111.25,111.125,111.15625,74380.0
2023-07-10 18:00:00+00:00,111.140625,111.21875,111.109375,111.21875,98312.0
2023-07-10 19:00:00+00:00,111.140625,111.1875,111.109375,111.15625,76312.0
2023-07-10 20:00:00+00:00,111.1875,111.21875,111.125,111.140625,43278.0
2023-07-10 22:00:00+00:00,111.203125,111.21875,111.15625,111.171875,0.0
2023-07-10 23:00:00+00:00,111.1875,111.203125,111.171875,111.1875,5148.0
2023-07-11 00:00:00+00:00,111.171875,111.234375,111.140625,111.1875,15642.0
2023-07-11 01:00:00+00:00,111.171875,111.1875,111.125,111.15625,10220.0
2023-07-11 02:00:00+00:00,111.234375,111.25,111.140625,111.171875,14990.0
2023-07-11 03:00:00+00:00,111.234375,111.28125,111.234375,111.234375,19552.0
2023-07-11 04:00:00+00:00,111.25,111.28125,111.234375,111.25,8672.0
2023-07-11 05:00:00+00:00,111.375,111.390625,111.234375,111.25,24245.0
2023-07-11 06:00:00+00:00,111.390625,111.453125,111.296875,111.375,51828.0
2023-07-11 07:00:00+00:00,111.390625,111.4375,111.28125,111.390625,59070.0
2023-07-11 08:00:00+00:00,111.390625,111.4375,111.34375,111.390625,30698.0
2023-07-11 09:00:00+00:00,111.484375,111.5,111.390625,111.40625,36023.0
2023-07-11 10:00:00+00:00,111.390625,111.5,111.390625,111.5,33542.0
2023-07-11 11:00:00+00:00,111.390625,111.421875,111.359375,111.40625,31618.0
2023-07-11 12:00:00+00:00,111.296875,111.421875,111.203125,111.390625,131813.0
2023-07-11 13:00:00+00:00,111.171875,111.359375,111.109375,111.296875,132769.0
2023-07-11 14:00:00+00:00,111.21875,111.265625,111.125,111.171875,96613.0
2023-07-11 15:00:00+00:00,111.1875,111.25,111.140625,111.21875,69568.0
2023-07-11 16:00:00+00:00,111.34375,111.390625,111.1875,111.1875,61535.0
2023-07-11 17:00:00+00:00,111.34375,111.421875,111.296875,111.34375,62018.0
2023-07-11 18:00:00+00:00,111.265625,111.390625,111.21875,111.34375,111824.0
2023-07-11 19:00:00+00:00,111.234375,111.28125,111.203125,111.25,85179.0
2023-07-11 20:00:00+00:00,111.296875,111.3125,111.234375,111.234375,0.0
2023-07-11 22:00:00+00:00,111.34375,111.34375,111.296875,111.328125,3509.0
2023-07-11 23:00:00+00:00,111.375,111.375,111.3125,111.34375,3871.0
2023-07-12 00:00:00+00:00,111.40625,111.421875,111.359375,111.359375,13481.0
2023-07-12 01:00:00+00:00,111.359375,111.4375,111.34375,111.40625,13741.0
2023-07-12 02:00:00+00:00,111.375,111.390625,111.34375,111.359375,8446.0
2023-07-12 03:00:00+00:00,111.421875,111.453125,111.359375,111.375,10500.0
2023-07-12 04:00:00+00:00,111.390625,111.421875,111.34375,111.421875,7871.0
2023-07-12 05:00:00+00:00,111.40625,111.421875,111.34375,111.375,6187.0
2023-07-12 06:00:00+00:00,111.515625,111.53125,111.421875,111.421875,31830.0
2023-07-12 07:00:00+00:00,111.5,111.546875,111.4375,111.515625,41145.0
2023-07-12 08:00:00+00:00,111.53125,111.5625,111.484375,111.515625,38619.0
2023-07-12 09:00:00+00:00,111.5,111.578125,111.5,111.53125,30751.0
2023-07-12 10:00:00+00:00,111.5,111.546875,111.453125,111.5,36562.0
2023-07-12 11:00:00+00:00,111.5625,111.5625,111.4375,111.515625,63017.0
2023-07-12 12:00:00+00:00,111.8125,112.078125,111.5,111.5625,471807.0
2023-07-12 13:00:00+00:00,112.0,112.0,111.796875,111.828125,263636.0
2023-07-12 14:00:00+00:00,112.140625,112.15625,111.9375,112.0,248609.0
2023-07-12 15:00:00+00:00,112.28125,112.328125,112.109375,112.140625,170185.0
2023-07-12 16:00:00+00:00,112.328125,112.375,112.21875,112.28125,104787.0
2023-07-12 17:00:00+00:00,112.28125,112.34375,112.1875,112.328125,100877.0
2023-07-12 18:00:00+00:00,112.28125,112.28125,112.203125,112.28125,115860.0
2023-07-12 19:00:00+00:00,112.21875,112.328125,112.203125,112.28125,96795.0
2023-07-12 20:00:00+00:00,112.234375,112.28125,112.203125,112.21875,45226.0
2023-07-12 22:00:00+00:00,112.265625,112.265625,112.21875,112.21875,0.0
2023-07-12 23:00:00+00:00,112.296875,112.296875,112.25,112.25,4487.0
2023-07-13 00:00:00+00:00,112.34375,112.359375,112.28125,112.296875,15755.0
2023-07-13 01:00:00+00:00,112.3125,112.375,112.265625,112.328125,12745.0
2023-07-13 02:00:00+00:00,112.359375,112.359375,112.28125,112.3125,13850.0
2023-07-13 03:00:00+00:00,112.328125,112.359375,112.3125,112.34375,7063.0
2023-07-13 04:00:00+00:00,112.296875,112.375,112.296875,112.34375,7463.0
2023-07-13 05:00:00+00:00,112.265625,112.328125,112.265625,112.3125,10842.0
2023-07-13 06:00:00+00:00,112.515625,112.546875,112.265625,112.28125,65076.0
2023-07-13 07:00:00+00:00,112.625,112.65625,112.46875,112.53125,79611.0
2023-07-13 08:00:00+00:00,112.65625,112.765625,112.59375,112.60900115966797,60543.0
2023-07-13 09:00:00+00:00,112.640625,112.65625,112.578125,112.65625,33176.0
2023-07-13 10:00:00+00:00,112.625,112.6875,112.59375,112.640625,33815.0
2023-07-13 11:00:00+00:00,112.609375,112.65625,112.515625,112.640625,61319.0
2023-07-13 12:00:00+00:00,112.59375,112.78125,112.390625,112.609375,266887.0
2023-07-13 13:00:00+00:00,112.71875,112.84375,112.53125,112.59375,264861.0
2023-07-13 14:00:00+00:00,112.65625,112.78125,112.59375,112.71875,129586.0
2023-07-13 15:00:00+00:00,112.828125,112.84375,112.578125,112.65625,104689.0
2023-07-13 16:00:00+00:00,113.0,113.046875,112.8125,112.8125,142436.0
2023-07-13 17:00:00+00:00,113.03125,113.046875,112.90625,113.0,107219.0
2023-07-13 18:00:00+00:00,113.0625,113.09375,112.984375,113.03125,112922.0
2023-07-13 19:00:00+00:00,113.03125,113.09375,112.984375,113.0625,125953.0
2023-07-13 20:00:00+00:00,112.984375,113.078125,112.96875,113.046875,0.0
2023-07-13 22:00:00+00:00,112.9375,113.0,112.921875,112.96875,5788.0
2023-07-13 23:00:00+00:00,112.90625,112.96875,112.875,112.921875,12462.0
2023-07-14 00:00:00+00:00,112.890625,112.921875,112.8125,112.90625,19444.0
2023-07-14 01:00:00+00:00,112.984375,113.0,112.859375,112.890625,15541.0
2023-07-14 02:00:00+00:00,112.984375,113.015625,112.953125,112.984375,8052.0
2023-07-14 03:00:00+00:00,113.015625,113.046875,113.0,113.0,8711.0
2023-07-14 04:00:00+00:00,112.859375,113.0,112.859375,113.0,14339.0
2023-07-14 05:00:00+00:00,112.875,112.921875,112.828125,112.875,10046.0
2023-07-14 06:00:00+00:00,112.75,112.90625,112.734375,112.875,33976.0
2023-07-14 07:00:00+00:00,112.71875,112.796875,112.65625,112.75,42880.0
2023-07-14 08:00:00+00:00,112.734375,112.796875,112.71875,112.71875,37272.0
2023-07-14 09:00:00+00:00,112.78125,112.796875,112.703125,112.734375,20622.0
2023-07-14 10:00:00+00:00,112.84375,112.84375,112.765625,112.78125,29551.0
2023-07-14 11:00:00+00:00,112.9375,113.03125,112.84375,112.84375,77371.0
2023-07-14 12:00:00+00:00,112.84375,113.0,112.78125,112.9375,122092.0
2023-07-14 13:00:00+00:00,112.84375,112.890625,112.71875,112.84375,138268.0
2023-07-14 14:00:00+00:00,112.765625,112.859375,112.578125,112.828125,222932.0
2023-07-14 15:00:00+00:00,112.609375,112.828125,112.609375,112.78125,91437.0
2023-07-14 16:00:00+00:00,112.625,112.640625,112.515625,112.609375,82943.0
2023-07-14 17:00:00+00:00,112.5625,112.671875,112.546875,112.640625,40929.0
2023-07-14 18:00:00+00:00,112.546875,112.625,112.53125,112.5625,82431.0
2023-07-14 19:00:00+00:00,112.53125,112.578125,112.46875,112.5625,75400.0
2023-07-14 20:00:00+00:00,112.4375,112.546875,112.4375,112.515625,32601.0
2023-07-16 22:00:00+00:00,112.515625,112.546875,112.4375,112.4375,6377.0
2023-07-16 23:00:00+00:00,112.53125,112.546875,112.5,112.515625,2322.0
2023-07-17 00:00:00+00:00,112.59375,112.59375,112.5,112.515625,8269.0
2023-07-17 01:00:00+00:00,112.578125,112.609375,112.5625,112.578125,5973.0
2023-07-17 02:00:00+00:00,112.609375,112.625,112.578125,112.59375,4321.0
2023-07-17 03:00:00+00:00,112.578125,112.609375,112.578125,112.609375,3048.0
2023-07-17 04:00:00+00:00,112.59375,112.59375,112.5625,112.578125,1785.0
2023-07-17 05:00:00+00:00,112.546875,112.59375,112.546875,112.578125,5013.0
2023-07-17 06:00:00+00:00,112.609375,112.625,112.5,112.546875,20699.0
2023-07-17 07:00:00+00:00,112.53125,112.640625,112.484375,112.609375,32927.0
2023-07-17 08:00:00+00:00,112.734375,112.78125,112.53125,112.53125,36184.0
2023-07-17 09:00:00+00:00,112.859375,112.90625,112.703125,112.71875,42258.0
2023-07-17 10:00:00+00:00,112.84375,112.890625,112.828125,112.859375,21522.0
2023-07-17 11:00:00+00:00,112.78125,112.859375,112.765625,112.828125,26458.0
2023-07-17 12:00:00+00:00,112.671875,112.90625,112.5625,112.78125,143460.0
2023-07-17 13:00:00+00:00,112.515625,112.71875,112.40625,112.671875,153377.0
2023-07-17 14:00:00+00:00,112.5625,112.578125,112.46875,112.53125,81036.0
2023-07-17 15:00:00+00:00,112.578125,112.59375,112.453125,112.5625,56868.0
2023-07-17 16:00:00+00:00,112.625,112.640625,112.53125,112.59375,42892.0
2023-07-17 17:00:00+00:00,112.640625,112.6875,112.59375,112.640625,35628.0
2023-07-17 18:00:00+00:00,112.71875,112.734375,112.65625,112.65625,46266.0
2023-07-17 19:00:00+00:00,112.640625,112.734375,112.609375,112.734375,57107.0
2023-07-17 20:00:00+00:00,112.609375,112.671875,112.609375,112.640625,0.0
2023-07-17 22:00:00+00:00,112.625,112.671875,112.625,112.640625,2831.0
2023-07-17 23:00:00+00:00,112.671875,112.671875,112.609375,112.640625,2756.0
2023-07-18 00:00:00+00:00,112.6875,112.71875,112.625,112.65625,10392.0
2023-07-18 01:00:00+00:00,112.703125,112.71875,112.65625,112.6875,5783.0
2023-07-18 02:00:00+00:00,112.703125,112.734375,112.6875,112.6875,5041.0
2023-07-18 03:00:00+00:00,112.71875,112.734375,112.703125,112.703125,3926.0
2023-07-18 04:00:00+00:00,112.78125,112.78125,112.703125,112.71875,5042.0
2023-07-18 05:00:00+00:00,112.75,112.78125,112.734375,112.765625,7898.0
2023-07-18 06:00:00+00:00,112.875,112.875,112.734375,112.75,34298.0
2023-07-18 07:00:00+00:00,113.03125,113.03125,112.84375,112.875,81259.0
2023-07-18 08:00:00+00:00,112.984375,113.0625,112.96875,113.03125,37313.0
2023-07-18 09:00:00+00:00,113.015625,113.046875,112.953125,112.984375,26488.0
2023-07-18 10:00:00+00:00,112.984375,113.03125,112.953125,113.015625,17603.0
2023-07-18 11:00:00+00:00,113.0,113.03125,112.9375,112.96875,25881.0
2023-07-18 12:00:00+00:00,113.015625,113.25,112.796875,113.015625,281068.0
2023-07-18 13:00:00+00:00,112.953125,113.046875,112.859375,113.0,190379.0
2023-07-18 14:00:00+00:00,113.015625,113.0625,112.90625,112.9375,123292.0
2023-07-18 15:00:00+00:00,112.875,113.0625,112.859375,113.015625,92482.0
2023-07-18 16:00:00+00:00,112.78125,112.90625,112.75,112.875,68736.0
2023-07-18 17:00:00+00:00,112.78125,112.828125,112.765625,112.765625,47669.0
2023-07-18 18:00:00+00:00,112.765625,112.796875,112.703125,112.78125,73189.0
2023-07-18 19:00:00+00:00,112.703125,112.765625,112.65625,112.75,62822.0
2023-07-18 20:00:00+00:00,112.703125,112.78125,112.6875,112.703125,0.0
2023-07-18 22:00:00+00:00,112.71875,112.765625,112.703125,112.703125,4574.0
2023-07-18 23:00:00+00:00,112.6875,112.75,112.6875,112.734375,4035.0
2023-07-19 00:00:00+00:00,112.8125,112.8125,112.6875,112.6875,14869.0
2023-07-19 01:00:00+00:00,112.796875,112.8125,112.765625,112.796875,8911.0
2023-07-19 02:00:00+00:00,112.84375,112.859375,112.78125,112.78125,10806.0
2023-07-19 03:00:00+00:00,112.875,112.90625,112.84375,112.84375,13274.0
2023-07-19 04:00:00+00:00,112.828125,112.890625,112.828125,112.890625,7185.0
2023-07-19 05:00:00+00:00,112.859375,112.921875,112.828125,112.828125,15036.0
2023-07-19 06:00:00+00:00,113.09375,113.140625,112.859375,112.859375,90484.0
2023-07-19 07:00:00+00:00,112.96875,113.203125,112.96875,113.09375,63317.0
2023-07-19 08:00:00+00:00,113.0,113.0625,112.953125,112.984375,40618.0
2023-07-19 09:00:00+00:00,112.921875,113.0,112.90625,112.984375,36025.0
2023-07-19 10:00:00+00:00,112.984375,112.984375,112.90625,112.921875,24739.0
2023-07-19 11:00:00+00:00,112.96875,113.0,112.890625,112.984375,36126.0
2023-07-19 12:00:00+00:00,112.984375,113.15625,112.953125,112.984375,126923.0
2023-07-19 13:00:00+00:00,112.859375,113.015625,112.8125,112.984375,115502.0
2023-07-19 14:00:00+00:00,112.8125,112.859375,112.671875,112.859375,166350.0
2023-07-19 15:00:00+00:00,112.671875,112.859375,112.671875,112.8125,125368.0
2023-07-19 16:00:00+00:00,112.875,112.90625,112.65625,112.671875,98258.0
2023-07-19 17:00:00+00:00,112.953125,112.96875,112.78125,112.890625,71338.0
2023-07-19 18:00:00+00:00,113.0,113.03125,112.9375,112.96875,97311.0
2023-07-19 19:00:00+00:00,112.984375,113.015625,112.921875,113.0,93882.0
2023-07-19 20:00:00+00:00,112.921875,113.0,112.90625,112.96875,0.0
2023-07-19 22:00:00+00:00,112.890625,112.9375,112.890625,112.890625,3824.0
2023-07-19 23:00:00+00:00,112.890625,112.921875,112.890625,112.90625,2553.0
2023-07-20 00:00:00+00:00,112.890625,112.96875,112.890625,112.90625,8285.0
2023-07-20 01:00:00+00:00,112.859375,112.90625,112.828125,112.890625,13688.0
2023-07-20 02:00:00+00:00,112.8125,112.875,112.796875,112.859375,11194.0
2023-07-20 03:00:00+00:00,112.84375,112.84375,112.78125,112.796875,5293.0
2023-07-20 04:00:00+00:00,112.84375,112.859375,112.828125,112.828125,2811.0
2023-07-20 05:00:00+00:00,112.84375,112.84375,112.8125,112.828125,4140.0
2023-07-20 06:00:00+00:00,112.796875,112.859375,112.78125,112.828125,15614.0
2023-07-20 07:00:00+00:00,112.640625,112.875,112.625,112.796875,79442.0
2023-07-20 08:00:00+00:00,112.65625,112.703125,112.609375,112.640625,31052.0
2023-07-20 09:00:00+00:00,112.59375,112.703125,112.578125,112.65625,22048.0
2023-07-20 10:00:00+00:00,112.53125,112.65625,112.53125,112.59375,39734.0
2023-07-20 11:00:00+00:00,112.609375,112.625,112.515625,112.53125,51433.0
2023-07-20 12:00:00+00:00,112.375,112.625,112.28125,112.625,222902.0
2023-07-20 13:00:00+00:00,112.328125,112.453125,112.28125,112.390625,133129.0
2023-07-20 14:00:00+00:00,112.171875,112.359375,112.09375,112.328125,249431.0
2023-07-20 15:00:00+00:00,112.09375,112.203125,112.078125,112.15625,135082.0
2023-07-20 16:00:00+00:00,112.015625,112.125,112.0,112.09375,131349.0
2023-07-20 17:00:00+00:00,112.171875,112.1875,112.015625,112.015625,103555.0
2023-07-20 18:00:00+00:00,112.125,112.21875,112.125,112.15625,106313.0
2023-07-20 19:00:00+00:00,112.1875,112.25,112.109375,112.140625,96438.0
2023-07-20 20:00:00+00:00,112.125,112.203125,112.109375,112.203125,34997.0
2023-07-20 22:00:00+00:00,112.171875,112.1875,112.125,112.125,0.0
2023-07-20 23:00:00+00:00,112.171875,112.1875,112.125,112.1875,8758.0
2023-07-21 00:00:00+00:00,112.234375,112.25,112.15625,112.15625,13683.0
2023-07-21 01:00:00+00:00,112.234375,112.25,112.203125,112.234375,7298.0
2023-07-21 02:00:00+00:00,112.203125,112.21875,112.15625,112.21875,6820.0
2023-07-21 03:00:00+00:00,112.171875,112.203125,112.171875,112.1875,2076.0
2023-07-21 04:00:00+00:00,112.125,112.1875,112.125,112.1875,4661.0
2023-07-21 05:00:00+00:00,112.203125,112.203125,112.125,112.125,8378.0
2023-07-21 06:00:00+00:00,112.203125,112.265625,112.15625,112.1875,25669.0
2023-07-21 07:00:00+00:00,112.15625,112.25,112.078125,112.21875,50070.0
2023-07-21 08:00:00+00:00,112.09375,112.21875,112.0625,112.15625,32081.0
2023-07-21 09:00:00+00:00,112.125,112.15625,112.078125,112.078125,20751.0
2023-07-21 10:00:00+00:00,112.171875,112.171875,112.109375,112.109375,13688.0
2023-07-21 11:00:00+00:00,112.125,112.25,112.125,112.171875,32038.0
2023-07-21 12:00:00+00:00,112.34375,112.40625,112.109375,112.125,161033.0
2023-07-21 13:00:00+00:00,112.375,112.421875,112.28125,112.328125,104066.0
2023-07-21 14:00:00+00:00,112.265625,112.375,112.25,112.375,104844.0
2023-07-21 15:00:00+00:00,112.21875,112.359375,112.203125,112.25,93197.0
2023-07-21 16:00:00+00:00,112.25,112.296875,112.203125,112.203125,43823.0
2023-07-21 17:00:00+00:00,112.296875,112.3125,112.25,112.25,51270.0
2023-07-21 18:00:00+00:00,112.21875,112.328125,112.21875,112.296875,65736.0
2023-07-21 19:00:00+00:00,112.234375,112.265625,112.1875,112.234375,56301.0
2023-07-21 20:00:00+00:00,112.21875,112.25,112.203125,112.234375,25317.0
2023-07-23 22:00:00+00:00,112.21875,112.265625,112.203125,112.25,5048.0
2023-07-23 23:00:00+00:00,112.15625,112.234375,112.140625,112.234375,7866.0
2023-07-24 00:00:00+00:00,112.140625,112.1875,112.140625,112.171875,6280.0
2023-07-24 01:00:00+00:00,112.140625,112.1875,112.140625,112.140625,7639.0
2023-07-24 02:00:00+00:00,112.171875,112.1875,112.109375,112.140625,8903.0
2023-07-24 03:00:00+00:00,112.171875,112.1875,112.140625,112.171875,4244.0
2023-07-24 04:00:00+00:00,112.15625,112.203125,112.15625,112.171875,3135.0
2023-07-24 05:00:00+00:00,112.171875,112.1875,112.140625,112.15625,5245.0
2023-07-24 06:00:00+00:00,112.140625,112.1875,112.09375,112.171875,19695.0
2023-07-24 07:00:00+00:00,112.328125,112.390625,112.09375,112.140625,75801.0
2023-07-24 08:00:00+00:00,112.390625,112.40625,112.25,112.2969970703125,34366.0
2023-07-24 09:00:00+00:00,112.390625,112.4375,112.328125,112.40625,29805.0
2023-07-24 10:00:00+00:00,112.4375,112.46875,112.375,112.390625,24584.0
2023-07-24 11:00:00+00:00,112.46875,112.546875,112.4375,112.453125,53796.0
2023-07-24 12:00:00+00:00,112.5,112.53125,112.40625,112.46875,96808.0
2023-07-24 13:00:00+00:00,112.40625,112.5,112.203125,112.5,159997.0
2023-07-24 14:00:00+00:00,112.28125,112.5,112.21875,112.40625,139094.0
2023-07-24 15:00:00+00:00,112.203125,112.296875,112.1875,112.28125,83202.0
2023-07-24 16:00:00+00:00,112.125,112.21875,112.03125,112.203125,96442.0
2023-07-24 17:00:00+00:00,112.03125,112.15625,111.984375,112.125,64604.0
2023-07-24 18:00:00+00:00,112.0625,112.078125,111.984375,112.03125,57387.0
2023-07-24 19:00:00+00:00,111.953125,112.09375,111.90625,112.0625,90615.0
2023-07-24 20:00:00+00:00,111.90625,111.96875,111.875,111.96875,0.0
2023-07-24 22:00:00+00:00,111.90625,111.9375,111.90625,111.921875,2754.0
2023-07-24 23:00:00+00:00,111.90625,111.921875,111.890625,111.90625,3644.0
2023-07-25 00:00:00+00:00,111.890625,111.96875,111.875,111.90625,10266.0
2023-07-25 01:00:00+00:00,112.03125,112.046875,111.890625,111.890625,10902.0
2023-07-25 02:00:00+00:00,112.015625,112.03125,112.0,112.03125,6782.0
2023-07-25 03:00:00+00:00,111.984375,112.0,111.96875,112.0,6397.0
2023-07-25 04:00:00+00:00,111.96875,112.0,111.953125,111.984375,3775.0
2023-07-25 05:00:00+00:00,111.921875,111.984375,111.890625,111.96875,12587.0
2023-07-25 06:00:00+00:00,111.890625,111.921875,111.828125,111.921875,49360.0
2023-07-25 07:00:00+00:00,111.921875,111.96875,111.84375,111.890625,30254.0
2023-07-25 08:00:00+00:00,111.828125,112.0,111.78125,111.98400115966797,50452.0
2023-07-25 09:00:00+00:00,111.765625,111.859375,111.734375,111.828125,32825.0
2023-07-25 10:00:00+00:00,111.78125,111.796875,111.734375,111.78125,22644.0
2023-07-25 11:00:00+00:00,111.765625,111.78125,111.6875,111.78125,42229.0
2023-07-25 12:00:00+00:00,111.703125,111.84375,111.671875,111.75,105029.0
2023-07-25 13:00:00+00:00,111.71875,111.796875,111.546875,111.71875,170564.0
2023-07-25 14:00:00+00:00,111.671875,111.75,111.5625,111.703125,127825.0
2023-07-25 15:00:00+00:00,111.71875,111.796875,111.640625,111.6875,104568.0
2023-07-25 16:00:00+00:00,111.6875,111.765625,111.65625,111.71875,61439.0
2023-07-25 17:00:00+00:00,111.59375,111.703125,111.59375,111.6875,49134.0
2023-07-25 18:00:00+00:00,111.609375,111.671875,111.546875,111.59375,130084.0
2023-07-25 19:00:00+00:00,111.734375,111.765625,111.609375,111.609375,82951.0
2023-07-25 20:00:00+00:00,111.765625,111.90625,111.734375,111.734375,0.0
2023-07-25 22:00:00+00:00,111.75,111.78125,111.71875,111.765625,2843.0
2023-07-25 23:00:00+00:00,111.71875,111.75,111.71875,111.75,3208.0
2023-07-26 00:00:00+00:00,111.6875,111.734375,111.6875,111.734375,7416.0
2023-07-26 01:00:00+00:00,111.71875,111.8125,111.671875,111.6875,29288.0
2023-07-26 02:00:00+00:00,111.75,111.765625,111.6875,111.71875,6152.0
2023-07-26 03:00:00+00:00,111.796875,111.796875,111.71875,111.75,7526.0
2023-07-26 04:00:00+00:00,111.765625,111.78125,111.75,111.78125,6212.0
2023-07-26 05:00:00+00:00,111.828125,111.84375,111.734375,111.75,12744.0
2023-07-26 06:00:00+00:00,111.84375,111.859375,111.75,111.8125,23466.0
2023-07-26 07:00:00+00:00,111.796875,111.84375,111.71875,111.828125,36992.0
2023-07-26 08:00:00+00:00,111.84375,111.90625,111.78125,111.796875,33884.0
2023-07-26 09:00:00+00:00,111.828125,111.859375,111.796875,111.84375,17266.0
2023-07-26 10:00:00+00:00,111.78125,111.859375,111.734375,111.828125,27475.0
2023-07-26 11:00:00+00:00,111.8125,111.84375,111.765625,111.78125,22338.0
2023-07-26 12:00:00+00:00,111.921875,111.984375,111.703125,111.8125,108700.0
2023-07-26 13:00:00+00:00,111.78125,111.984375,111.75,111.921875,110733.0
2023-07-26 14:00:00+00:00,111.8125,111.921875,111.78125,111.796875,123262.0
2023-07-26 15:00:00+00:00,111.875,111.90625,111.765625,111.828125,64557.0
2023-07-26 16:00:00+00:00,111.765625,111.90625,111.71875,111.875,59844.0
2023-07-26 17:00:00+00:00,111.78125,111.828125,111.703125,111.765625,64631.0
2023-07-26 18:00:00+00:00,112.125,112.171875,111.65625,111.78125,282902.0
2023-07-26 19:00:00+00:00,112.078125,112.15625,111.90625,112.125,160970.0
2023-07-26 20:00:00+00:00,111.953125,112.09375,111.9375,112.09375,0.0
2023-07-26 22:00:00+00:00,111.9375,111.96875,111.921875,111.953125,5596.0
2023-07-26 23:00:00+00:00,111.90625,111.9375,111.828125,111.9375,10901.0
2023-07-27 00:00:00+00:00,111.953125,111.96875,111.890625,111.890625,10841.0
2023-07-27 01:00:00+00:00,112.046875,112.078125,111.921875,111.9375,19840.0
2023-07-27 02:00:00+00:00,112.078125,112.109375,112.046875,112.046875,15682.0
2023-07-27 03:00:00+00:00,112.078125,112.109375,112.0625,112.0625,10327.0
2023-07-27 04:00:00+00:00,112.0625,112.109375,112.03125,112.078125,8364.0
2023-07-27 05:00:00+00:00,112.09375,112.109375,112.046875,112.0625,11335.0
2023-07-27 06:00:00+00:00,112.171875,112.21875,112.09375,112.09375,40764.0
2023-07-27 07:00:00+00:00,112.0,112.15625,112.0,112.15625,53901.0
2023-07-27 08:00:00+00:00,111.984375,112.046875,111.96875,112.0,30588.0
2023-07-27 09:00:00+00:00,111.96875,112.015625,111.921875,111.96875,18946.0
2023-07-27 10:00:00+00:00,112.015625,112.046875,111.953125,111.96875,19287.0
2023-07-27 11:00:00+00:00,112.015625,112.09375,111.984375,112.03125,30443.0
2023-07-27 12:00:00+00:00,111.703125,112.140625,111.65625,112.015625,252596.0
2023-07-27 13:00:00+00:00,111.625,111.859375,111.625,111.703125,189010.0
2023-07-27 14:00:00+00:00,111.28125,111.625,111.28125,111.625,259717.0
2023-07-27 15:00:00+00:00,111.4375,111.5,111.28125,111.296875,165625.0
2023-07-27 16:00:00+00:00,111.453125,111.5,111.40625,111.4375,93184.0
2023-07-27 17:00:00+00:00,111.25,111.5,111.09375,111.453125,385722.0
2023-07-27 18:00:00+00:00,111.015625,111.28125,110.953125,111.25,245749.0
2023-07-27 19:00:00+00:00,111.09375,111.125,110.96875,111.015625,151893.0
2023-07-27 20:00:00+00:00,111.078125,111.125,111.03125,111.078125,0.0
2023-07-27 22:00:00+00:00,111.125,111.140625,111.078125,111.078125,5636.0
2023-07-27 23:00:00+00:00,111.0,111.125,110.984375,111.125,16866.0
2023-07-28 00:00:00+00:00,111.15625,111.203125,111.0,111.0,30056.0
2023-07-28 01:00:00+00:00,111.234375,111.234375,111.109375,111.15625,25315.0
2023-07-28 02:00:00+00:00,111.171875,111.265625,111.15625,111.234375,27375.0
2023-07-28 03:00:00+00:00,111.0625,111.328125,110.890625,111.171875,125993.0
2023-07-28 04:00:00+00:00,111.046875,111.078125,110.796875,111.0625,73164.0
2023-07-28 05:00:00+00:00,111.171875,111.28125,111.046875,111.046875,47850.0
2023-07-28 06:00:00+00:00,111.015625,111.203125,110.96875,111.171875,62238.0
2023-07-28 07:00:00+00:00,111.046875,111.203125,110.9375,111.0,60810.0
2023-07-28 08:00:00+00:00,111.171875,111.21875,111.015625,111.0469970703125,55856.0
2023-07-28 09:00:00+00:00,111.3125,111.34375,111.125,111.171875,47105.0
2023-07-28 10:00:00+00:00,111.328125,111.390625,111.28125,111.328125,33671.0
2023-07-28 11:00:00+00:00,111.421875,111.453125,111.3125,111.3125,64755.0
2023-07-28 12:00:00+00:00,111.34375,111.65625,111.265625,111.421875,235501.0
2023-07-28 13:00:00+00:00,111.296875,111.359375,111.1875,111.34375,181253.0
2023-07-28 14:00:00+00:00,111.4375,111.515625,111.28125,111.296875,159281.0
2023-07-28 15:00:00+00:00,111.375,111.5,111.359375,111.453125,76056.0
2023-07-28 16:00:00+00:00,111.296875,111.421875,111.296875,111.375,69358.0
2023-07-28 17:00:00+00:00,111.328125,111.34375,111.265625,111.296875,39016.0
2023-07-28 18:00:00+00:00,111.359375,111.390625,111.3125,111.328125,83963.0
2023-07-28 19:00:00+00:00,111.40625,111.4375,111.3125,111.34375,74161.0
2023-07-28 20:00:00+00:00,111.4375,111.453125,111.390625,111.40625,31727.0
2023-07-30 22:00:00+00:00,111.4375,111.46875,111.40625,111.46875,5822.0
2023-07-30 23:00:00+00:00,111.390625,111.453125,111.375,111.453125,8568.0
2023-07-31 00:00:00+00:00,111.28125,111.40625,111.25,111.390625,15867.0
2023-07-31 01:00:00+00:00,111.265625,111.328125,111.21875,111.265625,22196.0
2023-07-31 02:00:00+00:00,111.234375,111.265625,111.234375,111.25,6184.0
2023-07-31 03:00:00+00:00,111.203125,111.265625,111.1875,111.234375,13310.0
2023-07-31 04:00:00+00:00,111.171875,111.203125,111.15625,111.1875,7520.0
2023-07-31 05:00:00+00:00,111.15625,111.1875,111.109375,111.1875,16979.0
2023-07-31 06:00:00+00:00,111.125,111.203125,111.0625,111.15625,38698.0
2023-07-31 07:00:00+00:00,111.25,111.28125,111.09375,111.140625,52659.0
2023-07-31 08:00:00+00:00,111.25,111.3125,111.234375,111.25,30573.0
2023-07-31 09:00:00+00:00,111.21875,111.296875,111.203125,111.25,27632.0
2023-07-31 10:00:00+00:00,111.296875,111.296875,111.21875,111.21875,18883.0
2023-07-31 11:00:00+00:00,111.40625,111.4375,111.28125,111.296875,50614.0
2023-07-31 12:00:00+00:00,111.375,111.453125,111.3125,111.421875,72088.0
2023-07-31 13:00:00+00:00,111.515625,111.546875,111.25,111.375,112780.0
2023-07-31 14:00:00+00:00,111.46875,111.546875,111.40625,111.53125,121153.0
2023-07-31 15:00:00+00:00,111.484375,111.53125,111.421875,111.484375,93770.0
2023-07-31 16:00:00+00:00,111.59375,111.609375,111.453125,111.5,87181.0
2023-07-31 17:00:00+00:00,111.59375,111.625,111.5625,111.609375,60694.0
2023-07-31 18:00:00+00:00,111.421875,111.625,111.390625,111.578125,156510.0
2023-07-31 19:00:00+00:00,111.484375,111.515625,111.328125,111.421875,443258.0
2023-07-31 20:00:00+00:00,111.375,111.484375,111.34375,111.484375,0.0
2023-07-31 22:00:00+00:00,111.375,111.40625,111.359375,111.40625,3991.0
2023-07-31 23:00:00+00:00,111.390625,111.40625,111.34375,111.375,5449.0
2023-08-01 00:00:00+00:00,111.34375,111.40625,111.328125,111.375,11506.0
2023-08-01 01:00:00+00:00,111.359375,111.375,111.328125,111.34375,8058.0
2023-08-01 02:00:00+00:00,111.390625,111.40625,111.34375,111.359375,5168.0
2023-08-01 03:00:00+00:00,111.40625,111.421875,111.375,111.390625,8232.0
2023-08-01 04:00:00+00:00,111.4375,111.46875,111.359375,111.421875,18512.0
2023-08-01 05:00:00+00:00,111.421875,111.453125,111.40625,111.4375,10942.0
2023-08-01 06:00:00+00:00,111.5,111.5,111.40625,111.421875,23798.0
2023-08-01 07:00:00+00:00,111.375,111.5,111.328125,111.5,39597.0
2023-08-01 08:00:00+00:00,111.34375,111.375,111.28125,111.34400177001953,43176.0
2023-08-01 09:00:00+00:00,111.390625,111.421875,111.3125,111.34375,36570.0
2023-08-01 10:00:00+00:00,111.34375,111.40625,111.296875,111.390625,20786.0
2023-08-01 11:00:00+00:00,111.1875,111.359375,111.1875,111.359375,54766.0
2023-08-01 12:00:00+00:00,110.96875,111.203125,110.890625,111.1875,182838.0
2023-08-01 13:00:00+00:00,110.984375,111.0625,110.9375,110.96875,123090.0
2023-08-01 14:00:00+00:00,110.96875,111.21875,110.859375,111.0,269732.0
2023-08-01 15:00:00+00:00,110.921875,110.96875,110.828125,110.953125,119233.0
2023-08-01 16:00:00+00:00,110.90625,110.96875,110.859375,110.921875,72534.0
2023-08-01 17:00:00+00:00,110.84375,110.953125,110.828125,110.921875,56116.0
2023-08-01 18:00:00+00:00,110.890625,110.96875,110.84375,110.84375,104480.0
2023-08-01 19:00:00+00:00,111.0,111.015625,110.875,110.875,94240.0
2023-08-01 20:00:00+00:00,111.09375,111.09375,110.96875,111.0,69014.0
2023-08-01 21:00:00+00:00,111.09375,111.09375,111.09375,111.09375,0.0
2023-08-01 22:00:00+00:00,111.15625,111.234375,111.0,111.0,33037.0
2023-08-01 23:00:00+00:00,111.1875,111.234375,111.125,111.15625,10966.0
2023-08-02 00:00:00+00:00,111.15625,111.234375,111.078125,111.203125,22424.0
2023-08-02 01:00:00+00:00,111.03125,111.171875,111.03125,111.15625,12282.0
2023-08-02 02:00:00+00:00,111.046875,111.078125,111.0,111.03125,17682.0
2023-08-02 03:00:00+00:00,111.015625,111.078125,111.015625,111.0625,8841.0
2023-08-02 04:00:00+00:00,111.046875,111.046875,111.0,111.015625,6589.0
2023-08-02 05:00:00+00:00,111.0625,111.109375,111.046875,111.046875,15934.0
2023-08-02 06:00:00+00:00,111.171875,111.203125,111.0625,111.078125,30958.0
2023-08-02 07:00:00+00:00,111.09375,111.171875,111.015625,111.171875,49301.0
2023-08-02 08:00:00+00:00,111.1875,111.234375,111.078125,111.09400177001953,60271.0
2023-08-02 09:00:00+00:00,111.15625,111.203125,111.109375,111.171875,21171.0
2023-08-02 10:00:00+00:00,111.1875,111.203125,111.125,111.15625,27254.0
2023-08-02 11:00:00+00:00,111.125,111.234375,111.125,111.171875,49541.0
2023-08-02 12:00:00+00:00,110.84375,111.15625,110.84375,111.125,213339.0
2023-08-02 13:00:00+00:00,110.78125,110.890625,110.703125,110.828125,219117.0
2023-08-02 14:00:00+00:00,110.5625,110.796875,110.53125,110.78125,239047.0
2023-08-02 15:00:00+00:00,110.65625,110.75,110.46875,110.546875,187340.0
2023-08-02 16:00:00+00:00,110.734375,110.765625,110.640625,110.671875,101085.0
2023-08-02 17:00:00+00:00,110.796875,110.890625,110.71875,110.734375,108468.0
2023-08-02 18:00:00+00:00,110.796875,110.8125,110.71875,110.8125,94327.0
2023-08-02 19:00:00+00:00,110.84375,110.875,110.78125,110.78125,78915.0
2023-08-02 20:00:00+00:00,110.796875,110.875,110.734375,110.859375,0.0
2023-08-02 22:00:00+00:00,110.765625,110.84375,110.734375,110.828125,6786.0
2023-08-02 23:00:00+00:00,110.765625,110.78125,110.703125,110.765625,8563.0
2023-08-03 00:00:00+00:00,110.703125,110.78125,110.640625,110.765625,18157.0
2023-08-03 01:00:00+00:00,110.6875,110.75,110.671875,110.703125,13325.0
2023-08-03 02:00:00+00:00,110.625,110.6875,110.59375,110.671875,16095.0
2023-08-03 03:00:00+00:00,110.65625,110.671875,110.609375,110.625,9110.0
2023-08-03 04:00:00+00:00,110.578125,110.671875,110.5625,110.65625,13779.0
2023-08-03 05:00:00+00:00,110.515625,110.59375,110.4375,110.578125,45404.0
2023-08-03 06:00:00+00:00,110.375,110.515625,110.34375,110.515625,55712.0
2023-08-03 07:00:00+00:00,110.421875,110.453125,110.3125,110.359375,94455.0
2023-08-03 08:00:00+00:00,110.40625,110.4375,110.3125,110.421875,51814.0
2023-08-03 09:00:00+00:00,110.4375,110.484375,110.375,110.421875,31454.0
2023-08-03 10:00:00+00:00,110.40625,110.46875,110.375,110.453125,41356.0
2023-08-03 11:00:00+00:00,110.46875,110.546875,110.328125,110.421875,86911.0
2023-08-03 12:00:00+00:00,110.28125,110.65625,110.265625,110.46875,233105.0
2023-08-03 13:00:00+00:00,110.1875,110.34375,110.171875,110.296875,224127.0
2023-08-03 14:00:00+00:00,110.265625,110.375,110.171875,110.171875,227796.0
2023-08-03 15:00:00+00:00,110.1875,110.46875,110.1875,110.265625,152751.0
2023-08-03 16:00:00+00:00,110.34375,110.375,110.171875,110.1875,82789.0
2023-08-03 17:00:00+00:00,110.265625,110.375,110.1875,110.34375,85954.0
2023-08-03 18:00:00+00:00,110.234375,110.328125,110.203125,110.265625,109819.0
2023-08-03 19:00:00+00:00,110.25,110.265625,110.171875,110.21875,105310.0
2023-08-03 20:00:00+00:00,110.28125,110.3125,110.234375,110.234375,58614.0
2023-08-03 22:00:00+00:00,110.3125,110.34375,110.28125,110.28125,0.0
2023-08-03 23:00:00+00:00,110.296875,110.328125,110.28125,110.328125,7130.0
2023-08-04 00:00:00+00:00,110.25,110.3125,110.21875,110.28125,10639.0
2023-08-04 01:00:00+00:00,110.328125,110.34375,110.21875,110.234375,23228.0
2023-08-04 02:00:00+00:00,110.328125,110.40625,110.3125,110.328125,16490.0
2023-08-04 03:00:00+00:00,110.296875,110.328125,110.28125,110.328125,7501.0
2023-08-04 04:00:00+00:00,110.265625,110.3125,110.25,110.296875,9043.0
2023-08-04 05:00:00+00:00,110.28125,110.3125,110.25,110.25,16641.0
2023-08-04 06:00:00+00:00,110.1875,110.265625,110.1875,110.265625,27731.0
2023-08-04 07:00:00+00:00,110.21875,110.28125,110.1875,110.203125,43906.0
2023-08-04 08:00:00+00:00,110.203125,110.25,110.15625,110.21875,31275.0
2023-08-04 09:00:00+00:00,110.125,110.21875,110.09375,110.203125,38305.0
2023-08-04 10:00:00+00:00,110.15625,110.171875,110.09375,110.125,29840.0
2023-08-04 11:00:00+00:00,110.171875,110.203125,110.140625,110.15625,46454.0
2023-08-04 12:00:00+00:00,110.3125,110.40625,109.75,110.15625,398028.0
2023-08-04 13:00:00+00:00,110.828125,110.9375,110.3125,110.3125,452143.0
2023-08-04 14:00:00+00:00,110.875,111.03125,110.828125,110.84375,231039.0
2023-08-04 15:00:00+00:00,110.984375,111.0625,110.84375,110.875,184410.0
2023-08-04 16:00:00+00:00,111.09375,111.109375,110.96875,110.96875,75815.0
2023-08-04 17:00:00+00:00,111.078125,111.125,111.046875,111.09375,56447.0
2023-08-04 18:00:00+00:00,111.140625,111.15625,111.046875,111.078125,126612.0
2023-08-04 19:00:00+00:00,111.234375,111.3125,111.125,111.125,126142.0
2023-08-04 20:00:00+00:00,111.296875,111.328125,111.21875,111.21875,50972.0
2023-08-06 22:00:00+00:00,111.15625,111.265625,111.15625,111.265625,9486.0
2023-08-06 23:00:00+00:00,111.21875,111.21875,111.140625,111.15625,8611.0
2023-08-07 00:00:00+00:00,111.1875,111.25,111.171875,111.203125,21144.0
2023-08-07 01:00:00+00:00,111.09375,111.171875,111.0625,111.171875,26943.0
2023-08-07 02:00:00+00:00,111.125,111.140625,111.078125,111.09375,10299.0
2023-08-07 03:00:00+00:00,111.046875,111.125,111.046875,111.125,10006.0
2023-08-07 04:00:00+00:00,111.125,111.125,111.046875,111.046875,7861.0
2023-08-07 05:00:00+00:00,111.09375,111.140625,111.0625,111.109375,10256.0
2023-08-07 06:00:00+00:00,110.984375,111.09375,110.96875,111.078125,50097.0
2023-08-07 07:00:00+00:00,110.921875,111.03125,110.859375,110.984375,46963.0
2023-08-07 08:00:00+00:00,110.890625,110.9219970703125,110.828125,110.9219970703125,38492.0
2023-08-07 09:00:00+00:00,110.84375,110.90625,110.84375,110.875,16199.0
2023-08-07 10:00:00+00:00,110.8125,110.8125,110.71875,110.7969970703125,60293.0
2023-08-07 11:00:00+00:00,110.90625,110.90625,110.796875,110.8125,55605.0
2023-08-07 12:00:00+00:00,111.09375,111.109375,110.796875,110.90625,118112.0
2023-08-07 13:00:00+00:00,111.03125,111.1875,111.03125,111.078125,150574.0
2023-08-07 14:00:00+00:00,110.984375,111.15625,110.96875,111.046875,116992.0
2023-08-07 15:00:00+00:00,110.96875,111.078125,110.953125,110.96875,99869.0
2023-08-07 16:00:00+00:00,111.0625,111.078125,110.9375,110.96875,77125.0
2023-08-07 17:00:00+00:00,111.109375,111.125,111.03125,111.078125,49952.0
2023-08-07 18:00:00+00:00,111.125,111.171875,111.109375,111.125,72693.0
2023-08-07 19:00:00+00:00,111.03125,111.15625,111.03125,111.125,76130.0
2023-08-07 20:00:00+00:00,111.0,111.0625,110.9375,111.03125,0.0
2023-08-07 22:00:00+00:00,111.015625,111.03125,110.96875,111.0,3742.0
2023-08-07 23:00:00+00:00,111.0625,111.078125,111.0,111.0,8054.0
2023-08-08 00:00:00+00:00,111.0625,111.09375,111.046875,111.0625,15748.0
2023-08-08 01:00:00+00:00,111.140625,111.171875,111.046875,111.046875,24810.0
2023-08-08 02:00:00+00:00,111.21875,111.25,111.140625,111.140625,12904.0
2023-08-08 03:00:00+00:00,111.203125,111.21875,111.171875,111.21875,8106.0
2023-08-08 04:00:00+00:00,111.296875,111.296875,111.1875,111.203125,14152.0
2023-08-08 05:00:00+00:00,111.390625,111.421875,111.265625,111.296875,30637.0
2023-08-08 06:00:00+00:00,111.46875,111.515625,111.390625,111.390625,67659.0
2023-08-08 07:00:00+00:00,111.453125,111.578125,111.40625,111.46875,100269.0
2023-08-08 08:00:00+00:00,111.4375,111.5,111.40625,111.453125,38603.0
2023-08-08 09:00:00+00:00,111.515625,111.578125,111.4375,111.4375,35106.0
2023-08-08 10:00:00+00:00,111.53125,111.59375,111.515625,111.56199645996094,39223.0
2023-08-08 11:00:00+00:00,111.578125,111.6875,111.515625,111.53125,113150.0
2023-08-08 12:00:00+00:00,111.515625,111.65625,111.5,111.578125,147228.0
2023-08-08 13:00:00+00:00,111.609375,111.671875,111.421875,111.515625,164152.0
2023-08-08 14:00:00+00:00,111.515625,111.65625,111.5,111.609375,104752.0
2023-08-08 15:00:00+00:00,111.453125,111.515625,111.390625,111.515625,104256.0
2023-08-08 16:00:00+00:00,111.4375,111.46875,111.375,111.453125,62133.0
2023-08-08 17:00:00+00:00,111.4375,111.5,111.375,111.4375,80865.0
2023-08-08 18:00:00+00:00,111.40625,111.453125,111.359375,111.4375,95432.0
2023-08-08 19:00:00+00:00,111.453125,111.5,111.40625,111.40625,61512.0
2023-08-08 20:00:00+00:00,111.421875,111.453125,111.40625,111.453125,46015.0
2023-08-08 22:00:00+00:00,111.421875,111.46875,111.40625,111.421875,0.0
2023-08-08 23:00:00+00:00,111.5,111.5,111.421875,111.421875,5056.0
2023-08-09 00:00:00+00:00,111.5625,111.625,111.484375,111.5,24698.0
2023-08-09 01:00:00+00:00,111.46875,111.578125,111.46875,111.546875,13078.0
2023-08-09 02:00:00+00:00,111.421875,111.46875,111.40625,111.46875,14544.0
2023-08-09 03:00:00+00:00,111.4375,111.453125,111.421875,111.421875,5502.0
2023-08-09 04:00:00+00:00,111.5,111.5,111.4375,111.4375,6161.0
2023-08-09 05:00:00+00:00,111.5625,111.578125,111.5,111.5,11521.0
2023-08-09 06:00:00+00:00,111.453125,111.5625,111.4375,111.5625,30760.0
2023-08-09 07:00:00+00:00,111.453125,111.5,111.390625,111.4375,45780.0
2023-08-09 08:00:00+00:00,111.5,111.53125,111.453125,111.453125,23052.0
2023-08-09 09:00:00+00:00,111.453125,111.515625,111.4375,111.5,14817.0
2023-08-09 10:00:00+00:00,111.328125,111.484375,111.3125,111.453125,30472.0
2023-08-09 11:00:00+00:00,111.328125,111.390625,111.265625,111.328125,44731.0
2023-08-09 12:00:00+00:00,111.359375,111.40625,111.296875,111.34375,87525.0
2023-08-09 13:00:00+00:00,111.4375,111.5625,111.34375,111.34375,116243.0
2023-08-09 14:00:00+00:00,111.46875,111.59375,111.4375,111.4375,134305.0
2023-08-09 15:00:00+00:00,111.5,111.5625,111.453125,111.453125,107209.0
2023-08-09 16:00:00+00:00,111.515625,111.578125,111.484375,111.5,76043.0
2023-08-09 17:00:00+00:00,111.484375,111.625,111.421875,111.515625,111641.0
2023-08-09 18:00:00+00:00,111.390625,111.484375,111.34375,111.484375,81732.0
2023-08-09 19:00:00+00:00,111.40625,111.453125,111.375,111.40625,60515.0
2023-08-09 20:00:00+00:00,111.359375,111.4375,111.328125,111.421875,0.0
2023-08-09 22:00:00+00:00,111.375,111.390625,111.34375,111.359375,4549.0
2023-08-09 23:00:00+00:00,111.328125,111.375,111.28125,111.375,8305.0
2023-08-10 00:00:00+00:00,111.3125,111.359375,111.296875,111.328125,8292.0
2023-08-10 01:00:00+00:00,111.265625,111.3125,111.265625,111.3125,10231.0
2023-08-10 02:00:00+00:00,111.265625,111.296875,111.25,111.28125,7428.0
2023-08-10 03:00:00+00:00,111.28125,111.296875,111.25,111.28125,6780.0
2023-08-10 04:00:00+00:00,111.25,111.28125,111.25,111.265625,4881.0
2023-08-10 05:00:00+00:00,111.25,111.265625,111.203125,111.25,11202.0
2023-08-10 06:00:00+00:00,111.296875,111.34375,111.21875,111.25,23670.0
2023-08-10 07:00:00+00:00,111.328125,111.34375,111.234375,111.3125,39338.0
2023-08-10 08:00:00+00:00,111.3125,111.375,111.28125,111.34375,25137.0
2023-08-10 09:00:00+00:00,111.34375,111.375,111.296875,111.296875,17205.0
2023-08-10 10:00:00+00:00,111.375,111.40625,111.3125,111.34375,30425.0
2023-08-10 11:00:00+00:00,111.453125,111.484375,111.359375,111.375,42887.0
2023-08-10 12:00:00+00:00,111.609375,111.90625,111.34375,111.453125,359492.0
2023-08-10 13:00:00+00:00,111.53125,111.671875,111.34375,111.609375,248954.0
2023-08-10 14:00:00+00:00,111.359375,111.578125,111.3125,111.53125,160947.0
2023-08-10 15:00:00+00:00,111.328125,111.375,111.171875,111.359375,142770.0
2023-08-10 16:00:00+00:00,111.3125,111.375,111.265625,111.34375,73109.0
2023-08-10 17:00:00+00:00,110.828125,111.359375,110.78125,111.3125,259034.0
2023-08-10 18:00:00+00:00,110.875,110.890625,110.734375,110.84375,166972.0
2023-08-10 19:00:00+00:00,110.703125,110.890625,110.703125,110.859375,117071.0
2023-08-10 20:00:00+00:00,110.6875,110.78125,110.640625,110.703125,0.0
2023-08-10 22:00:00+00:00,110.75,110.75,110.65625,110.671875,8516.0
2023-08-10 23:00:00+00:00,110.765625,110.78125,110.734375,110.75,4759.0
2023-08-11 00:00:00+00:00,110.734375,110.765625,110.71875,110.75,8801.0
2023-08-11 01:00:00+00:00,110.765625,110.765625,110.671875,110.734375,11169.0
2023-08-11 02:00:00+00:00,110.703125,110.78125,110.703125,110.765625,9331.0
2023-08-11 03:00:00+00:00,110.734375,110.75,110.6875,110.6875,3226.0
2023-08-11 04:00:00+00:00,110.71875,110.75,110.703125,110.734375,2798.0
2023-08-11 05:00:00+00:00,110.75,110.78125,110.703125,110.71875,7800.0
2023-08-11 06:00:00+00:00,110.75,110.8125,110.671875,110.765625,38494.0
2023-08-11 07:00:00+00:00,110.765625,110.78125,110.703125,110.765625,38120.0
2023-08-11 08:00:00+00:00,110.875,110.890625,110.78125,110.81199645996094,42577.0
2023-08-11 09:00:00+00:00,110.84375,110.90625,110.828125,110.875,15707.0
2023-08-11 10:00:00+00:00,110.765625,110.859375,110.734375,110.84400177001953,41664.0
2023-08-11 11:00:00+00:00,110.765625,110.84375,110.734375,110.765625,34290.0
2023-08-11 12:00:00+00:00,110.359375,110.90625,110.3125,110.765625,230941.0
2023-08-11 13:00:00+00:00,110.40625,110.46875,110.265625,110.359375,190041.0
2023-08-11 14:00:00+00:00,110.5625,110.640625,110.40625,110.40625,212050.0
2023-08-11 15:00:00+00:00,110.359375,110.578125,110.28125,110.5625,144242.0
2023-08-11 16:00:00+00:00,110.25,110.390625,110.234375,110.359375,107218.0
2023-08-11 17:00:00+00:00,110.203125,110.328125,110.1875,110.25,79685.0
2023-08-11 18:00:00+00:00,110.1875,110.265625,110.171875,110.203125,102227.0
2023-08-11 19:00:00+00:00,110.15625,110.234375,110.125,110.1875,86991.0
2023-08-11 20:00:00+00:00,110.234375,110.25,110.15625,110.171875,49082.0
2023-08-13 22:00:00+00:00,110.109375,110.171875,109.953125,110.171875,14943.0
2023-08-13 23:00:00+00:00,110.109375,110.140625,110.09375,110.125,4709.0
2023-08-14 00:00:00+00:00,110.09375,110.140625,110.03125,110.125,18116.0
2023-08-14 01:00:00+00:00,110.078125,110.171875,110.046875,110.09375,15357.0
2023-08-14 02:00:00+00:00,110.109375,110.125,110.0625,110.078125,8696.0
2023-08-14 03:00:00+00:00,110.171875,110.171875,110.09375,110.109375,9052.0
2023-08-14 04:00:00+00:00,110.140625,110.1875,110.140625,110.171875,5682.0
2023-08-14 05:00:00+00:00,110.140625,110.1875,110.125,110.140625,7904.0
2023-08-14 06:00:00+00:00,110.15625,110.265625,110.140625,110.140625,36670.0
2023-08-14 07:00:00+00:00,110.1875,110.21875,110.09375,110.15625,39800.0
2023-08-14 08:00:00+00:00,110.25,110.265625,110.15625,110.18800354003906,36092.0
2023-08-14 09:00:00+00:00,110.203125,110.265625,110.1875,110.25,18562.0
2023-08-14 10:00:00+00:00,110.265625,110.296875,110.171875,110.203125,22159.0
2023-08-14 11:00:00+00:00,110.21875,110.3125,110.203125,110.28125,25517.0
2023-08-14 12:00:00+00:00,110.03125,110.234375,109.984375,110.21875,155008.0
2023-08-14 13:00:00+00:00,109.84375,110.046875,109.765625,110.03125,174900.0
2023-08-14 14:00:00+00:00,109.984375,110.046875,109.78125,109.84375,151169.0
2023-08-14 15:00:00+00:00,110.09375,110.140625,109.96875,109.984375,109145.0
2023-08-14 16:00:00+00:00,110.171875,110.25,110.0625,110.078125,103699.0
2023-08-14 17:00:00+00:00,110.078125,110.1875,110.0625,110.15625,60032.0
2023-08-14 18:00:00+00:00,110.0,110.125,109.984375,110.078125,108119.0
2023-08-14 19:00:00+00:00,109.953125,110.015625,109.921875,110.015625,74278.0
2023-08-14 20:00:00+00:00,109.921875,109.984375,109.84375,109.953125,0.0
2023-08-14 22:00:00+00:00,109.9375,109.953125,109.90625,109.90625,3248.0
2023-08-14 23:00:00+00:00,109.875,109.953125,109.875,109.953125,6718.0
2023-08-15 00:00:00+00:00,109.828125,109.875,109.8125,109.875,12800.0
2023-08-15 01:00:00+00:00,109.90625,109.96875,109.8125,109.828125,19825.0
2023-08-15 02:00:00+00:00,109.859375,109.953125,109.859375,109.90625,13429.0
2023-08-15 03:00:00+00:00,109.90625,109.921875,109.859375,109.859375,8457.0
2023-08-15 04:00:00+00:00,109.859375,109.921875,109.859375,109.90625,4414.0
2023-08-15 05:00:00+00:00,109.859375,109.890625,109.859375,109.859375,4586.0
2023-08-15 06:00:00+00:00,109.796875,109.875,109.71875,109.875,63842.0
2023-08-15 07:00:00+00:00,109.71875,109.8125,109.71875,109.796875,35240.0
2023-08-15 08:00:00+00:00,109.78125,109.796875,109.703125,109.71875,42772.0
2023-08-15 09:00:00+00:00,109.75,109.796875,109.6875,109.78125,39575.0
2023-08-15 10:00:00+00:00,109.6875,109.75,109.640625,109.734375,46314.0
2023-08-15 11:00:00+00:00,109.671875,109.75,109.640625,109.6875,48773.0
2023-08-15 12:00:00+00:00,109.640625,109.734375,109.359375,109.671875,318726.0
2023-08-15 13:00:00+00:00,110.078125,110.125,109.640625,109.65625,334017.0
2023-08-15 14:00:00+00:00,110.140625,110.21875,110.03125,110.078125,187971.0
2023-08-15 15:00:00+00:00,110.078125,110.15625,109.96875,110.15625,123965.0
2023-08-15 16:00:00+00:00,109.921875,110.078125,109.90625,110.078125,95939.0
2023-08-15 17:00:00+00:00,109.9375,109.984375,109.875,109.9375,51457.0
2023-08-15 18:00:00+00:00,109.765625,109.96875,109.75,109.953125,117251.0
2023-08-15 19:00:00+00:00,109.8125,109.875,109.765625,109.765625,90971.0
2023-08-15 20:00:00+00:00,109.828125,109.84375,109.78125,109.828125,0.0
2023-08-15 22:00:00+00:00,109.796875,109.859375,109.765625,109.828125,4589.0
2023-08-15 23:00:00+00:00,109.84375,109.859375,109.75,109.796875,7446.0
2023-08-16 00:00:00+00:00,109.90625,109.90625,109.8125,109.84375,14329.0
2023-08-16 01:00:00+00:00,109.953125,109.96875,109.875,109.921875,14813.0
2023-08-16 02:00:00+00:00,109.921875,109.984375,109.921875,109.9375,12673.0
2023-08-16 03:00:00+00:00,109.921875,109.9375,109.890625,109.921875,7109.0
2023-08-16 04:00:00+00:00,109.90625,109.921875,109.890625,109.921875,4502.0
2023-08-16 05:00:00+00:00,110.03125,110.046875,109.921875,109.921875,24419.0
2023-08-16 06:00:00+00:00,110.109375,110.125,109.953125,110.015625,66662.0
2023-08-16 07:00:00+00:00,110.0625,110.140625,110.015625,110.109375,38339.0
2023-08-16 08:00:00+00:00,110.078125,110.109375,109.984375,110.0469970703125,35127.0
2023-08-16 09:00:00+00:00,110.0625,110.125,110.03125,110.078125,23871.0
2023-08-16 10:00:00+00:00,110.078125,110.171875,110.0625,110.0780029296875,39633.0
2023-08-16 11:00:00+00:00,110.015625,110.09375,109.984375,110.078125,40198.0
2023-08-16 12:00:00+00:00,109.796875,110.03125,109.765625,110.015625,132470.0
2023-08-16 13:00:00+00:00,109.859375,109.984375,109.71875,109.8125,205247.0
2023-08-16 14:00:00+00:00,109.96875,110.03125,109.84375,109.859375,163826.0
2023-08-16 15:00:00+00:00,109.78125,109.96875,109.71875,109.96875,158052.0
2023-08-16 16:00:00+00:00,109.671875,109.8125,109.625,109.765625,126381.0
2023-08-16 17:00:00+00:00,109.640625,109.703125,109.578125,109.6875,133456.0
2023-08-16 18:00:00+00:00,109.546875,109.6875,109.515625,109.640625,192462.0
2023-08-16 19:00:00+00:00,109.484375,109.5625,109.421875,109.546875,183308.0
2023-08-16 20:00:00+00:00,109.5625,109.59375,109.453125,109.484375,0.0
2023-08-16 22:00:00+00:00,109.59375,109.640625,109.53125,109.546875,16300.0
2023-08-16 23:00:00+00:00,109.59375,109.625,109.578125,109.609375,7607.0
2023-08-17 00:00:00+00:00,109.359375,109.578125,109.3125,109.578125,42055.0
2023-08-17 01:00:00+00:00,109.328125,109.390625,109.25,109.359375,42230.0
2023-08-17 02:00:00+00:00,109.328125,109.359375,109.296875,109.34375,14400.0
2023-08-17 03:00:00+00:00,109.296875,109.390625,109.28125,109.328125,18186.0
2023-08-17 04:00:00+00:00,109.28125,109.34375,109.28125,109.3125,15248.0
2023-08-17 05:00:00+00:00,109.21875,109.328125,109.171875,109.28125,33098.0
2023-08-17 06:00:00+00:00,109.28125,109.296875,109.1875,109.21875,47444.0
2023-08-17 07:00:00+00:00,109.375,109.40625,109.25,109.265625,75860.0
2023-08-17 08:00:00+00:00,109.34375,109.40625,109.328125,109.359375,33013.0
2023-08-17 09:00:00+00:00,109.359375,109.390625,109.296875,109.34375,20409.0
2023-08-17 10:00:00+00:00,109.265625,109.40625,109.25,109.39099884033203,51403.0
2023-08-17 11:00:00+00:00,109.359375,109.40625,109.25,109.265625,69423.0
2023-08-17 12:00:00+00:00,109.390625,109.484375,109.265625,109.375,185900.0
2023-08-17 13:00:00+00:00,109.34375,109.53125,109.3125,109.40625,183706.0
2023-08-17 14:00:00+00:00,109.296875,109.375,109.234375,109.34375,189300.0
2023-08-17 15:00:00+00:00,109.15625,109.375,109.109375,109.296875,158219.0
2023-08-17 16:00:00+00:00,109.21875,109.25,109.109375,109.15625,95023.0
2023-08-17 17:00:00+00:00,109.15625,109.234375,109.109375,109.234375,57652.0
2023-08-17 18:00:00+00:00,109.265625,109.3125,109.140625,109.171875,87675.0
2023-08-17 19:00:00+00:00,109.390625,109.421875,109.265625,109.265625,119528.0
2023-08-17 20:00:00+00:00,109.484375,109.484375,109.390625,109.390625,0.0
2023-08-17 22:00:00+00:00,109.53125,109.578125,109.453125,109.484375,19481.0
2023-08-17 23:00:00+00:00,109.53125,109.546875,109.5,109.515625,6414.0
2023-08-18 00:00:00+00:00,109.5625,109.578125,109.4375,109.53125,23110.0
2023-08-18 01:00:00+00:00,109.609375,109.640625,109.546875,109.546875,16625.0
2023-08-18 02:00:00+00:00,109.59375,109.640625,109.578125,109.609375,9575.0
2023-08-18 03:00:00+00:00,109.65625,109.6875,109.5625,109.609375,15468.0
2023-08-18 04:00:00+00:00,109.625,109.6875,109.59375,109.671875,13831.0
2023-08-18 05:00:00+00:00,109.71875,109.75,109.625,109.625,26367.0
2023-08-18 06:00:00+00:00,109.828125,109.890625,109.703125,109.71875,61897.0
2023-08-18 07:00:00+00:00,109.8125,109.875,109.71875,109.828125,41010.0
2023-08-18 08:00:00+00:00,109.71875,109.8125,109.71875,109.81199645996094,30055.0
2023-08-18 09:00:00+00:00,109.796875,109.828125,109.703125,109.71875,21949.0
2023-08-18 10:00:00+00:00,109.8125,109.875,109.796875,109.8280029296875,31545.0
2023-08-18 11:00:00+00:00,109.875,109.875,109.75,109.8125,43693.0
2023-08-18 12:00:00+00:00,109.546875,109.875,109.515625,109.875,165162.0
2023-08-18 13:00:00+00:00,109.671875,109.75,109.46875,109.546875,150623.0
2023-08-18 14:00:00+00:00,109.828125,109.859375,109.65625,109.6875,141948.0
2023-08-18 15:00:00+00:00,109.796875,109.828125,109.71875,109.828125,71184.0
2023-08-18 16:00:00+00:00,109.765625,109.828125,109.71875,109.8125,57608.0
2023-08-18 17:00:00+00:00,109.671875,109.78125,109.625,109.765625,71888.0
2023-08-18 18:00:00+00:00,109.625,109.6875,109.609375,109.671875,71287.0
2023-08-18 19:00:00+00:00,109.65625,109.671875,109.5625,109.640625,60265.0
2023-08-18 20:00:00+00:00,109.609375,109.6875,109.578125,109.640625,28149.0
2023-08-20 22:00:00+00:00,109.578125,109.6875,109.5625,109.640625,8264.0
2023-08-20 23:00:00+00:00,109.59375,109.59375,109.5625,109.59375,3180.0
2023-08-21 00:00:00+00:00,109.578125,109.640625,109.5625,109.59375,8299.0
2023-08-21 01:00:00+00:00,109.453125,109.5625,109.4375,109.5625,28192.0
2023-08-21 02:00:00+00:00,109.484375,109.5,109.421875,109.453125,7208.0
2023-08-21 03:00:00+00:00,109.46875,109.5,109.453125,109.484375,6849.0
2023-08-21 04:00:00+00:00,109.4375,109.5,109.4375,109.46875,7678.0
2023-08-21 05:00:00+00:00,109.296875,109.4375,109.28125,109.4375,32182.0
2023-08-21 06:00:00+00:00,109.40625,109.4375,109.296875,109.3125,35910.0
2023-08-21 07:00:00+00:00,109.484375,109.484375,109.40625,109.40625,32209.0
2023-08-21 08:00:00+00:00,109.4375,109.51599884033203,109.421875,109.51599884033203,32272.0
2023-08-21 09:00:00+00:00,109.40625,109.484375,109.390625,109.4375,30821.0
2023-08-21 10:00:00+00:00,109.390625,109.421875,109.3125,109.40625,39557.0
2023-08-21 11:00:00+00:00,109.421875,109.4375,109.359375,109.375,38957.0
2023-08-21 12:00:00+00:00,109.28125,109.46875,109.28125,109.421875,85177.0
2023-08-21 13:00:00+00:00,109.203125,109.34375,109.15625,109.296875,161655.0
2023-08-21 14:00:00+00:00,109.046875,109.21875,109.0,109.203125,274406.0
2023-08-21 15:00:00+00:00,109.078125,109.09375,108.96875,109.0625,174864.0
2023-08-21 16:00:00+00:00,109.09375,109.125,109.0625,109.0625,96407.0
2023-08-21 17:00:00+00:00,109.125,109.140625,109.03125,109.09375,69744.0
2023-08-21 18:00:00+00:00,109.078125,109.15625,109.046875,109.125,145989.0
2023-08-21 19:00:00+00:00,109.078125,109.109375,109.03125,109.078125,65812.0
2023-08-21 20:00:00+00:00,109.046875,109.078125,109.015625,109.078125,0.0
2023-08-21 22:00:00+00:00,109.0625,109.09375,109.046875,109.078125,4008.0
2023-08-21 23:00:00+00:00,108.96875,109.078125,108.9375,109.078125,12950.0
2023-08-22 00:00:00+00:00,108.984375,109.015625,108.875,108.96875,20091.0
2023-08-22 01:00:00+00:00,109.015625,109.03125,108.953125,108.984375,18449.0
2023-08-22 02:00:00+00:00,109.03125,109.09375,109.0,109.0,17706.0
2023-08-22 03:00:00+00:00,109.046875,109.078125,109.015625,109.03125,9200.0
2023-08-22 04:00:00+00:00,109.03125,109.046875,109.015625,109.046875,2884.0
2023-08-22 05:00:00+00:00,109.046875,109.0625,109.015625,109.015625,10928.0
2023-08-22 06:00:00+00:00,109.078125,109.09375,109.0,109.046875,28571.0
2023-08-22 07:00:00+00:00,109.15625,109.171875,109.046875,109.0625,44762.0
2023-08-22 08:00:00+00:00,109.21875,109.234375,109.140625,109.2030029296875,49912.0
2023-08-22 09:00:00+00:00,109.234375,109.265625,109.171875,109.21875,32635.0
2023-08-22 10:00:00+00:00,109.25,109.28125,109.21875,109.234375,27024.0
2023-08-22 11:00:00+00:00,109.25,109.265625,109.15625,109.234375,36917.0
2023-08-22 12:00:00+00:00,109.078125,109.265625,109.078125,109.25,140293.0
2023-08-22 13:00:00+00:00,108.90625,109.09375,108.875,109.09375,211300.0
2023-08-22 14:00:00+00:00,109.03125,109.109375,108.90625,108.90625,182737.0
2023-08-22 15:00:00+00:00,109.15625,109.203125,109.0,109.03125,133801.0
2023-08-22 16:00:00+00:00,109.140625,109.171875,109.109375,109.15625,64563.0
2023-08-22 17:00:00+00:00,109.140625,109.171875,109.109375,109.125,51356.0
2023-08-22 18:00:00+00:00,109.0625,109.125,109.046875,109.125,94392.0
2023-08-22 19:00:00+00:00,109.046875,109.078125,109.015625,109.078125,86410.0
2023-08-22 20:00:00+00:00,109.015625,109.078125,109.0,109.046875,0.0
2023-08-22 22:00:00+00:00,109.03125,109.046875,109.015625,109.046875,4272.0
2023-08-22 23:00:00+00:00,109.078125,109.09375,109.03125,109.03125,3027.0
2023-08-23 00:00:00+00:00,109.140625,109.171875,109.078125,109.09375,13543.0
2023-08-23 01:00:00+00:00,109.203125,109.203125,109.125,109.140625,15968.0
2023-08-23 02:00:00+00:00,109.140625,109.21875,109.140625,109.203125,25763.0
2023-08-23 03:00:00+00:00,109.140625,109.171875,109.125,109.140625,4337.0
2023-08-23 04:00:00+00:00,109.15625,109.15625,109.109375,109.140625,4780.0
2023-08-23 05:00:00+00:00,109.125,109.15625,109.109375,109.140625,12963.0
2023-08-23 06:00:00+00:00,109.234375,109.234375,109.109375,109.125,40060.0
2023-08-23 07:00:00+00:00,109.453125,109.46875,109.171875,109.21875,138778.0
2023-08-23 08:00:00+00:00,109.453125,109.515625,109.40625,109.43800354003906,84102.0
2023-08-23 09:00:00+00:00,109.46875,109.5,109.40625,109.453125,57777.0
2023-08-23 10:00:00+00:00,109.484375,109.5,109.421875,109.46875,44802.0
2023-08-23 11:00:00+00:00,109.421875,109.546875,109.390625,109.46875,63797.0
2023-08-23 12:00:00+00:00,109.328125,109.421875,109.25,109.421875,207213.0
2023-08-23 13:00:00+00:00,109.828125,109.875,109.296875,109.3125,448812.0
2023-08-23 14:00:00+00:00,109.703125,109.828125,109.625,109.828125,326375.0
2023-08-23 15:00:00+00:00,109.8125,109.84375,109.6875,109.6875,206338.0
2023-08-23 16:00:00+00:00,109.859375,109.890625,109.796875,109.8125,146005.0
2023-08-23 17:00:00+00:00,109.90625,109.984375,109.8125,109.859375,160434.0
2023-08-23 18:00:00+00:00,109.890625,109.921875,109.796875,109.90625,314264.0
2023-08-23 19:00:00+00:00,109.953125,109.953125,109.828125,109.875,135215.0
2023-08-23 20:00:00+00:00,109.84375,109.953125,109.828125,109.953125,48895.0
2023-08-23 22:00:00+00:00,109.828125,109.859375,109.8125,109.84375,0.0
2023-08-23 23:00:00+00:00,109.859375,109.875,109.796875,109.8125,10043.0
2023-08-24 00:00:00+00:00,109.875,109.921875,109.796875,109.859375,18140.0
2023-08-24 01:00:00+00:00,109.828125,109.875,109.765625,109.875,21137.0
2023-08-24 02:00:00+00:00,109.828125,109.875,109.8125,109.828125,9385.0
2023-08-24 03:00:00+00:00,109.78125,109.828125,109.765625,109.828125,35254.0
2023-08-24 04:00:00+00:00,109.75,109.796875,109.75,109.78125,7280.0
2023-08-24 05:00:00+00:00,109.8125,109.828125,109.75,109.75,12841.0
2023-08-24 06:00:00+00:00,109.890625,109.9375,109.796875,109.8125,54508.0
2023-08-24 07:00:00+00:00,109.84375,109.984375,109.8125,109.90625,73831.0
2023-08-24 08:00:00+00:00,109.921875,109.984375,109.796875,109.81199645996094,71193.0
2023-08-24 09:00:00+00:00,109.8125,109.953125,109.796875,109.921875,43741.0
2023-08-24 10:00:00+00:00,109.8125,109.84375,109.765625,109.8125,87000.0
2023-08-24 11:00:00+00:00,109.75,109.8125,109.703125,109.8125,103425.0
2023-08-24 12:00:00+00:00,109.578125,109.78125,109.53125,109.75,433331.0
2023-08-24 13:00:00+00:00,109.78125,109.796875,109.546875,109.578125,339883.0
2023-08-24 14:00:00+00:00,109.671875,109.890625,109.65625,109.765625,433236.0
2023-08-24 15:00:00+00:00,109.703125,109.75,109.640625,109.671875,399497.0
2023-08-24 16:00:00+00:00,109.625,109.71875,109.59375,109.71875,136768.0
2023-08-24 17:00:00+00:00,109.625,109.703125,109.59375,109.625,134785.0
2023-08-24 18:00:00+00:00,109.59375,109.65625,109.578125,109.625,151021.0
2023-08-24 19:00:00+00:00,109.59375,109.65625,109.546875,109.59375,359557.0
2023-08-24 20:00:00+00:00,109.546875,109.59375,109.515625,109.59375,0.0
2023-08-24 22:00:00+00:00,109.5625,109.578125,109.546875,109.5625,6318.0
2023-08-24 23:00:00+00:00,109.59375,109.609375,109.5625,109.578125,5198.0
2023-08-25 00:00:00+00:00,109.578125,109.625,109.5625,109.59375,41013.0
2023-08-25 01:00:00+00:00,109.515625,109.59375,109.484375,109.578125,39493.0
2023-08-25 02:00:00+00:00,109.484375,109.515625,109.453125,109.515625,16755.0
2023-08-25 03:00:00+00:00,109.5,109.515625,109.453125,109.484375,7919.0
2023-08-25 04:00:00+00:00,109.46875,109.5,109.46875,109.484375,9575.0
2023-08-25 05:00:00+00:00,109.453125,109.484375,109.4375,109.46875,77577.0
2023-08-25 06:00:00+00:00,109.484375,109.5,109.421875,109.46875,34993.0
2023-08-25 07:00:00+00:00,109.46875,109.546875,109.46875,109.484375,50576.0
2023-08-25 08:00:00+00:00,109.46875,109.46875,109.390625,109.4530029296875,130613.0
2023-08-25 09:00:00+00:00,109.453125,109.484375,109.4375,109.453125,23971.0
2023-08-25 10:00:00+00:00,109.453125,109.46875,109.375,109.4219970703125,72136.0
2023-08-25 11:00:00+00:00,109.515625,109.53125,109.40625,109.453125,84021.0
2023-08-25 12:00:00+00:00,109.46875,109.578125,109.453125,109.515625,400517.0
2023-08-25 13:00:00+00:00,109.515625,109.546875,109.40625,109.484375,350558.0
2023-08-25 14:00:00+00:00,109.171875,109.71875,109.109375,109.5,854346.0
2023-08-25 15:00:00+00:00,109.328125,109.46875,109.171875,109.1875,327021.0
2023-08-25 16:00:00+00:00,109.4375,109.453125,109.3125,109.34375,344329.0
2023-08-25 17:00:00+00:00,109.4375,109.5,109.40625,109.453125,161142.0
2023-08-25 18:00:00+00:00,109.4375,109.515625,109.421875,109.453125,460450.0
2023-08-25 19:00:00+00:00,109.46875,109.484375,109.359375,109.4375,200961.0
2023-08-25 20:00:00+00:00,109.421875,109.515625,109.421875,109.46875,62967.0
2023-08-27 22:00:00+00:00,109.390625,109.515625,109.375,109.453125,10270.0
2023-08-27 23:00:00+00:00,109.34375,109.40625,109.3125,109.40625,7365.0
2023-08-28 00:00:00+00:00,109.328125,109.390625,109.3125,109.34375,10896.0
2023-08-28 01:00:00+00:00,109.34375,109.359375,109.3125,109.328125,20293.0
2023-08-28 02:00:00+00:00,109.421875,109.46875,109.34375,109.359375,19526.0
2023-08-28 03:00:00+00:00,109.453125,109.46875,109.421875,109.421875,7500.0
2023-08-28 04:00:00+00:00,109.46875,109.5,109.4375,109.453125,26435.0
2023-08-28 05:00:00+00:00,109.5,109.53125,109.46875,109.46875,18640.0
2023-08-28 06:00:00+00:00,109.546875,109.59375,109.484375,109.5,28157.0
2023-08-28 07:00:00+00:00,109.484375,109.546875,109.4375,109.546875,44193.0
2023-08-28 08:00:00+00:00,109.453125,109.5,109.421875,109.484375,55683.0
2023-08-28 09:00:00+00:00,109.421875,109.46875,109.40625,109.453125,36287.0
2023-08-28 10:00:00+00:00,109.421875,109.421875,109.359375,109.421875,44824.0
2023-08-28 11:00:00+00:00,109.421875,109.4375,109.359375,109.421875,147874.0
2023-08-28 12:00:00+00:00,109.734375,109.734375,109.40625,109.421875,498960.0
2023-08-28 13:00:00+00:00,109.578125,109.734375,109.546875,109.71875,218948.0
2023-08-28 14:00:00+00:00,109.53125,109.578125,109.4375,109.5625,230169.0
2023-08-28 15:00:00+00:00,109.59375,109.671875,109.46875,109.515625,846630.0
2023-08-28 16:00:00+00:00,109.59375,109.640625,109.546875,109.59375,120495.0
2023-08-28 17:00:00+00:00,109.671875,109.671875,109.5,109.59375,142023.0
2023-08-28 18:00:00+00:00,109.640625,109.671875,109.578125,109.671875,135327.0
2023-08-28 19:00:00+00:00,109.703125,109.734375,109.640625,109.65625,279331.0
2023-08-28 20:00:00+00:00,109.671875,109.703125,109.640625,109.6875,0.0
2023-08-28 22:00:00+00:00,109.71875,109.71875,109.671875,109.6875,3850.0
2023-08-28 23:00:00+00:00,109.75,109.75,109.703125,109.71875,3297.0
2023-08-29 00:00:00+00:00,109.78125,109.8125,109.734375,109.75,8766.0
2023-08-29 01:00:00+00:00,109.828125,109.859375,109.78125,109.78125,30590.0
2023-08-29 02:00:00+00:00,109.75,109.8125,109.734375,109.8125,10196.0
2023-08-29 03:00:00+00:00,109.796875,109.8125,109.75,109.765625,25402.0
2023-08-29 04:00:00+00:00,109.765625,109.796875,109.734375,109.78125,8390.0
2023-08-29 05:00:00+00:00,109.859375,109.859375,109.765625,109.78125,10575.0
2023-08-29 06:00:00+00:00,109.859375,109.890625,109.796875,109.859375,30323.0
2023-08-29 07:00:00+00:00,109.828125,109.875,109.765625,109.859375,46210.0
2023-08-29 08:00:00+00:00,109.703125,109.828125,109.703125,109.7969970703125,52970.0
2023-08-29 09:00:00+00:00,109.75,109.75,109.6875,109.703125,38111.0
2023-08-29 10:00:00+00:00,109.65625,109.75,109.640625,109.73400115966797,71318.0
2023-08-29 11:00:00+00:00,109.59375,109.703125,109.578125,109.65625,54441.0
2023-08-29 12:00:00+00:00,109.5,109.625,109.484375,109.59375,252576.0
2023-08-29 13:00:00+00:00,109.625,109.6875,109.4375,109.5,175059.0
2023-08-29 14:00:00+00:00,110.171875,110.265625,109.609375,109.609375,334599.0
2023-08-29 15:00:00+00:00,110.328125,110.359375,110.09375,110.15625,127650.0
2023-08-29 16:00:00+00:00,110.296875,110.375,110.296875,110.328125,69165.0
2023-08-29 17:00:00+00:00,110.375,110.4375,110.296875,110.3125,177463.0
2023-08-29 18:00:00+00:00,110.34375,110.375,110.28125,110.375,108758.0
2023-08-29 19:00:00+00:00,110.390625,110.421875,110.296875,110.328125,72581.0
2023-08-29 20:00:00+00:00,110.328125,110.40625,110.328125,110.390625,65974.0
2023-08-29 22:00:00+00:00,110.3125,110.34375,110.296875,110.34375,0.0
2023-08-29 23:00:00+00:00,110.234375,110.3125,110.234375,110.3125,7860.0
2023-08-30 00:00:00+00:00,110.296875,110.328125,110.21875,110.234375,9112.0
2023-08-30 01:00:00+00:00,110.28125,110.375,110.265625,110.296875,7748.0
2023-08-30 02:00:00+00:00,110.21875,110.296875,110.203125,110.28125,4290.0
2023-08-30 03:00:00+00:00,110.234375,110.25,110.203125,110.21875,4438.0
2023-08-30 04:00:00+00:00,110.203125,110.265625,110.203125,110.234375,4501.0
2023-08-30 05:00:00+00:00,110.171875,110.265625,110.109375,110.21875,14582.0
2023-08-30 06:00:00+00:00,110.125,110.203125,110.09375,110.15625,9638.0
2023-08-30 07:00:00+00:00,110.71875,110.71875,110.109375,110.125,147568.0
2023-08-30 08:00:00+00:00,110.21875,110.78125,110.171875,110.734375,0.0
2023-08-30 09:00:00+00:00,110.6875,110.71875,110.140625,110.703125,193309.0
2023-08-30 10:00:00+00:00,110.15625,110.6875,110.125,110.64099884033203,0.0
2023-08-30 11:00:00+00:00,110.140625,110.6875,110.0625,110.65625,14829.0
2023-08-30 12:00:00+00:00,111.046875,111.078125,110.125,110.640625,463351.0
2023-08-30 13:00:00+00:00,111.0,111.109375,110.40625,110.546875,194770.0
2023-08-30 14:00:00+00:00,110.890625,111.0625,110.390625,111.0,171985.0
2023-08-30 15:00:00+00:00,110.96875,111.015625,110.390625,110.40625,130955.0
2023-08-30 16:00:00+00:00,110.4375,110.96875,110.375,110.46875,0.0
2023-08-30 17:00:00+00:00,110.921875,111.0,110.421875,110.921875,955118.0
2023-08-30 18:00:00+00:00,110.859375,110.953125,110.34375,110.9375,90754.0
2023-08-30 19:00:00+00:00,110.84375,110.875,110.328125,110.375,85407.0
2023-08-30 20:00:00+00:00,110.859375,110.90625,110.359375,110.359375,0.0
2023-08-30 22:00:00+00:00,110.875,110.890625,110.390625,110.875,6962.0
2023-08-30 23:00:00+00:00,110.890625,110.90625,110.40625,110.890625,4694.0
2023-08-31 00:00:00+00:00,110.84375,110.890625,110.359375,110.875,18919.0
2023-08-31 01:00:00+00:00,110.859375,110.890625,110.359375,110.359375,15467.0
2023-08-31 02:00:00+00:00,110.90625,110.921875,110.375,110.859375,6943.0
2023-08-31 03:00:00+00:00,110.875,110.90625,110.40625,110.421875,4202.0
2023-08-31 04:00:00+00:00,110.875,110.90625,110.390625,110.875,6276.0
2023-08-31 05:00:00+00:00,110.859375,110.875,110.359375,110.859375,11460.0
2023-08-31 06:00:00+00:00,110.875,110.890625,110.328125,110.84375,35304.0
2023-08-31 07:00:00+00:00,110.890625,110.984375,110.40625,110.875,62933.0
2023-08-31 08:00:00+00:00,110.90625,110.9375,110.421875,110.890625,21525.0
2023-08-31 09:00:00+00:00,110.96875,111.0,110.421875,110.421875,31385.0
2023-08-31 10:00:00+00:00,110.96875,110.984375,110.46875,110.93800354003906,17713.0
2023-08-31 11:00:00+00:00,111.0,111.046875,110.484375,110.96875,55133.0
2023-08-31 12:00:00+00:00,110.984375,111.078125,110.375,111.0,176131.0
2023-08-31 13:00:00+00:00,110.890625,110.984375,110.34375,110.984375,178482.0
2023-08-31 14:00:00+00:00,110.984375,111.0,110.4375,110.890625,150605.0
2023-08-31 15:00:00+00:00,111.0,111.0,110.453125,111.0,110875.0
2023-08-31 16:00:00+00:00,111.0625,111.109375,110.53125,111.0,91345.0
2023-08-31 17:00:00+00:00,111.015625,111.078125,110.546875,111.0625,56716.0
2023-08-31 18:00:00+00:00,111.03125,111.078125,110.546875,111.015625,171360.0
2023-08-31 19:00:00+00:00,111.015625,111.078125,110.484375,110.578125,391371.0
2023-08-31 20:00:00+00:00,110.921875,111.03125,110.453125,111.015625,179603.0
2023-08-31 22:00:00+00:00,110.890625,110.921875,110.40625,110.46875,0.0
2023-08-31 23:00:00+00:00,110.890625,110.921875,110.4375,110.890625,4553.0
2023-09-01 00:00:00+00:00,110.875,110.90625,110.40625,110.890625,14781.0
2023-09-01 01:00:00+00:00,110.953125,110.984375,110.421875,110.890625,16606.0
2023-09-01 02:00:00+00:00,110.953125,110.96875,110.921875,110.953125,7004.0
2023-09-01 03:00:00+00:00,110.921875,110.953125,110.46875,110.9375,6134.0
2023-09-01 04:00:00+00:00,110.9375,110.953125,110.453125,110.921875,8459.0
2023-09-01 05:00:00+00:00,110.890625,110.953125,110.4375,110.484375,6403.0
2023-09-01 06:00:00+00:00,110.875,110.921875,110.40625,110.890625,21289.0
2023-09-01 07:00:00+00:00,110.9375,110.953125,110.4375,110.875,35382.0
2023-09-01 08:00:00+00:00,110.890625,110.96875,110.453125,110.953125,22240.0
2023-09-01 09:00:00+00:00,110.890625,110.953125,110.453125,110.890625,17354.0
2023-09-01 10:00:00+00:00,110.96875,110.96875,110.453125,110.890625,18425.0
2023-09-01 11:00:00+00:00,110.640625,111.09375,110.5,110.953125,0.0
2023-09-01 12:00:00+00:00,111.1875,111.390625,110.46875,111.078125,598733.0
2023-09-01 13:00:00+00:00,110.71875,111.203125,110.25,111.203125,322734.0
2023-09-01 14:00:00+00:00,110.578125,110.8125,110.078125,110.28125,303637.0
2023-09-01 15:00:00+00:00,110.40625,110.59375,109.984375,110.578125,137965.0
2023-09-01 16:00:00+00:00,110.578125,110.59375,109.9375,110.40625,124279.0
2023-09-01 17:00:00+00:00,110.53125,110.59375,110.109375,110.59375,42346.0
2023-09-01 18:00:00+00:00,110.5625,110.609375,110.109375,110.546875,70721.0
2023-09-01 19:00:00+00:00,110.5,110.609375,110.09375,110.5625,79633.0
2023-09-01 20:00:00+00:00,110.53125,110.5625,110.09375,110.515625,26630.0
2023-09-03 22:00:00+00:00,110.46875,110.5,110.0625,110.5,5055.0
2023-09-03 23:00:00+00:00,110.53125,110.53125,110.09375,110.46875,2861.0
2023-09-04 00:00:00+00:00,110.453125,110.53125,110.0625,110.140625,6302.0
2023-09-04 01:00:00+00:00,110.421875,110.484375,110.03125,110.46875,7514.0
2023-09-04 02:00:00+00:00,110.4375,110.4375,109.984375,110.40625,4360.0
2023-09-04 03:00:00+00:00,110.4375,110.453125,110.0,110.421875,2762.0
2023-09-05 04:00:00+00:00,110.34375,110.34375,109.890625,110.3125,6976.0
2023-09-05 05:00:00+00:00,110.28125,110.34375,109.90625,110.34375,8240.0
2023-09-05 06:00:00+00:00,110.265625,110.296875,109.875,110.296875,35246.0
2023-09-05 07:00:00+00:00,110.3125,110.34375,109.875,110.265625,29108.0
2023-09-05 08:00:00+00:00,110.28125,110.3125,109.84375,110.28099822998047,24544.0
2023-09-05 09:00:00+00:00,110.25,110.296875,109.828125,110.28125,14777.0
2023-09-05 10:00:00+00:00,110.203125,110.265625,109.796875,110.21900177001953,32415.0
2023-09-05 11:00:00+00:00,110.203125,110.21875,109.765625,110.203125,78232.0
2023-09-05 12:00:00+00:00,110.28125,110.328125,109.71875,110.203125,177873.0
2023-09-05 13:00:00+00:00,110.125,110.296875,109.703125,110.265625,168447.0
2023-09-05 14:00:00+00:00,110.046875,110.140625,109.609375,110.125,134909.0
2023-09-05 15:00:00+00:00,110.015625,110.09375,109.59375,110.046875,107731.0
2023-09-05 16:00:00+00:00,110.0625,110.109375,109.640625,110.015625,62467.0
2023-09-05 17:00:00+00:00,109.96875,110.078125,109.5625,110.078125,66443.0
2023-09-05 18:00:00+00:00,109.953125,110.015625,109.546875,109.96875,89619.0
2023-09-05 19:00:00+00:00,109.984375,110.046875,109.515625,109.953125,118810.0
2023-09-05 20:00:00+00:00,109.984375,110.03125,109.53125,110.0,61743.0
2023-09-05 22:00:00+00:00,110.046875,110.046875,109.671875,110.0,0.0
2023-09-05 23:00:00+00:00,110.046875,110.078125,110.015625,110.046875,5662.0
2023-09-06 00:00:00+00:00,110.0,110.0625,110.0,110.0625,8440.0
2023-09-06 01:00:00+00:00,109.984375,110.015625,109.578125,110.015625,13107.0
2023-09-06 02:00:00+00:00,110.03125,110.046875,109.609375,109.984375,9417.0
2023-09-06 03:00:00+00:00,110.046875,110.078125,110.015625,110.03125,9549.0
2023-09-06 04:00:00+00:00,110.109375,110.109375,109.6875,110.046875,11675.0
2023-09-06 05:00:00+00:00,110.125,110.140625,110.078125,110.109375,12592.0
2023-09-06 06:00:00+00:00,110.0,110.15625,109.6875,110.125,29921.0
2023-09-06 07:00:00+00:00,109.96875,110.03125,109.53125,110.015625,62386.0
2023-09-06 08:00:00+00:00,110.046875,110.0625,109.640625,109.96875,23533.0
2023-09-06 09:00:00+00:00,110.015625,110.0625,109.953125,110.046875,28579.0
2023-09-06 10:00:00+00:00,110.0625,110.09375,110.015625,110.015625,27011.0
2023-09-06 11:00:00+00:00,110.09375,110.125,109.65625,110.078125,34472.0
2023-09-06 12:00:00+00:00,110.0625,110.140625,109.65625,110.078125,72367.0
2023-09-06 13:00:00+00:00,110.0625,110.09375,109.578125,110.046875,161098.0
2023-09-06 14:00:00+00:00,109.703125,110.0625,109.3125,110.0625,347257.0
2023-09-06 15:00:00+00:00,109.65625,109.71875,109.25,109.703125,116005.0
2023-09-06 16:00:00+00:00,109.671875,109.6875,109.234375,109.65625,82176.0
2023-09-06 17:00:00+00:00,109.703125,109.734375,109.28125,109.6875,51350.0
2023-09-06 18:00:00+00:00,109.703125,109.734375,109.21875,109.703125,77017.0
2023-09-06 19:00:00+00:00,109.671875,109.703125,109.265625,109.703125,89140.0
2023-09-06 20:00:00+00:00,109.796875,109.8125,109.3125,109.65625,0.0
2023-09-06 22:00:00+00:00,109.671875,109.78125,109.65625,109.75,8339.0
2023-09-06 23:00:00+00:00,109.703125,109.71875,109.671875,109.671875,4906.0
2023-09-07 00:00:00+00:00,109.671875,109.71875,109.65625,109.703125,14595.0
2023-09-07 01:00:00+00:00,109.78125,109.78125,109.671875,109.671875,11423.0
2023-09-07 02:00:00+00:00,109.765625,109.78125,109.359375,109.78125,7807.0
2023-09-07 03:00:00+00:00,109.765625,109.796875,109.734375,109.78125,8695.0
2023-09-07 04:00:00+00:00,109.359375,109.78125,109.359375,109.75,0.0
2023-09-07 05:00:00+00:00,109.6875,109.765625,109.359375,109.734375,69578.0
2023-09-07 06:00:00+00:00,109.75,109.796875,109.6875,109.6875,25806.0
2023-09-07 07:00:00+00:00,109.84375,109.84375,109.71875,109.765625,31801.0
2023-09-07 08:00:00+00:00,109.84375,109.890625,109.46875,109.84375,28961.0
2023-09-07 09:00:00+00:00,109.875,109.90625,109.5,109.859375,22885.0
2023-09-07 10:00:00+00:00,109.859375,109.89099884033203,109.828125,109.89099884033203,17630.0
2023-09-07 11:00:00+00:00,109.859375,109.875,109.4375,109.859375,30305.0
2023-09-07 12:00:00+00:00,109.8125,109.890625,109.296875,109.859375,169541.0
2023-09-07 13:00:00+00:00,109.78125,109.890625,109.390625,109.453125,156171.0
2023-09-07 14:00:00+00:00,109.78125,109.90625,109.390625,109.796875,135501.0
2023-09-07 15:00:00+00:00,109.9375,109.953125,109.40625,109.78125,90266.0
2023-09-07 16:00:00+00:00,109.90625,109.953125,109.5,109.921875,80545.0
2023-09-07 17:00:00+00:00,109.890625,109.9375,109.53125,109.890625,36691.0
2023-09-07 18:00:00+00:00,109.96875,110.015625,109.515625,109.890625,120875.0
2023-09-07 19:00:00+00:00,109.96875,110.0,109.578125,109.96875,76605.0
2023-09-07 20:00:00+00:00,110.046875,110.0625,109.609375,109.984375,0.0
2023-09-07 22:00:00+00:00,109.984375,110.046875,109.984375,110.03125,5575.0
2023-09-07 23:00:00+00:00,110.015625,110.015625,109.96875,109.984375,2537.0
2023-09-08 00:00:00+00:00,110.1875,110.328125,109.765625,110.0,52082.0
2023-09-08 01:00:00+00:00,110.171875,110.1875,109.75,110.171875,13111.0
2023-09-08 02:00:00+00:00,110.171875,110.21875,110.171875,110.171875,11330.0
2023-09-08 03:00:00+00:00,110.21875,110.21875,109.78125,110.1875,4657.0
2023-09-08 04:00:00+00:00,110.203125,110.234375,110.1875,110.21875,5996.0
2023-09-08 05:00:00+00:00,110.203125,110.234375,109.828125,110.203125,11477.0
2023-09-08 06:00:00+00:00,110.203125,110.3125,110.1875,110.21875,41434.0
2023-09-08 07:00:00+00:00,110.15625,110.25,110.109375,110.203125,44585.0
2023-09-08 08:00:00+00:00,110.109375,110.15625,109.734375,110.14099884033203,26140.0
2023-09-08 09:00:00+00:00,110.109375,110.15625,110.078125,110.09375,20290.0
2023-09-08 10:00:00+00:00,110.09375,110.125,110.078125,110.125,10039.0
2023-09-08 11:00:00+00:00,110.0,110.09375,109.984375,110.078125,33172.0
2023-09-08 12:00:00+00:00,110.046875,110.171875,109.984375,110.0,80552.0
2023-09-08 13:00:00+00:00,110.28125,110.296875,109.6875,110.046875,142797.0
2023-09-08 14:00:00+00:00,110.171875,110.3125,109.84375,110.28125,132592.0
2023-09-08 15:00:00+00:00,110.0,110.171875,109.734375,110.171875,94858.0
2023-09-08 16:00:00+00:00,109.921875,110.03125,109.890625,110.0,76989.0
2023-09-08 17:00:00+00:00,109.9375,109.953125,109.578125,109.9375,45529.0
2023-09-08 18:00:00+00:00,109.9375,109.96875,109.890625,109.9375,66490.0
2023-09-08 19:00:00+00:00,109.9375,109.953125,109.515625,109.921875,60876.0
2023-09-08 20:00:00+00:00,109.859375,109.9375,109.5,109.921875,27705.0
2023-09-10 22:00:00+00:00,109.828125,109.90625,109.53125,109.796875,12186.0
2023-09-10 23:00:00+00:00,109.734375,109.84375,109.375,109.84375,13103.0
2023-09-11 00:00:00+00:00,109.75,109.78125,109.703125,109.71875,19507.0
2023-09-11 01:00:00+00:00,109.671875,109.734375,109.65625,109.734375,16632.0
2023-09-11 02:00:00+00:00,109.671875,109.703125,109.65625,109.671875,5103.0
2023-09-11 03:00:00+00:00,109.671875,109.71875,109.65625,109.671875,7771.0
2023-09-11 04:00:00+00:00,109.625,109.703125,109.625,109.671875,10655.0
2023-09-11 05:00:00+00:00,109.71875,109.734375,109.3125,109.625,12094.0
2023-09-11 06:00:00+00:00,109.71875,109.75,109.3125,109.71875,21598.0
2023-09-11 07:00:00+00:00,109.765625,109.828125,109.71875,109.71875,35613.0
2023-09-11 08:00:00+00:00,109.8125,109.828125,109.34375,109.73400115966797,18599.0
2023-09-11 09:00:00+00:00,109.71875,109.84375,109.3125,109.796875,16360.0
2023-09-11 10:00:00+00:00,109.703125,109.75,109.3125,109.71900177001953,14946.0
2023-09-11 11:00:00+00:00,109.671875,109.734375,109.28125,109.703125,31584.0
2023-09-11 12:00:00+00:00,109.71875,109.8125,109.375,109.6875,86054.0
2023-09-11 13:00:00+00:00,109.84375,109.84375,109.296875,109.71875,106781.0
2023-09-11 14:00:00+00:00,109.71875,109.875,109.40625,109.828125,128772.0
2023-09-11 15:00:00+00:00,109.734375,109.8125,109.4375,109.71875,68328.0
2023-09-11 16:00:00+00:00,109.8125,109.84375,109.453125,109.734375,52944.0
2023-09-11 17:00:00+00:00,109.828125,109.828125,109.734375,109.796875,51702.0
2023-09-11 18:00:00+00:00,109.78125,109.84375,109.4375,109.8125,68641.0
2023-09-11 19:00:00+00:00,109.8125,109.859375,109.46875,109.78125,77877.0
2023-09-11 20:00:00+00:00,109.75,109.8125,109.75,109.8125,33923.0
2023-09-11 22:00:00+00:00,109.78125,109.8125,109.765625,109.765625,0.0
2023-09-11 23:00:00+00:00,109.75,109.78125,109.734375,109.765625,3680.0
2023-09-12 00:00:00+00:00,109.734375,109.765625,109.71875,109.734375,7351.0
2023-09-12 01:00:00+00:00,109.765625,109.78125,109.71875,109.71875,6509.0
2023-09-12 02:00:00+00:00,109.734375,109.796875,109.734375,109.765625,8617.0
2023-09-12 03:00:00+00:00,109.796875,109.828125,109.328125,109.734375,10444.0
2023-09-12 04:00:00+00:00,109.78125,109.828125,109.78125,109.796875,7955.0
2023-09-12 05:00:00+00:00,109.765625,109.796875,109.75,109.78125,11018.0
2023-09-12 06:00:00+00:00,109.734375,109.796875,109.71875,109.765625,14915.0
2023-09-12 07:00:00+00:00,109.78125,109.8125,109.734375,109.734375,23357.0
2023-09-12 08:00:00+00:00,109.828125,109.875,109.765625,109.78125,28078.0
2023-09-12 09:00:00+00:00,109.828125,109.828125,109.765625,109.828125,18102.0
2023-09-12 10:00:00+00:00,109.796875,109.84375,109.4375,109.8280029296875,13657.0
2023-09-12 11:00:00+00:00,109.78125,109.8125,109.71875,109.8125,42460.0
2023-09-12 12:00:00+00:00,109.765625,109.890625,109.375,109.765625,96796.0
2023-09-12 13:00:00+00:00,109.71875,109.828125,109.34375,109.765625,114127.0
2023-09-12 14:00:00+00:00,109.75,109.765625,109.375,109.71875,96297.0
2023-09-12 15:00:00+00:00,109.8125,109.8125,109.734375,109.75,85479.0
2023-09-12 16:00:00+00:00,109.75,109.828125,109.390625,109.796875,71531.0
2023-09-12 17:00:00+00:00,109.78125,109.796875,109.390625,109.75,55176.0
2023-09-12 18:00:00+00:00,109.890625,109.890625,109.421875,109.765625,84583.0
2023-09-12 19:00:00+00:00,109.875,109.890625,109.453125,109.890625,77011.0
2023-09-12 20:00:00+00:00,109.734375,109.875,109.421875,109.875,0.0
2023-09-12 22:00:00+00:00,109.734375,109.78125,109.71875,109.78125,5674.0
2023-09-12 23:00:00+00:00,109.734375,109.75,109.703125,109.734375,7303.0
2023-09-13 00:00:00+00:00,109.71875,109.75,109.6875,109.734375,11748.0
2023-09-13 01:00:00+00:00,109.71875,109.734375,109.703125,109.71875,6066.0
2023-09-13 02:00:00+00:00,109.703125,109.734375,109.703125,109.734375,5619.0
2023-09-13 03:00:00+00:00,109.734375,109.75,109.703125,109.703125,7984.0
2023-09-13 04:00:00+00:00,109.734375,109.75,109.703125,109.734375,8104.0
2023-09-13 05:00:00+00:00,109.703125,109.75,109.6875,109.734375,11769.0
2023-09-13 06:00:00+00:00,109.734375,109.765625,109.671875,109.703125,19821.0
2023-09-13 07:00:00+00:00,109.671875,109.734375,109.625,109.734375,35406.0
2023-09-13 08:00:00+00:00,109.65625,109.703125,109.625,109.671875,27141.0
2023-09-13 09:00:00+00:00,109.625,109.671875,109.609375,109.640625,24353.0
2023-09-13 10:00:00+00:00,109.640625,109.640625,109.59375,109.625,33037.0
2023-09-13 11:00:00+00:00,109.609375,109.671875,109.59375,109.65625,39717.0
2023-09-13 12:00:00+00:00,109.75,109.859375,108.953125,109.625,414869.0
2023-09-13 13:00:00+00:00,109.828125,109.90625,109.515625,109.734375,209127.0
2023-09-13 14:00:00+00:00,109.78125,109.84375,109.734375,109.828125,106083.0
2023-09-13 15:00:00+00:00,109.828125,109.84375,109.71875,109.78125,78354.0
2023-09-13 16:00:00+00:00,109.984375,110.015625,109.828125,109.828125,110549.0
2023-09-13 17:00:00+00:00,110.09375,110.125,109.703125,109.984375,128531.0
2023-09-13 18:00:00+00:00,110.015625,110.140625,109.75,110.078125,80301.0
2023-09-13 19:00:00+00:00,110.0,110.078125,109.96875,110.0,71390.0
2023-09-13 20:00:00+00:00,109.984375,110.015625,109.59375,110.0,0.0
2023-09-13 22:00:00+00:00,110.015625,110.015625,109.984375,110.0,2495.0
2023-09-13 23:00:00+00:00,110.0625,110.078125,110.0,110.015625,6954.0
2023-09-14 00:00:00+00:00,110.125,110.171875,110.03125,110.0625,25182.0
2023-09-14 01:00:00+00:00,110.125,110.15625,110.078125,110.125,16732.0
2023-09-14 02:00:00+00:00,110.109375,110.140625,110.109375,110.125,7728.0
2023-09-14 03:00:00+00:00,110.15625,110.15625,110.09375,110.109375,6027.0
2023-09-14 04:00:00+00:00,110.140625,110.171875,110.125,110.15625,12457.0
2023-09-14 05:00:00+00:00,110.15625,110.171875,110.125,110.140625,6826.0
2023-09-14 06:00:00+00:00,110.078125,110.171875,109.765625,110.15625,26710.0
2023-09-14 07:00:00+00:00,109.953125,110.09375,109.9375,110.078125,33762.0
2023-09-14 08:00:00+00:00,109.96875,110.0,109.9375,109.96875,22787.0
2023-09-14 09:00:00+00:00,109.9375,110.0,109.5,109.96875,16429.0
2023-09-14 10:00:00+00:00,109.984375,109.984375,109.65625,109.93800354003906,26103.0
2023-09-14 11:00:00+00:00,109.9375,110.0,109.90625,109.96875,34813.0
2023-09-14 12:00:00+00:00,110.0,110.21875,109.75,109.953125,324457.0
2023-09-14 13:00:00+00:00,109.859375,110.234375,109.71875,110.0,257865.0
2023-09-14 14:00:00+00:00,109.96875,110.03125,109.75,109.859375,182312.0
2023-09-14 15:00:00+00:00,109.859375,110.0625,109.828125,109.984375,97151.0
2023-09-14 16:00:00+00:00,109.78125,109.890625,109.53125,109.859375,85808.0
2023-09-14 17:00:00+00:00,109.765625,109.796875,109.34375,109.78125,75612.0
2023-09-14 18:00:00+00:00,109.765625,109.8125,109.34375,109.75,82190.0
2023-09-14 19:00:00+00:00,109.75,109.78125,109.421875,109.75,73147.0
2023-09-14 20:00:00+00:00,109.75,109.796875,109.359375,109.75,0.0
2023-09-14 22:00:00+00:00,109.8125,109.828125,109.734375,109.734375,6893.0
2023-09-14 23:00:00+00:00,109.765625,109.8125,109.75,109.8125,4889.0
2023-09-15 00:00:00+00:00,109.8125,109.84375,109.765625,109.78125,9018.0
2023-09-15 01:00:00+00:00,109.875,109.890625,109.796875,109.8125,12136.0
2023-09-15 02:00:00+00:00,109.796875,109.890625,109.4375,109.875,8740.0
2023-09-15 03:00:00+00:00,109.828125,109.828125,109.78125,109.8125,4591.0
2023-09-15 04:00:00+00:00,109.828125,109.859375,109.796875,109.8125,6557.0
2023-09-15 05:00:00+00:00,109.859375,109.890625,109.828125,109.828125,9755.0
2023-09-15 06:00:00+00:00,109.734375,109.859375,109.53125,109.84375,25005.0
2023-09-15 07:00:00+00:00,109.578125,109.75,109.5625,109.75,64812.0
2023-09-15 08:00:00+00:00,109.53125,109.59375,109.515625,109.578125,38816.0
2023-09-15 09:00:00+00:00,109.546875,109.578125,109.171875,109.53125,21415.0
2023-09-15 10:00:00+00:00,109.484375,109.53125,109.46875,109.51599884033203,32908.0
2023-09-15 11:00:00+00:00,109.546875,109.5625,109.484375,109.5,42948.0
2023-09-15 12:00:00+00:00,109.453125,109.59375,109.390625,109.546875,146632.0
2023-09-15 13:00:00+00:00,109.421875,109.625,109.203125,109.453125,179747.0
2023-09-15 14:00:00+00:00,109.53125,109.671875,109.390625,109.390625,193010.0
2023-09-15 15:00:00+00:00,109.4375,109.578125,109.203125,109.53125,80714.0
2023-09-15 16:00:00+00:00,109.46875,109.5,109.421875,109.4375,57239.0
2023-09-15 17:00:00+00:00,109.59375,109.609375,109.46875,109.46875,80343.0
2023-09-15 18:00:00+00:00,109.53125,109.625,109.515625,109.59375,74254.0
2023-09-15 19:00:00+00:00,109.46875,109.546875,109.46875,109.53125,80611.0
2023-09-15 20:00:00+00:00,109.4375,109.5,109.421875,109.46875,53376.0
2023-09-17 22:00:00+00:00,109.484375,109.5,109.421875,109.4375,4965.0
2023-09-17 23:00:00+00:00,109.484375,109.5,109.453125,109.46875,5915.0
2023-09-18 00:00:00+00:00,109.46875,109.5,109.421875,109.5,5669.0
2023-09-18 01:00:00+00:00,109.328125,109.453125,109.328125,109.453125,10456.0
2023-09-18 02:00:00+00:00,109.34375,109.359375,108.9375,109.328125,6111.0
2023-09-18 03:00:00+00:00,109.34375,109.359375,109.328125,109.328125,4424.0
2023-09-18 04:00:00+00:00,109.34375,109.359375,109.328125,109.34375,2890.0
2023-09-18 05:00:00+00:00,109.359375,109.375,108.953125,109.328125,4609.0
2023-09-18 06:00:00+00:00,109.359375,109.375,109.296875,109.375,27469.0
2023-09-18 07:00:00+00:00,109.296875,109.375,109.28099822998047,109.359375,28372.0
2023-09-18 08:00:00+00:00,109.359375,109.375,109.296875,109.296875,24039.0
2023-09-18 09:00:00+00:00,109.359375,109.390625,109.34375,109.359375,19705.0
2023-09-18 10:00:00+00:00,109.359375,109.390625,108.9375,109.375,22966.0
2023-09-18 11:00:00+00:00,109.375,109.421875,109.34375,109.375,25618.0
2023-09-18 12:00:00+00:00,109.3125,109.453125,109.046875,109.375,90625.0
2023-09-18 13:00:00+00:00,109.390625,109.5,109.078125,109.328125,127036.0
2023-09-18 14:00:00+00:00,109.46875,109.46875,109.171875,109.375,103068.0
2023-09-18 15:00:00+00:00,109.484375,109.5,109.359375,109.453125,63588.0
2023-09-18 16:00:00+00:00,109.546875,109.546875,109.46875,109.5,59085.0
2023-09-18 17:00:00+00:00,109.546875,109.59375,109.515625,109.546875,71048.0
2023-09-18 18:00:00+00:00,109.5,109.546875,109.46875,109.53125,64114.0
2023-09-18 19:00:00+00:00,109.484375,109.546875,109.484375,109.515625,97854.0
2023-09-18 20:00:00+00:00,109.578125,109.609375,109.484375,109.484375,0.0
2023-09-18 22:00:00+00:00,109.5625,109.59375,109.546875,109.578125,4976.0
2023-09-18 23:00:00+00:00,109.578125,109.609375,109.5625,109.5625,6120.0
2023-09-19 00:00:00+00:00,109.59375,109.625,109.578125,109.59375,11494.0
2023-09-19 01:00:00+00:00,109.546875,109.609375,109.53125,109.578125,14068.0
2023-09-19 02:00:00+00:00,109.609375,109.625,109.546875,109.5625,6689.0
2023-09-19 03:00:00+00:00,109.5625,109.625,109.53125,109.625,7119.0
2023-09-19 04:00:00+00:00,109.546875,109.5625,109.53125,109.5625,4688.0
2023-09-19 05:00:00+00:00,109.53125,109.578125,109.5,109.546875,10724.0
2023-09-19 06:00:00+00:00,109.46875,109.53125,109.4375,109.53125,32653.0
2023-09-19 07:00:00+00:00,109.484375,109.515625,109.4375,109.46875,25637.0
2023-09-19 08:00:00+00:00,109.515625,109.53125,109.46875,109.5,22780.0
2023-09-19 09:00:00+00:00,109.515625,109.53125,109.46875,109.515625,16011.0
2023-09-19 10:00:00+00:00,109.484375,109.5625,109.46875,109.48400115966797,27118.0
2023-09-19 11:00:00+00:00,109.453125,109.515625,109.421875,109.5,31065.0
2023-09-19 12:00:00+00:00,109.296875,109.46875,109.25,109.453125,139434.0
2023-09-19 13:00:00+00:00,109.3125,109.40625,109.15625,109.28125,211447.0
2023-09-19 14:00:00+00:00,109.34375,109.4375,109.296875,109.328125,106885.0
2023-09-19 15:00:00+00:00,109.296875,109.359375,109.234375,109.34375,97054.0
2023-09-19 16:00:00+00:00,109.296875,109.34375,109.28125,109.296875,59553.0
2023-09-19 17:00:00+00:00,109.28125,109.375,109.265625,109.296875,56630.0
2023-09-19 18:00:00+00:00,109.125,109.296875,109.109375,109.28125,167768.0
2023-09-19 19:00:00+00:00,109.140625,109.171875,109.09375,109.109375,111707.0
2023-09-19 20:00:00+00:00,109.171875,109.171875,109.109375,109.125,0.0
2023-09-19 22:00:00+00:00,109.171875,109.203125,109.15625,109.1875,5800.0
2023-09-19 23:00:00+00:00,109.140625,109.203125,109.140625,109.1875,4705.0
2023-09-20 00:00:00+00:00,109.171875,109.171875,109.109375,109.15625,13739.0
2023-09-20 01:00:00+00:00,109.1875,109.1875,109.15625,109.1875,8913.0
2023-09-20 02:00:00+00:00,109.15625,109.1875,109.140625,109.1875,3293.0
2023-09-20 03:00:00+00:00,109.15625,109.15625,109.125,109.15625,2939.0
2023-09-20 04:00:00+00:00,109.15625,109.171875,109.140625,109.15625,4248.0
2023-09-20 05:00:00+00:00,109.171875,109.1875,109.125,109.171875,16140.0
2023-09-20 06:00:00+00:00,109.21875,109.265625,109.140625,109.15625,49887.0
2023-09-20 07:00:00+00:00,109.171875,109.25,109.15625,109.21875,35338.0
2023-09-20 08:00:00+00:00,109.25,109.265625,109.15625,109.171875,39145.0
2023-09-20 09:00:00+00:00,109.28125,109.296875,109.25,109.25,26181.0
2023-09-20 10:00:00+00:00,109.328125,109.34375,109.28125,109.31199645996094,32111.0
2023-09-20 11:00:00+00:00,109.28125,109.328125,109.25,109.328125,27905.0
2023-09-20 12:00:00+00:00,109.328125,109.359375,109.203125,109.28125,83691.0
2023-09-20 13:00:00+00:00,109.390625,109.453125,109.328125,109.328125,114445.0
2023-09-20 14:00:00+00:00,109.390625,109.46875,109.359375,109.390625,93011.0
2023-09-20 15:00:00+00:00,109.4375,109.484375,109.390625,109.40625,100902.0
2023-09-20 16:00:00+00:00,109.5,109.5,109.390625,109.4375,79430.0
2023-09-20 17:00:00+00:00,109.46875,109.53125,109.4375,109.5,89957.0
2023-09-20 18:00:00+00:00,109.234375,109.46875,109.03125,109.46875,375639.0
2023-09-20 19:00:00+00:00,109.015625,109.234375,108.953125,109.234375,241244.0
2023-09-20 20:00:00+00:00,108.75,109.015625,108.734375,109.0,0.0
2023-09-20 22:00:00+00:00,108.734375,108.796875,108.6875,108.796875,18779.0
2023-09-20 23:00:00+00:00,108.75,108.765625,108.6875,108.734375,13672.0
2023-09-21 00:00:00+00:00,108.53125,108.75,108.5,108.75,62173.0
2023-09-21 01:00:00+00:00,108.609375,108.609375,108.5,108.53125,30660.0
2023-09-21 02:00:00+00:00,108.578125,108.59375,108.546875,108.59375,18092.0
2023-09-21 03:00:00+00:00,108.59375,108.609375,108.578125,108.59375,7645.0
2023-09-21 04:00:00+00:00,108.609375,108.625,108.578125,108.609375,18935.0
2023-09-21 05:00:00+00:00,108.625,108.625,108.578125,108.609375,8322.0
2023-09-21 06:00:00+00:00,108.6875,108.703125,108.609375,108.625,43525.0
2023-09-21 07:00:00+00:00,108.703125,108.75,108.65625,108.671875,68116.0
2023-09-21 08:00:00+00:00,108.59375,108.71875,108.59375,108.6875,38877.0
2023-09-21 09:00:00+00:00,108.625,108.640625,108.5625,108.609375,32611.0
2023-09-21 10:00:00+00:00,108.671875,108.6875,108.609375,108.625,40269.0
2023-09-21 11:00:00+00:00,108.5,108.71875,108.484375,108.671875,110306.0
2023-09-21 12:00:00+00:00,108.359375,108.515625,108.25,108.5,320921.0
2023-09-21 13:00:00+00:00,108.34375,108.484375,108.3125,108.359375,227259.0
2023-09-21 14:00:00+00:00,108.4375,108.515625,108.328125,108.359375,251368.0
2023-09-21 15:00:00+00:00,108.453125,108.515625,108.390625,108.421875,201795.0
2023-09-21 16:00:00+00:00,108.484375,108.5,108.390625,108.453125,96372.0
2023-09-21 17:00:00+00:00,108.46875,108.53125,108.453125,108.484375,85191.0
2023-09-21 18:00:00+00:00,108.40625,108.515625,108.40625,108.453125,132008.0
2023-09-21 19:00:00+00:00,108.40625,108.453125,108.390625,108.40625,97242.0
2023-09-21 20:00:00+00:00,108.34375,108.421875,108.328125,108.390625,0.0
2023-09-21 22:00:00+00:00,108.359375,108.375,108.328125,108.34375,6113.0
2023-09-21 23:00:00+00:00,108.375,108.390625,108.296875,108.359375,10087.0
2023-09-22 00:00:00+00:00,108.359375,108.421875,108.328125,108.375,26217.0
2023-09-22 01:00:00+00:00,108.296875,108.375,108.296875,108.375,21220.0
2023-09-22 02:00:00+00:00,108.3125,108.34375,108.296875,108.3125,19643.0
2023-09-22 03:00:00+00:00,108.296875,108.328125,108.28125,108.3125,14093.0
2023-09-22 04:00:00+00:00,108.375,108.390625,108.3125,108.3125,12553.0
2023-09-22 05:00:00+00:00,108.328125,108.390625,108.328125,108.359375,12661.0
2023-09-22 06:00:00+00:00,108.421875,108.4375,108.3125,108.328125,36397.0
2023-09-22 07:00:00+00:00,108.546875,108.609375,108.40625,108.421875,114488.0
2023-09-22 08:00:00+00:00,108.484375,108.546875,108.453125,108.53125,33888.0
2023-09-22 09:00:00+00:00,108.453125,108.53125,108.4375,108.46875,26560.0
2023-09-22 10:00:00+00:00,108.4375,108.484375,108.421875,108.453125,21572.0
2023-09-22 11:00:00+00:00,108.4375,108.5,108.390625,108.4375,43272.0
2023-09-22 12:00:00+00:00,108.5625,108.59375,108.421875,108.421875,95086.0
2023-09-22 13:00:00+00:00,108.640625,108.65625,108.40625,108.5625,163156.0
2023-09-22 14:00:00+00:00,108.78125,108.828125,108.609375,108.640625,198153.0
2023-09-22 15:00:00+00:00,108.734375,108.8125,108.6875,108.78125,112762.0
2023-09-22 16:00:00+00:00,108.765625,108.78125,108.6875,108.75,69908.0
2023-09-22 17:00:00+00:00,108.765625,108.8125,108.734375,108.75,87547.0
2023-09-22 18:00:00+00:00,108.6875,108.796875,108.671875,108.765625,76615.0
2023-09-22 19:00:00+00:00,108.75,108.765625,108.671875,108.671875,73912.0
2023-09-22 20:00:00+00:00,108.71875,108.78125,108.6875,108.75,37771.0
2023-09-24 22:00:00+00:00,108.75,108.796875,108.734375,108.734375,9434.0
2023-09-24 23:00:00+00:00,108.703125,108.796875,108.703125,108.75,6842.0
2023-09-25 00:00:00+00:00,108.640625,108.71875,108.609375,108.71875,22967.0
2023-09-25 01:00:00+00:00,108.625,108.671875,108.578125,108.640625,12138.0
2023-09-25 02:00:00+00:00,108.59375,108.640625,108.578125,108.625,8843.0
2023-09-25 03:00:00+00:00,108.625,108.640625,108.578125,108.59375,7871.0
2023-09-25 04:00:00+00:00,108.59375,108.625,108.59375,108.625,11128.0
2023-09-25 05:00:00+00:00,108.578125,108.625,108.546875,108.59375,11232.0
2023-09-25 06:00:00+00:00,108.578125,108.59375,108.53125,108.578125,18359.0
2023-09-25 07:00:00+00:00,108.484375,108.59375,108.46875,108.5625,28050.0
2023-09-25 08:00:00+00:00,108.421875,108.484375,108.40625,108.46900177001953,57329.0
2023-09-25 09:00:00+00:00,108.375,108.46875,108.34375,108.421875,37457.0
2023-09-25 10:00:00+00:00,108.421875,108.421875,108.328125,108.390625,38039.0
2023-09-25 11:00:00+00:00,108.375,108.453125,108.34375,108.421875,44414.0
2023-09-25 12:00:00+00:00,108.34375,108.421875,108.3125,108.375,162134.0
2023-09-25 13:00:00+00:00,108.3125,108.359375,108.1875,108.34375,180732.0
2023-09-25 14:00:00+00:00,108.328125,108.375,108.203125,108.3125,152687.0
2023-09-25 15:00:00+00:00,108.28125,108.4375,108.265625,108.3125,96467.0
2023-09-25 16:00:00+00:00,108.265625,108.34375,108.25,108.28125,52927.0
2023-09-25 17:00:00+00:00,108.234375,108.3125,108.21875,108.28125,37508.0
2023-09-25 18:00:00+00:00,108.171875,108.265625,108.125,108.25,106015.0
2023-09-25 19:00:00+00:00,108.171875,108.203125,108.125,108.15625,70600.0
2023-09-25 20:00:00+00:00,108.203125,108.25,108.15625,108.171875,60321.0
2023-09-25 22:00:00+00:00,108.171875,108.21875,108.171875,108.21875,0.0
2023-09-25 23:00:00+00:00,108.15625,108.1875,108.140625,108.1875,8866.0
2023-09-26 00:00:00+00:00,108.03125,108.15625,108.03125,108.15625,24815.0
2023-09-26 01:00:00+00:00,108.046875,108.09375,108.015625,108.03125,23355.0
2023-09-26 02:00:00+00:00,108.046875,108.0625,108.015625,108.046875,13027.0
2023-09-26 03:00:00+00:00,108.078125,108.09375,108.03125,108.046875,15407.0
2023-09-26 04:00:00+00:00,108.125,108.125,108.0625,108.078125,11453.0
2023-09-26 05:00:00+00:00,108.078125,108.171875,108.078125,108.109375,22563.0
2023-09-26 06:00:00+00:00,108.046875,108.140625,108.03125,108.078125,40364.0
2023-09-26 07:00:00+00:00,108.234375,108.25,108.03125,108.046875,49551.0
2023-09-26 08:00:00+00:00,108.3125,108.359375,108.234375,108.25,84097.0
2023-09-26 09:00:00+00:00,108.359375,108.39099884033203,108.28125,108.296875,53859.0
2023-09-26 10:00:00+00:00,108.40625,108.40625,108.328125,108.359375,29559.0
2023-09-26 11:00:00+00:00,108.390625,108.5,108.34375,108.40625,74632.0
2023-09-26 12:00:00+00:00,108.484375,108.53125,108.375,108.40625,136271.0
2023-09-26 13:00:00+00:00,108.296875,108.46875,108.25,108.46875,162263.0
2023-09-26 14:00:00+00:00,108.203125,108.390625,108.171875,108.296875,161962.0
2023-09-26 15:00:00+00:00,108.171875,108.25,108.078125,108.1875,159093.0
2023-09-26 16:00:00+00:00,108.140625,108.1875,108.109375,108.171875,75832.0
2023-09-26 17:00:00+00:00,108.21875,108.234375,108.125,108.140625,57762.0
2023-09-26 18:00:00+00:00,108.09375,108.21875,108.046875,108.21875,145131.0
2023-09-26 19:00:00+00:00,108.15625,108.171875,108.078125,108.09375,97127.0
2023-09-26 20:00:00+00:00,108.234375,108.25,108.125,108.140625,0.0
2023-09-26 22:00:00+00:00,108.234375,108.265625,108.203125,108.234375,6670.0
2023-09-26 23:00:00+00:00,108.28125,108.296875,108.21875,108.234375,7089.0
2023-09-27 00:00:00+00:00,108.3125,108.328125,108.25,108.265625,12124.0
2023-09-27 01:00:00+00:00,108.359375,108.390625,108.28125,108.296875,19691.0
2023-09-27 02:00:00+00:00,108.328125,108.375,108.3125,108.34375,9452.0
2023-09-27 03:00:00+00:00,108.359375,108.359375,108.328125,108.328125,4341.0
2023-09-27 04:00:00+00:00,108.296875,108.359375,108.28125,108.34375,8745.0
2023-09-27 05:00:00+00:00,108.234375,108.3125,108.234375,108.3125,11906.0
2023-09-27 06:00:00+00:00,108.40625,108.421875,108.234375,108.25,37013.0
2023-09-27 07:00:00+00:00,108.453125,108.453125,108.390625,108.40625,29106.0
2023-09-27 08:00:00+00:00,108.4375,108.453125,108.40625,108.4219970703125,26998.0
2023-09-27 09:00:00+00:00,108.453125,108.46875,108.421875,108.4375,22009.0
2023-09-27 10:00:00+00:00,108.390625,108.453125,108.375,108.43800354003906,19911.0
2023-09-27 11:00:00+00:00,108.375,108.453125,108.34375,108.40625,35986.0
2023-09-27 12:00:00+00:00,108.484375,108.53125,108.296875,108.375,143207.0
2023-09-27 13:00:00+00:00,108.25,108.5,108.25,108.46875,146248.0
2023-09-27 14:00:00+00:00,108.046875,108.28125,108.046875,108.25,246550.0
2023-09-27 15:00:00+00:00,107.921875,108.109375,107.875,108.0625,197274.0
2023-09-27 16:00:00+00:00,107.796875,107.9375,107.78125,107.921875,148032.0
2023-09-27 17:00:00+00:00,107.640625,107.875,107.5625,107.8125,242499.0
2023-09-27 18:00:00+00:00,107.578125,107.640625,107.484375,107.640625,204090.0
2023-09-27 19:00:00+00:00,107.703125,107.734375,107.5625,107.578125,158500.0
2023-09-27 20:00:00+00:00,107.703125,107.703125,107.65625,107.6875,0.0
2023-09-27 22:00:00+00:00,107.734375,107.75,107.671875,107.734375,9010.0
2023-09-27 23:00:00+00:00,107.71875,107.75,107.6875,107.734375,7809.0
2023-09-28 00:00:00+00:00,107.71875,107.75,107.671875,107.71875,14460.0
2023-09-28 01:00:00+00:00,107.671875,107.734375,107.59375,107.71875,23342.0
2023-09-28 02:00:00+00:00,107.71875,107.71875,107.671875,107.671875,20493.0
2023-09-28 03:00:00+00:00,107.71875,107.75,107.703125,107.703125,13496.0
2023-09-28 04:00:00+00:00,107.765625,107.796875,107.71875,107.71875,16183.0
2023-09-28 05:00:00+00:00,107.765625,107.84375,107.75,107.765625,23315.0
2023-09-28 06:00:00+00:00,107.6875,107.796875,107.671875,107.765625,31392.0
2023-09-28 07:00:00+00:00,107.703125,107.75,107.640625,107.6875,50774.0
2023-09-28 08:00:00+00:00,107.546875,107.671875,107.515625,107.65599822998047,79611.0
2023-09-28 09:00:00+00:00,107.609375,107.625,107.484375,107.53125,60564.0
2023-09-28 10:00:00+00:00,107.5,107.609375,107.46875,107.609375,41605.0
2023-09-28 11:00:00+00:00,107.53125,107.53125,107.4375,107.484375,55611.0
2023-09-28 12:00:00+00:00,107.34375,107.796875,107.21875,107.53125,377292.0
2023-09-28 13:00:00+00:00,107.515625,107.59375,107.328125,107.34375,304656.0
2023-09-28 14:00:00+00:00,107.484375,107.65625,107.390625,107.515625,289790.0
2023-09-28 15:00:00+00:00,107.765625,107.8125,107.40625,107.484375,257773.0
2023-09-28 16:00:00+00:00,107.71875,107.78125,107.671875,107.765625,152429.0
2023-09-28 17:00:00+00:00,107.65625,107.765625,107.609375,107.71875,134360.0
2023-09-28 18:00:00+00:00,107.859375,107.875,107.640625,107.640625,134010.0
2023-09-28 19:00:00+00:00,107.984375,108.015625,107.859375,107.859375,142361.0
2023-09-28 20:00:00+00:00,107.96875,108.0,107.9375,107.984375,0.0
2023-09-28 22:00:00+00:00,107.921875,107.96875,107.90625,107.96875,9646.0
2023-09-28 23:00:00+00:00,107.9375,107.953125,107.859375,107.9375,8854.0
2023-09-29 00:00:00+00:00,107.890625,107.953125,107.875,107.953125,12309.0
2023-09-29 01:00:00+00:00,107.828125,107.921875,107.8125,107.890625,14354.0
2023-09-29 02:00:00+00:00,107.8125,107.859375,107.8125,107.84375,8339.0
2023-09-29 03:00:00+00:00,107.84375,107.859375,107.8125,107.8125,6780.0
2023-09-29 04:00:00+00:00,107.890625,107.90625,107.828125,107.828125,11709.0
2023-09-29 05:00:00+00:00,108.015625,108.0625,107.890625,107.890625,30738.0
2023-09-29 06:00:00+00:00,108.140625,108.25,107.984375,108.015625,103156.0
2023-09-29 07:00:00+00:00,108.21875,108.25,108.125,108.15625,71907.0
2023-09-29 08:00:00+00:00,108.171875,108.25,108.15625,108.21875,46887.0
2023-09-29 09:00:00+00:00,108.203125,108.265625,108.140625,108.1875,49588.0
2023-09-29 10:00:00+00:00,108.171875,108.234375,108.15625,108.21875,32715.0
2023-09-29 11:00:00+00:00,108.09375,108.1875,108.015625,108.15625,69721.0
2023-09-29 12:00:00+00:00,108.328125,108.34375,108.0625,108.09375,262838.0
2023-09-29 13:00:00+00:00,108.359375,108.453125,108.265625,108.3125,215891.0
2023-09-29 14:00:00+00:00,108.34375,108.421875,108.25,108.359375,204188.0
2023-09-29 15:00:00+00:00,108.125,108.34375,108.03125,108.34375,234751.0
2023-09-29 16:00:00+00:00,108.078125,108.15625,108.0625,108.125,139540.0
2023-09-29 17:00:00+00:00,108.046875,108.125,108.0,108.0625,90346.0
2023-09-29 18:00:00+00:00,108.046875,108.109375,108.046875,108.0625,172725.0
2023-09-29 19:00:00+00:00,108.03125,108.09375,107.9375,108.046875,561645.0
2023-09-29 20:00:00+00:00,108.03125,108.0625,107.96875,108.015625,195892.0
2023-10-01 22:00:00+00:00,107.734375,107.921875,107.6875,107.875,32857.0
2023-10-01 23:00:00+00:00,107.78125,107.796875,107.703125,107.734375,12155.0
2023-10-02 00:00:00+00:00,107.734375,107.78125,107.671875,107.765625,20902.0
2023-10-02 01:00:00+00:00,107.75,107.765625,107.71875,107.71875,9814.0
2023-10-02 02:00:00+00:00,107.734375,107.765625,107.71875,107.75,3826.0
2023-10-02 03:00:00+00:00,107.78125,107.78125,107.71875,107.71875,6313.0
2023-10-02 04:00:00+00:00,107.78125,107.8125,107.765625,107.78125,5597.0
2023-10-02 05:00:00+00:00,107.796875,107.8125,107.765625,107.78125,4584.0
2023-10-02 06:00:00+00:00,107.78125,107.796875,107.703125,107.796875,28495.0
2023-10-02 07:00:00+00:00,107.703125,107.859375,107.671875,107.765625,51530.0
2023-10-02 08:00:00+00:00,107.6875,107.75,107.671875,107.703125,35482.0
2023-10-02 09:00:00+00:00,107.625,107.734375,107.59375,107.6875,50151.0
2023-10-02 10:00:00+00:00,107.609375,107.671875,107.59375,107.60900115966797,37253.0
2023-10-02 11:00:00+00:00,107.65625,107.703125,107.609375,107.609375,39737.0
2023-10-02 12:00:00+00:00,107.578125,107.6875,107.515625,107.65625,125735.0
2023-10-02 13:00:00+00:00,107.53125,107.65625,107.515625,107.578125,133943.0
2023-10-02 14:00:00+00:00,107.390625,107.671875,107.359375,107.53125,283423.0
2023-10-02 15:00:00+00:00,107.28125,107.46875,107.25,107.390625,144429.0
2023-10-02 16:00:00+00:00,107.3125,107.328125,107.21875,107.28125,123657.0
2023-10-02 17:00:00+00:00,107.40625,107.4375,107.3125,107.328125,65965.0
2023-10-02 18:00:00+00:00,107.3125,107.46875,107.3125,107.40625,152007.0
2023-10-02 19:00:00+00:00,107.328125,107.359375,107.296875,107.328125,95725.0
2023-10-02 20:00:00+00:00,107.359375,107.359375,107.25,107.328125,0.0
2023-10-02 22:00:00+00:00,107.359375,107.390625,107.34375,107.390625,5590.0
2023-10-02 23:00:00+00:00,107.34375,107.421875,107.34375,107.375,10286.0
2023-10-03 00:00:00+00:00,107.328125,107.359375,107.1875,107.34375,34421.0
2023-10-03 01:00:00+00:00,107.34375,107.359375,107.28125,107.328125,21563.0
2023-10-03 02:00:00+00:00,107.34375,107.359375,107.328125,107.328125,6582.0
2023-10-03 03:00:00+00:00,107.328125,107.359375,107.3125,107.34375,12261.0
2023-10-03 04:00:00+00:00,107.328125,107.34375,107.265625,107.328125,19321.0
2023-10-03 05:00:00+00:00,107.21875,107.375,107.203125,107.328125,18611.0
2023-10-03 06:00:00+00:00,107.265625,107.328125,107.21875,107.21875,39729.0
2023-10-03 07:00:00+00:00,107.296875,107.375,107.234375,107.28125,52198.0
2023-10-03 08:00:00+00:00,107.359375,107.4375,107.328125,107.34400177001953,50481.0
2023-10-03 09:00:00+00:00,107.234375,107.375,107.1875,107.359375,49209.0
2023-10-03 10:00:00+00:00,107.15625,107.265625,107.15625,107.21900177001953,38735.0
2023-10-03 11:00:00+00:00,107.0,107.171875,106.953125,107.171875,165993.0
2023-10-03 12:00:00+00:00,107.171875,107.1875,106.921875,107.015625,192836.0
2023-10-03 13:00:00+00:00,107.28125,107.328125,107.125,107.1875,227629.0
2023-10-03 14:00:00+00:00,106.953125,107.28125,106.828125,107.28125,506970.0
2023-10-03 15:00:00+00:00,106.765625,106.921875,106.71875,106.921875,246728.0
2023-10-03 16:00:00+00:00,106.75,106.890625,106.71875,106.765625,145700.0
2023-10-03 17:00:00+00:00,106.734375,106.796875,106.71875,106.75,88411.0
2023-10-03 18:00:00+00:00,106.609375,106.734375,106.609375,106.734375,204083.0
2023-10-03 19:00:00+00:00,106.609375,106.65625,106.5625,106.609375,180249.0
2023-10-03 20:00:00+00:00,106.671875,106.703125,106.609375,106.609375,0.0
2023-10-03 22:00:00+00:00,106.65625,106.6875,106.625,106.625,13599.0
2023-10-03 23:00:00+00:00,106.640625,106.671875,106.625,106.65625,11050.0
2023-10-04 00:00:00+00:00,106.515625,106.703125,106.515625,106.640625,34144.0
2023-10-04 01:00:00+00:00,106.46875,106.546875,106.421875,106.515625,36770.0
2023-10-04 02:00:00+00:00,106.421875,106.484375,106.328125,106.46875,34872.0
2023-10-04 03:00:00+00:00,106.375,106.453125,106.375,106.40625,15430.0
2023-10-04 04:00:00+00:00,106.453125,106.46875,106.34375,106.375,24508.0
2023-10-04 05:00:00+00:00,106.34375,106.453125,106.3125,106.4375,18532.0
2023-10-04 06:00:00+00:00,106.140625,106.359375,106.109375,106.34375,88497.0
2023-10-04 07:00:00+00:00,106.390625,106.46875,106.15625,106.15625,109022.0
2023-10-04 08:00:00+00:00,106.5625,106.5625,106.4375,106.46900177001953,75581.0
2023-10-04 09:00:00+00:00,106.484375,106.625,106.46875,106.578125,54567.0
2023-10-04 10:00:00+00:00,106.484375,106.5625,106.390625,106.46875,69306.0
2023-10-04 11:00:00+00:00,106.765625,106.84375,106.46875,106.484375,168174.0
2023-10-04 12:00:00+00:00,107.0,107.078125,106.71875,106.765625,342463.0
2023-10-04 13:00:00+00:00,106.9375,107.03125,106.84375,107.0,206070.0
2023-10-04 14:00:00+00:00,106.8125,106.96875,106.65625,106.921875,315929.0
2023-10-04 15:00:00+00:00,107.09375,107.140625,106.734375,106.796875,254393.0
2023-10-04 16:00:00+00:00,107.109375,107.15625,107.0,107.109375,135908.0
2023-10-04 17:00:00+00:00,107.03125,107.140625,107.015625,107.09375,91394.0
2023-10-04 18:00:00+00:00,107.09375,107.125,106.984375,107.015625,122537.0
2023-10-04 19:00:00+00:00,107.15625,107.203125,107.078125,107.09375,115457.0
2023-10-04 20:00:00+00:00,107.09375,107.171875,107.078125,107.15625,58663.0
2023-10-04 22:00:00+00:00,107.109375,107.109375,107.03125,107.078125,0.0
2023-10-04 23:00:00+00:00,107.125,107.140625,107.078125,107.109375,7169.0
2023-10-05 00:00:00+00:00,107.109375,107.140625,107.015625,107.125,16748.0
2023-10-05 01:00:00+00:00,107.25,107.25,107.09375,107.09375,31416.0
2023-10-05 02:00:00+00:00,107.25,107.28125,107.203125,107.234375,27041.0
2023-10-05 03:00:00+00:00,107.203125,107.265625,107.171875,107.234375,13521.0
2023-10-05 04:00:00+00:00,107.21875,107.265625,107.203125,107.21875,9222.0
2023-10-05 05:00:00+00:00,107.25,107.265625,107.1875,107.21875,15801.0
2023-10-05 06:00:00+00:00,107.046875,107.265625,107.046875,107.25,43802.0
2023-10-05 07:00:00+00:00,107.046875,107.109375,107.0,107.046875,51735.0
2023-10-05 08:00:00+00:00,107.046875,107.125,106.984375,107.09400177001953,48477.0
2023-10-05 09:00:00+00:00,107.125,107.140625,107.0,107.03125,41516.0
2023-10-05 10:00:00+00:00,107.265625,107.28125,107.09375,107.09400177001953,62585.0
2023-10-05 11:00:00+00:00,107.28125,107.28125,107.1875,107.25,41653.0
2023-10-05 12:00:00+00:00,107.125,107.3125,106.890625,107.265625,237123.0
2023-10-05 13:00:00+00:00,107.328125,107.390625,107.109375,107.109375,272572.0
2023-10-05 14:00:00+00:00,107.203125,107.3125,107.125,107.3125,210942.0
2023-10-05 15:00:00+00:00,107.28125,107.3125,107.15625,107.21875,132341.0
2023-10-05 16:00:00+00:00,107.3125,107.359375,107.265625,107.28125,89554.0
2023-10-05 17:00:00+00:00,107.28125,107.34375,107.25,107.3125,66231.0
2023-10-05 18:00:00+00:00,107.296875,107.359375,107.28125,107.28125,93953.0
2023-10-05 19:00:00+00:00,107.328125,107.359375,107.296875,107.3125,116196.0
2023-10-05 20:00:00+00:00,107.265625,107.34375,107.234375,107.34375,0.0
2023-10-05 22:00:00+00:00,107.21875,107.28125,107.21875,107.265625,7698.0
2023-10-05 23:00:00+00:00,107.234375,107.265625,107.21875,107.21875,5572.0
2023-10-06 00:00:00+00:00,107.21875,107.265625,107.203125,107.234375,9984.0
2023-10-06 01:00:00+00:00,107.265625,107.265625,107.203125,107.21875,9438.0
2023-10-06 02:00:00+00:00,107.203125,107.265625,107.203125,107.265625,3852.0
2023-10-06 03:00:00+00:00,107.265625,107.3125,107.203125,107.203125,8903.0
2023-10-06 04:00:00+00:00,107.265625,107.3125,107.265625,107.296875,6875.0
2023-10-06 05:00:00+00:00,107.21875,107.28125,107.203125,107.265625,11555.0
2023-10-06 06:00:00+00:00,107.171875,107.234375,107.140625,107.21875,29118.0
2023-10-06 07:00:00+00:00,107.140625,107.203125,107.078125,107.171875,52164.0
2023-10-06 08:00:00+00:00,107.125,107.171875,107.0625,107.140625,39036.0
2023-10-06 09:00:00+00:00,107.140625,107.21875,107.125,107.125,24082.0
2023-10-06 10:00:00+00:00,107.125,107.171875,107.09375,107.140625,27515.0
2023-10-06 11:00:00+00:00,107.109375,107.15625,107.0625,107.125,51921.0
2023-10-06 12:00:00+00:00,106.421875,107.203125,106.203125,107.09375,611433.0
2023-10-06 13:00:00+00:00,106.5,106.640625,106.3125,106.421875,383954.0
2023-10-06 14:00:00+00:00,106.640625,106.734375,106.5,106.5,237536.0
2023-10-06 15:00:00+00:00,106.953125,107.046875,106.640625,106.640625,267625.0
2023-10-06 16:00:00+00:00,106.796875,106.953125,106.78125,106.9375,112056.0
2023-10-06 17:00:00+00:00,106.84375,106.875,106.78125,106.796875,83138.0
2023-10-06 18:00:00+00:00,106.84375,106.921875,106.8125,106.84375,104783.0
2023-10-06 19:00:00+00:00,106.796875,106.90625,106.78125,106.859375,101753.0
2023-10-06 20:00:00+00:00,106.75,106.828125,106.734375,106.796875,43509.0
2023-10-08 22:00:00+00:00,107.421875,107.640625,107.078125,107.125,73166.0
2023-10-08 23:00:00+00:00,107.3125,107.4375,107.265625,107.421875,24789.0
2023-10-09 00:00:00+00:00,107.21875,107.3125,107.109375,107.3125,24131.0
2023-10-09 01:00:00+00:00,107.234375,107.265625,107.140625,107.203125,10717.0
2023-10-09 02:00:00+00:00,107.234375,107.28125,107.203125,107.21875,6326.0
2023-10-09 03:00:00+00:00,107.21875,107.25,107.171875,107.21875,4054.0
2023-10-09 04:00:00+00:00,107.15625,107.25,107.140625,107.234375,7896.0
2023-10-09 05:00:00+00:00,107.234375,107.265625,107.140625,107.15625,13764.0
2023-10-09 06:00:00+00:00,107.15625,107.34375,107.140625,107.21875,40607.0
2023-10-09 07:00:00+00:00,107.28125,107.328125,107.125,107.15625,54439.0
2023-10-09 08:00:00+00:00,107.265625,107.3125,107.21875,107.265625,24064.0
2023-10-09 09:00:00+00:00,107.25,107.296875,107.25,107.265625,15095.0
2023-10-09 10:00:00+00:00,107.21875,107.296875,107.21875,107.28099822998047,14637.0
2023-10-09 11:00:00+00:00,107.203125,107.265625,107.15625,107.21875,23985.0
2023-10-09 12:00:00+00:00,107.5625,107.578125,107.171875,107.1875,85838.0
2023-10-09 13:00:00+00:00,107.53125,107.703125,107.390625,107.546875,94983.0
2023-10-09 14:00:00+00:00,107.6875,107.703125,107.515625,107.53125,61261.0
2023-10-09 15:00:00+00:00,107.671875,107.734375,107.640625,107.671875,43308.0
2023-10-09 16:00:00+00:00,107.65625,107.703125,107.609375,107.671875,24975.0
2023-10-09 17:00:00+00:00,107.8125,107.84375,107.640625,107.671875,49121.0
2023-10-09 18:00:00+00:00,107.84375,107.84375,107.75,107.8125,44073.0
2023-10-09 19:00:00+00:00,107.921875,107.9375,107.828125,107.84375,35752.0
2023-10-09 20:00:00+00:00,107.84375,107.953125,107.828125,107.9375,0.0
2023-10-09 22:00:00+00:00,107.84375,107.859375,107.78125,107.78125,9381.0
2023-10-09 23:00:00+00:00,107.921875,107.921875,107.828125,107.84375,19642.0
2023-10-10 00:00:00+00:00,107.828125,107.953125,107.71875,107.921875,53702.0
2023-10-10 01:00:00+00:00,107.734375,107.828125,107.703125,107.8125,21788.0
2023-10-10 02:00:00+00:00,107.8125,107.828125,107.71875,107.734375,22465.0
2023-10-10 03:00:00+00:00,107.8125,107.84375,107.796875,107.8125,14805.0
2023-10-10 04:00:00+00:00,107.765625,107.8125,107.734375,107.8125,12863.0
2023-10-10 05:00:00+00:00,107.734375,107.78125,107.703125,107.765625,11437.0
2023-10-10 06:00:00+00:00,107.5625,107.796875,107.5625,107.71875,61012.0
2023-10-10 07:00:00+00:00,107.578125,107.6875,107.5,107.5625,87785.0
2023-10-10 08:00:00+00:00,107.734375,107.765625,107.5625,107.578125,61938.0
2023-10-10 09:00:00+00:00,107.625,107.75,107.59375,107.734375,34020.0
2023-10-10 10:00:00+00:00,107.546875,107.640625,107.546875,107.59400177001953,30262.0
2023-10-10 11:00:00+00:00,107.421875,107.5625,107.328125,107.546875,96714.0
2023-10-10 12:00:00+00:00,107.5,107.578125,107.359375,107.421875,176398.0
2023-10-10 13:00:00+00:00,107.53125,107.578125,107.390625,107.515625,158266.0
2023-10-10 14:00:00+00:00,107.703125,107.71875,107.5,107.515625,158104.0
2023-10-10 15:00:00+00:00,107.9375,107.96875,107.6875,107.71875,176568.0
2023-10-10 16:00:00+00:00,107.921875,107.984375,107.8125,107.9375,119599.0
2023-10-10 17:00:00+00:00,107.6875,107.9375,107.6875,107.921875,135632.0
2023-10-10 18:00:00+00:00,107.71875,107.8125,107.671875,107.6875,111865.0
2023-10-10 19:00:00+00:00,107.75,107.765625,107.625,107.71875,163028.0
2023-10-10 20:00:00+00:00,107.71875,107.796875,107.671875,107.734375,0.0
2023-10-10 22:00:00+00:00,107.765625,107.765625,107.671875,107.71875,7817.0
2023-10-10 23:00:00+00:00,107.734375,107.78125,107.71875,107.765625,4250.0
2023-10-11 00:00:00+00:00,107.796875,107.84375,107.71875,107.734375,14302.0
2023-10-11 01:00:00+00:00,107.8125,107.828125,107.734375,107.796875,10292.0
2023-10-11 02:00:00+00:00,107.828125,107.875,107.78125,107.8125,17932.0
2023-10-11 03:00:00+00:00,107.765625,107.84375,107.765625,107.828125,9927.0
2023-10-11 04:00:00+00:00,107.75,107.78125,107.703125,107.78125,7505.0
2023-10-11 05:00:00+00:00,107.703125,107.765625,107.65625,107.75,11223.0
2023-10-11 06:00:00+00:00,107.71875,107.828125,107.6875,107.703125,32289.0
2023-10-11 07:00:00+00:00,108.09375,108.234375,107.71875,107.734375,160954.0
2023-10-11 08:00:00+00:00,108.1875,108.34375,108.0625,108.09375,130756.0
2023-10-11 09:00:00+00:00,108.21875,108.28125,108.140625,108.1875,49523.0
2023-10-11 10:00:00+00:00,108.25,108.296875,108.1875,108.234375,53724.0
2023-10-11 11:00:00+00:00,108.1875,108.28125,108.171875,108.25,63525.0
2023-10-11 12:00:00+00:00,108.109375,108.21875,107.90625,108.1875,269700.0
2023-10-11 13:00:00+00:00,107.9375,108.140625,107.84375,108.109375,206420.0
2023-10-11 14:00:00+00:00,108.0,108.0625,107.890625,107.9375,201154.0
2023-10-11 15:00:00+00:00,108.125,108.15625,107.921875,107.984375,148891.0
2023-10-11 16:00:00+00:00,107.953125,108.125,107.9375,108.125,110395.0
2023-10-11 17:00:00+00:00,107.84375,107.984375,107.78125,107.953125,163485.0
2023-10-11 18:00:00+00:00,107.953125,107.953125,107.8125,107.84375,123368.0
2023-10-11 19:00:00+00:00,108.09375,108.09375,107.921875,107.9375,94010.0
2023-10-11 20:00:00+00:00,108.140625,108.1875,107.9375,108.078125,0.0
2023-10-11 22:00:00+00:00,108.140625,108.15625,108.09375,108.109375,9870.0
2023-10-11 23:00:00+00:00,108.15625,108.171875,108.109375,108.15625,9759.0
2023-10-12 00:00:00+00:00,108.09375,108.1875,108.0625,108.140625,12093.0
2023-10-12 01:00:00+00:00,108.046875,108.109375,108.046875,108.078125,13403.0
2023-10-12 02:00:00+00:00,108.03125,108.09375,108.03125,108.0625,8709.0
2023-10-12 03:00:00+00:00,108.0625,108.078125,108.03125,108.03125,9963.0
2023-10-12 04:00:00+00:00,108.078125,108.09375,108.046875,108.0625,3949.0
2023-10-12 05:00:00+00:00,108.140625,108.15625,108.0625,108.078125,7412.0
2023-10-12 06:00:00+00:00,108.21875,108.28125,108.109375,108.140625,54870.0
2023-10-12 07:00:00+00:00,108.03125,108.234375,108.03099822998047,108.21875,50311.0
2023-10-12 08:00:00+00:00,108.109375,108.125,108.015625,108.046875,38842.0
2023-10-12 09:00:00+00:00,108.09375,108.140625,108.03125,108.125,27756.0
2023-10-12 10:00:00+00:00,108.125,108.1875,108.09375,108.09375,34021.0
2023-10-12 11:00:00+00:00,108.15625,108.21875,108.078125,108.125,57797.0
2023-10-12 12:00:00+00:00,107.796875,108.5,107.6875,108.15625,453848.0
2023-10-12 13:00:00+00:00,107.5625,107.875,107.546875,107.8125,320836.0
2023-10-12 14:00:00+00:00,107.5625,107.6875,107.484375,107.546875,211400.0
2023-10-12 15:00:00+00:00,107.5,107.609375,107.421875,107.5625,135980.0
2023-10-12 16:00:00+00:00,107.4375,107.578125,107.390625,107.5,106774.0
2023-10-12 17:00:00+00:00,107.203125,107.484375,107.203125,107.4375,185374.0
2023-10-12 18:00:00+00:00,107.234375,107.296875,107.125,107.203125,152202.0
2023-10-12 19:00:00+00:00,107.28125,107.34375,107.21875,107.25,102196.0
2023-10-12 20:00:00+00:00,107.3125,107.328125,107.25,107.28125,0.0
2023-10-12 22:00:00+00:00,107.328125,107.34375,107.28125,107.328125,6797.0
2023-10-12 23:00:00+00:00,107.3125,107.34375,107.28125,107.328125,9259.0
2023-10-13 00:00:00+00:00,107.375,107.40625,107.3125,107.3125,12566.0
2023-10-13 01:00:00+00:00,107.4375,107.46875,107.328125,107.390625,22158.0
2023-10-13 02:00:00+00:00,107.453125,107.46875,107.421875,107.4375,7726.0
2023-10-13 03:00:00+00:00,107.4375,107.46875,107.40625,107.4375,7815.0
2023-10-13 04:00:00+00:00,107.53125,107.53125,107.4375,107.453125,19033.0
2023-10-13 05:00:00+00:00,107.5625,107.625,107.5,107.515625,39229.0
2023-10-13 06:00:00+00:00,107.515625,107.609375,107.484375,107.5625,44470.0
2023-10-13 07:00:00+00:00,107.65625,107.65625,107.484375,107.515625,71564.0
2023-10-13 08:00:00+00:00,107.671875,107.703125,107.59375,107.65625,40864.0
2023-10-13 09:00:00+00:00,107.703125,107.75,107.5625,107.65625,43607.0
2023-10-13 10:00:00+00:00,107.796875,107.859375,107.703125,107.703125,58760.0
2023-10-13 11:00:00+00:00,107.8125,107.90625,107.734375,107.8125,109233.0
2023-10-13 12:00:00+00:00,107.96875,107.984375,107.71875,107.8125,183753.0
2023-10-13 13:00:00+00:00,107.78125,108.0,107.75,107.96875,149250.0
2023-10-13 14:00:00+00:00,107.734375,107.828125,107.5625,107.765625,278593.0
2023-10-13 15:00:00+00:00,107.703125,107.75,107.609375,107.734375,114589.0
2023-10-13 16:00:00+00:00,107.671875,107.796875,107.640625,107.703125,79272.0
2023-10-13 17:00:00+00:00,107.703125,107.71875,107.625,107.671875,70547.0
2023-10-13 18:00:00+00:00,107.71875,107.75,107.65625,107.703125,101049.0
2023-10-13 19:00:00+00:00,107.75,107.765625,107.703125,107.71875,84075.0
2023-10-13 20:00:00+00:00,107.76599884033203,107.796875,107.703125,107.765625,35870.0
2023-10-15 22:00:00+00:00,107.546875,107.703125,107.5,107.671875,14967.0
2023-10-15 23:00:00+00:00,107.578125,107.609375,107.5,107.546875,10342.0
2023-10-16 00:00:00+00:00,107.484375,107.609375,107.4375,107.5625,26130.0
2023-10-16 01:00:00+00:00,107.484375,107.53125,107.453125,107.46875,14872.0
2023-10-16 02:00:00+00:00,107.5,107.546875,107.484375,107.5,7028.0
2023-10-16 03:00:00+00:00,107.484375,107.53125,107.4375,107.5,9677.0
2023-10-16 04:00:00+00:00,107.5625,107.59375,107.484375,107.5,10563.0
2023-10-16 05:00:00+00:00,107.5,107.578125,107.46875,107.5625,11663.0
2023-10-16 06:00:00+00:00,107.359375,107.5,107.328125,107.484375,64187.0
2023-10-16 07:00:00+00:00,107.359375,107.4375,107.296875,107.359375,74810.0
2023-10-16 08:00:00+00:00,107.421875,107.453125,107.3125,107.35900115966797,26362.0
2023-10-16 09:00:00+00:00,107.359375,107.453125,107.359375,107.421875,18920.0
2023-10-16 10:00:00+00:00,107.359375,107.40625,107.3125,107.359375,30204.0
2023-10-16 11:00:00+00:00,107.328125,107.359375,107.25,107.359375,56083.0
2023-10-16 12:00:00+00:00,107.40625,107.515625,107.28125,107.328125,152843.0
2023-10-16 13:00:00+00:00,107.1875,107.453125,107.140625,107.40625,162676.0
2023-10-16 14:00:00+00:00,107.28125,107.296875,107.125,107.1875,130522.0
2023-10-16 15:00:00+00:00,107.234375,107.3125,107.1875,107.3125,67351.0
2023-10-16 16:00:00+00:00,107.1875,107.265625,107.140625,107.21875,46494.0
2023-10-16 17:00:00+00:00,107.1875,107.265625,107.15625,107.203125,51754.0
2023-10-16 18:00:00+00:00,107.203125,107.265625,107.171875,107.1875,66485.0
2023-10-16 19:00:00+00:00,107.21875,107.25,107.171875,107.21875,94029.0
2023-10-16 20:00:00+00:00,107.203125,107.296875,107.1875,107.21875,0.0
2023-10-16 22:00:00+00:00,107.140625,107.203125,107.125,107.1875,16272.0
2023-10-16 23:00:00+00:00,107.171875,107.1875,107.125,107.140625,8928.0
2023-10-17 00:00:00+00:00,107.171875,107.25,107.140625,107.15625,23018.0
2023-10-17 01:00:00+00:00,107.171875,107.234375,107.15625,107.15625,27575.0
2023-10-17 02:00:00+00:00,107.078125,107.171875,107.0625,107.171875,28472.0
2023-10-17 03:00:00+00:00,107.03125,107.09375,106.9375,107.078125,44337.0
2023-10-17 04:00:00+00:00,107.0,107.046875,106.984375,107.03125,10224.0
2023-10-17 05:00:00+00:00,106.96875,107.03125,106.9375,107.0,16103.0
2023-10-17 06:00:00+00:00,106.96875,107.0,106.90625,106.984375,38379.0
2023-10-17 07:00:00+00:00,107.046875,107.09375,106.9375,106.96875,46482.0
2023-10-17 08:00:00+00:00,107.0,107.078125,106.96875,107.0,36097.0
2023-10-17 09:00:00+00:00,107.0,107.015625,106.9375,106.984375,38044.0
2023-10-17 10:00:00+00:00,106.890625,107.046875,106.890625,106.96900177001953,70835.0
2023-10-17 11:00:00+00:00,106.90625,106.921875,106.828125,106.90625,50979.0
2023-10-17 12:00:00+00:00,106.5,106.9375,106.484375,106.90625,300491.0
2023-10-17 13:00:00+00:00,106.328125,106.546875,106.265625,106.5,296979.0
2023-10-17 14:00:00+00:00,106.4375,106.453125,106.296875,106.328125,210925.0
2023-10-17 15:00:00+00:00,106.46875,106.515625,106.375,106.453125,157092.0
2023-10-17 16:00:00+00:00,106.359375,106.515625,106.34375,106.484375,116747.0
2023-10-17 17:00:00+00:00,106.15625,106.390625,106.140625,106.359375,123518.0
2023-10-17 18:00:00+00:00,106.203125,106.234375,106.109375,106.171875,177844.0
2023-10-17 19:00:00+00:00,106.25,106.34375,106.203125,106.203125,132620.0
2023-10-17 20:00:00+00:00,106.25,106.28125,106.203125,106.265625,0.0
2023-10-17 22:00:00+00:00,106.28125,106.3125,106.21875,106.234375,16093.0
2023-10-17 23:00:00+00:00,106.265625,106.296875,106.234375,106.296875,12791.0
2023-10-18 00:00:00+00:00,106.296875,106.359375,106.234375,106.265625,27024.0
2023-10-18 01:00:00+00:00,106.3125,106.328125,106.25,106.28125,18670.0
2023-10-18 02:00:00+00:00,106.34375,106.359375,106.28125,106.3125,16470.0
2023-10-18 03:00:00+00:00,106.328125,106.359375,106.28125,106.328125,6583.0
2023-10-18 04:00:00+00:00,106.3125,106.34375,106.296875,106.3125,5303.0
2023-10-18 05:00:00+00:00,106.328125,106.375,106.296875,106.296875,15053.0
2023-10-18 06:00:00+00:00,106.21875,106.328125,106.203125,106.328125,33874.0
2023-10-18 07:00:00+00:00,106.203125,106.21875,106.09375,106.1875,73011.0
2023-10-18 08:00:00+00:00,106.234375,106.28125,106.171875,106.21900177001953,38777.0
2023-10-18 09:00:00+00:00,106.3125,106.34375,106.21875,106.234375,35036.0
2023-10-18 10:00:00+00:00,106.421875,106.4375,106.28125,106.3125,45333.0
2023-10-18 11:00:00+00:00,106.375,106.484375,106.375,106.40625,59476.0
2023-10-18 12:00:00+00:00,106.171875,106.390625,106.078125,106.375,175262.0
2023-10-18 13:00:00+00:00,106.15625,106.21875,106.046875,106.171875,186772.0
2023-10-18 14:00:00+00:00,105.859375,106.203125,105.84375,106.15625,209568.0
2023-10-18 15:00:00+00:00,105.828125,105.90625,105.75,105.875,202874.0
2023-10-18 16:00:00+00:00,105.84375,105.9375,105.75,105.828125,166778.0
2023-10-18 17:00:00+00:00,106.046875,106.078125,105.828125,105.84375,186076.0
2023-10-18 18:00:00+00:00,105.875,106.0625,105.859375,106.046875,139059.0
2023-10-18 19:00:00+00:00,105.890625,105.953125,105.828125,105.875,103871.0
2023-10-18 20:00:00+00:00,105.796875,105.890625,105.78125,105.890625,0.0
2023-10-18 22:00:00+00:00,105.703125,105.84375,105.703125,105.8125,16374.0
2023-10-18 23:00:00+00:00,105.640625,105.75,105.640625,105.71875,16063.0
2023-10-19 00:00:00+00:00,105.703125,105.734375,105.65625,105.65625,16185.0
2023-10-19 01:00:00+00:00,105.546875,105.765625,105.515625,105.703125,71064.0
2023-10-19 02:00:00+00:00,105.5625,105.625,105.53125,105.546875,13487.0
2023-10-19 03:00:00+00:00,105.53125,105.578125,105.515625,105.546875,14548.0
2023-10-19 04:00:00+00:00,105.46875,105.546875,105.4375,105.53125,25195.0
2023-10-19 05:00:00+00:00,105.484375,105.484375,105.4375,105.46875,18473.0
2023-10-19 06:00:00+00:00,105.5,105.546875,105.4375,105.484375,42124.0
2023-10-19 07:00:00+00:00,105.5,105.578125,105.453125,105.5625,57223.0
2023-10-19 08:00:00+00:00,105.40625,105.515625,105.390625,105.46900177001953,83231.0
2023-10-19 09:00:00+00:00,105.5,105.515625,105.40625,105.40625,34249.0
2023-10-19 10:00:00+00:00,105.578125,105.609375,105.5,105.5469970703125,42757.0
2023-10-19 11:00:00+00:00,105.421875,105.609375,105.390625,105.59375,84335.0
2023-10-19 12:00:00+00:00,105.703125,105.765625,105.375,105.421875,250776.0
2023-10-19 13:00:00+00:00,105.703125,105.765625,105.546875,105.6875,166350.0
2023-10-19 14:00:00+00:00,105.5625,105.71875,105.53125,105.703125,161768.0
2023-10-19 15:00:00+00:00,105.65625,105.734375,105.546875,105.5625,136584.0
2023-10-19 16:00:00+00:00,105.546875,105.953125,105.328125,105.640625,512388.0
2023-10-19 17:00:00+00:00,105.53125,105.71875,105.46875,105.546875,171852.0
2023-10-19 18:00:00+00:00,105.421875,105.5625,105.375,105.515625,148059.0
2023-10-19 19:00:00+00:00,105.46875,105.546875,105.421875,105.421875,122252.0
2023-10-19 20:00:00+00:00,105.4375,105.53125,105.421875,105.46875,0.0
2023-10-19 22:00:00+00:00,105.46875,105.46875,105.421875,105.453125,7694.0
2023-10-19 23:00:00+00:00,105.484375,105.53125,105.4375,105.46875,12961.0
2023-10-20 00:00:00+00:00,105.546875,105.578125,105.4375,105.46875,20700.0
2023-10-20 01:00:00+00:00,105.578125,105.578125,105.5,105.5625,16896.0
2023-10-20 02:00:00+00:00,105.671875,105.703125,105.546875,105.578125,33715.0
2023-10-20 03:00:00+00:00,105.71875,105.75,105.65625,105.671875,20807.0
2023-10-20 04:00:00+00:00,105.71875,105.765625,105.703125,105.71875,11043.0
2023-10-20 05:00:00+00:00,105.703125,105.75,105.6875,105.703125,13701.0
2023-10-20 06:00:00+00:00,105.8125,105.828125,105.640625,105.703125,46626.0
2023-10-20 07:00:00+00:00,105.796875,105.875,105.765625,105.8125,63293.0
2023-10-20 08:00:00+00:00,105.75,105.828125,105.703125,105.796875,52807.0
2023-10-20 09:00:00+00:00,105.703125,105.796875,105.703125,105.734375,34038.0
2023-10-20 10:00:00+00:00,105.734375,105.75,105.671875,105.71875,25000.0
2023-10-20 11:00:00+00:00,105.6875,105.828125,105.671875,105.734375,49495.0
2023-10-20 12:00:00+00:00,105.6875,105.71875,105.484375,105.6875,224280.0
2023-10-20 13:00:00+00:00,105.953125,106.046875,105.671875,105.6875,243284.0
2023-10-20 14:00:00+00:00,106.03125,106.0625,105.84375,105.9375,202947.0
2023-10-20 15:00:00+00:00,106.046875,106.1875,105.984375,106.015625,188403.0
2023-10-20 16:00:00+00:00,106.0625,106.109375,105.984375,106.0625,115429.0
2023-10-20 17:00:00+00:00,105.953125,106.109375,105.890625,106.0625,148497.0
2023-10-20 18:00:00+00:00,106.0,106.015625,105.90625,105.953125,99487.0
2023-10-20 19:00:00+00:00,106.0625,106.0625,105.953125,105.984375,106284.0
2023-10-20 20:00:00+00:00,106.0,106.09375,105.984375,106.046875,60402.0
2023-10-22 22:00:00+00:00,105.796875,105.84375,105.703125,105.78125,17206.0
2023-10-22 23:00:00+00:00,105.75,105.859375,105.75,105.796875,12178.0
2023-10-23 00:00:00+00:00,105.78125,105.875,105.765625,105.765625,16983.0
2023-10-23 01:00:00+00:00,105.703125,105.8125,105.6875,105.78125,18356.0
2023-10-23 02:00:00+00:00,105.59375,105.71875,105.59375,105.703125,23248.0
2023-10-23 03:00:00+00:00,105.578125,105.640625,105.53125,105.609375,24948.0
2023-10-23 04:00:00+00:00,105.609375,105.625,105.5625,105.578125,10447.0
2023-10-23 05:00:00+00:00,105.640625,105.65625,105.59375,105.59375,9970.0
2023-10-23 06:00:00+00:00,105.65625,105.703125,105.609375,105.640625,31851.0
2023-10-23 07:00:00+00:00,105.625,105.71875,105.578125,105.65625,65451.0
2023-10-23 08:00:00+00:00,105.5,105.671875,105.5,105.65599822998047,33263.0
2023-10-23 09:00:00+00:00,105.4375,105.53125,105.390625,105.5,66325.0
2023-10-23 10:00:00+00:00,105.5,105.515625,105.390625,105.421875,52554.0
2023-10-23 11:00:00+00:00,105.5625,105.640625,105.484375,105.5,64615.0
2023-10-23 12:00:00+00:00,105.625,105.734375,105.46875,105.578125,182452.0
2023-10-23 13:00:00+00:00,105.90625,105.921875,105.59375,105.640625,216550.0
2023-10-23 14:00:00+00:00,106.09375,106.15625,105.84375,105.90625,280639.0
2023-10-23 15:00:00+00:00,106.328125,106.34375,106.046875,106.078125,213380.0
2023-10-23 16:00:00+00:00,106.421875,106.421875,106.203125,106.328125,169655.0
2023-10-23 17:00:00+00:00,106.40625,106.46875,106.375,106.421875,108882.0
2023-10-23 18:00:00+00:00,106.484375,106.5,106.375,106.390625,154812.0
2023-10-23 19:00:00+00:00,106.390625,106.5,106.34375,106.46875,124768.0
2023-10-23 20:00:00+00:00,106.390625,106.453125,106.375,106.390625,0.0
2023-10-23 22:00:00+00:00,106.421875,106.4375,106.375,106.40625,9711.0
2023-10-23 23:00:00+00:00,106.359375,106.4375,106.34375,106.421875,7697.0
2023-10-24 00:00:00+00:00,106.328125,106.375,106.296875,106.359375,15611.0
2023-10-24 01:00:00+00:00,106.375,106.4375,106.265625,106.3125,27272.0
2023-10-24 02:00:00+00:00,106.4375,106.453125,106.359375,106.375,12124.0
2023-10-24 03:00:00+00:00,106.40625,106.46875,106.40625,106.4375,8269.0
2023-10-24 04:00:00+00:00,106.421875,106.4375,106.390625,106.421875,7218.0
2023-10-24 05:00:00+00:00,106.40625,106.453125,106.375,106.421875,11357.0
2023-10-24 06:00:00+00:00,106.671875,106.671875,106.390625,106.40625,70451.0
2023-10-24 07:00:00+00:00,106.546875,106.6875,106.53125,106.671875,115219.0
2023-10-24 08:00:00+00:00,106.484375,106.59375,106.453125,106.5780029296875,71343.0
2023-10-24 09:00:00+00:00,106.375,106.53125,106.375,106.484375,40782.0
2023-10-24 10:00:00+00:00,106.296875,106.421875,106.265625,106.375,65052.0
2023-10-24 11:00:00+00:00,106.328125,106.390625,106.25,106.3125,59747.0
2023-10-24 12:00:00+00:00,106.390625,106.421875,106.171875,106.328125,136632.0
2023-10-24 13:00:00+00:00,106.296875,106.40625,106.078125,106.390625,263246.0
2023-10-24 14:00:00+00:00,106.21875,106.3125,106.125,106.28125,167326.0
2023-10-24 15:00:00+00:00,106.375,106.390625,106.109375,106.203125,138767.0
2023-10-24 16:00:00+00:00,106.359375,106.453125,106.3125,106.375,113553.0
2023-10-24 17:00:00+00:00,106.375,106.5,106.34375,106.359375,123525.0
2023-10-24 18:00:00+00:00,106.375,106.40625,106.296875,106.375,110785.0
2023-10-24 19:00:00+00:00,106.46875,106.484375,106.34375,106.359375,132814.0
2023-10-24 20:00:00+00:00,106.390625,106.515625,106.390625,106.46875,0.0
2023-10-24 22:00:00+00:00,106.46875,106.484375,106.421875,106.4375,6708.0
2023-10-24 23:00:00+00:00,106.46875,106.484375,106.4375,106.453125,4178.0
2023-10-25 00:00:00+00:00,106.46875,106.5,106.390625,106.453125,25572.0
2023-10-25 01:00:00+00:00,106.46875,106.5625,106.453125,106.46875,23480.0
2023-10-25 02:00:00+00:00,106.421875,106.5,106.390625,106.46875,11438.0
2023-10-25 03:00:00+00:00,106.390625,106.40625,106.359375,106.40625,10502.0
2023-10-25 04:00:00+00:00,106.375,106.390625,106.328125,106.390625,10194.0
2023-10-25 05:00:00+00:00,106.390625,106.421875,106.359375,106.375,6863.0
2023-10-25 06:00:00+00:00,106.359375,106.5,106.359375,106.40625,32440.0
2023-10-25 07:00:00+00:00,106.3125,106.40625,106.296875,106.359375,39994.0
2023-10-25 08:00:00+00:00,106.21875,106.375,106.203125,106.3280029296875,46962.0
2023-10-25 09:00:00+00:00,106.171875,106.265625,106.171875,106.21875,34320.0
2023-10-25 10:00:00+00:00,106.203125,106.21875,106.15625,106.171875,30840.0
2023-10-25 11:00:00+00:00,106.203125,106.265625,106.171875,106.203125,52216.0
2023-10-25 12:00:00+00:00,106.0625,106.28125,106.046875,106.21875,155058.0
2023-10-25 13:00:00+00:00,106.078125,106.15625,105.984375,106.078125,150281.0
2023-10-25 14:00:00+00:00,105.921875,106.078125,105.890625,106.078125,239870.0
2023-10-25 15:00:00+00:00,105.921875,106.0,105.84375,105.921875,197205.0
2023-10-25 16:00:00+00:00,105.84375,105.96875,105.8125,105.921875,98776.0
2023-10-25 17:00:00+00:00,105.703125,105.875,105.625,105.84375,240904.0
2023-10-25 18:00:00+00:00,105.65625,105.75,105.640625,105.703125,205230.0
2023-10-25 19:00:00+00:00,105.734375,105.75,105.640625,105.65625,110770.0
2023-10-25 20:00:00+00:00,105.640625,105.75,105.5625,105.734375,0.0
2023-10-25 22:00:00+00:00,105.65625,105.671875,105.609375,105.65625,7780.0
2023-10-25 23:00:00+00:00,105.71875,105.734375,105.640625,105.671875,12656.0
2023-10-26 00:00:00+00:00,105.59375,105.765625,105.578125,105.71875,28887.0
2023-10-26 01:00:00+00:00,105.625,105.640625,105.578125,105.609375,23066.0
2023-10-26 02:00:00+00:00,105.640625,105.6875,105.609375,105.625,19601.0
2023-10-26 03:00:00+00:00,105.640625,105.671875,105.609375,105.640625,8878.0
2023-10-26 04:00:00+00:00,105.59375,105.6875,105.578125,105.65625,10541.0
2023-10-26 05:00:00+00:00,105.53125,105.640625,105.5,105.59375,32518.0
2023-10-26 06:00:00+00:00,105.515625,105.578125,105.484375,105.53125,43462.0
2023-10-26 07:00:00+00:00,105.640625,105.671875,105.484375,105.5,68023.0
2023-10-26 08:00:00+00:00,105.703125,105.71875,105.65625,105.7030029296875,54469.0
2023-10-26 09:00:00+00:00,105.703125,105.75,105.671875,105.6875,29629.0
2023-10-26 10:00:00+00:00,105.59375,105.703125,105.59375,105.703125,28906.0
2023-10-26 11:00:00+00:00,105.515625,105.625,105.484375,105.59375,61896.0
2023-10-26 12:00:00+00:00,106.0,106.03125,105.46875,105.5,376797.0
2023-10-26 13:00:00+00:00,105.96875,106.015625,105.75,106.0,302845.0
2023-10-26 14:00:00+00:00,106.015625,106.109375,105.859375,105.953125,213961.0
2023-10-26 15:00:00+00:00,106.0625,106.09375,105.953125,106.015625,159689.0
2023-10-26 16:00:00+00:00,106.03125,106.15625,106.0,106.046875,178092.0
2023-10-26 17:00:00+00:00,106.328125,106.40625,106.015625,106.03125,297992.0
2023-10-26 18:00:00+00:00,106.34375,106.359375,106.28125,106.3125,163012.0
2023-10-26 19:00:00+00:00,106.359375,106.390625,106.25,106.328125,104425.0
2023-10-26 20:00:00+00:00,106.328125,106.375,106.296875,106.375,0.0
2023-10-26 22:00:00+00:00,106.3125,106.34375,106.296875,106.296875,7805.0
2023-10-26 23:00:00+00:00,106.3125,106.34375,106.265625,106.3125,9999.0
2023-10-27 00:00:00+00:00,106.203125,106.3125,106.1875,106.3125,24289.0
2023-10-27 01:00:00+00:00,106.21875,106.25,106.1875,106.203125,15285.0
2023-10-27 02:00:00+00:00,106.265625,106.3125,106.21875,106.21875,14203.0
2023-10-27 03:00:00+00:00,106.265625,106.28125,106.234375,106.25,9610.0
2023-10-27 04:00:00+00:00,106.28125,106.296875,106.25,106.265625,5874.0
2023-10-27 05:00:00+00:00,106.296875,106.3125,106.203125,106.265625,24220.0
2023-10-27 06:00:00+00:00,106.1875,106.3125,106.140625,106.296875,38722.0
2023-10-27 07:00:00+00:00,106.140625,106.203125,106.09375,106.203125,47680.0
2023-10-27 08:00:00+00:00,106.21875,106.234375,106.09375,106.125,39449.0
2023-10-27 09:00:00+00:00,106.28125,106.296875,106.1875,106.21875,27493.0
2023-10-27 10:00:00+00:00,106.21875,106.296875,106.21875,106.25,27769.0
2023-10-27 11:00:00+00:00,106.1875,106.28125,106.171875,106.21875,45370.0
2023-10-27 12:00:00+00:00,106.140625,106.328125,106.09375,106.203125,206856.0
2023-10-27 13:00:00+00:00,106.359375,106.40625,106.140625,106.140625,210805.0
2023-10-27 14:00:00+00:00,106.28125,106.421875,106.1875,106.34375,199659.0
2023-10-27 15:00:00+00:00,106.328125,106.359375,106.25,106.296875,130862.0
2023-10-27 16:00:00+00:00,106.203125,106.328125,106.15625,106.328125,84178.0
2023-10-27 17:00:00+00:00,106.421875,106.4375,106.15625,106.1875,145865.0
2023-10-27 18:00:00+00:00,106.421875,106.4375,106.34375,106.421875,129796.0
2023-10-27 19:00:00+00:00,106.5,106.53125,106.40625,106.421875,129449.0
2023-10-27 20:00:00+00:00,106.46875,106.515625,106.390625,106.515625,58825.0
2023-10-29 22:00:00+00:00,106.25,106.4375,106.234375,106.4375,23359.0
2023-10-29 23:00:00+00:00,106.203125,106.265625,106.1875,106.25,10777.0
2023-10-30 00:00:00+00:00,106.28125,106.296875,106.171875,106.203125,17005.0
2023-10-30 01:00:00+00:00,106.265625,106.296875,106.25,106.265625,10970.0
2023-10-30 02:00:00+00:00,106.234375,106.296875,106.234375,106.265625,5481.0
2023-10-30 03:00:00+00:00,106.25,106.265625,106.21875,106.234375,6222.0
2023-10-30 04:00:00+00:00,106.21875,106.25,106.203125,106.234375,3341.0
2023-10-30 05:00:00+00:00,106.21875,106.25,106.1875,106.21875,3477.0
2023-10-30 06:00:00+00:00,106.265625,106.328125,106.203125,106.21875,19353.0
2023-10-30 07:00:00+00:00,106.390625,106.390625,106.265625,106.28125,33598.0
2023-10-30 08:00:00+00:00,106.3125,106.40625,106.265625,106.40599822998047,58628.0
2023-10-30 09:00:00+00:00,106.265625,106.34375,106.234375,106.328125,32177.0
2023-10-30 10:00:00+00:00,106.109375,106.265625,106.09375,106.265625,57086.0
2023-10-30 11:00:00+00:00,106.109375,106.15625,106.0625,106.09375,65221.0
2023-10-30 12:00:00+00:00,106.0,106.109375,105.96875,106.109375,116100.0
2023-10-30 13:00:00+00:00,106.1875,106.21875,105.984375,106.0,130250.0
2023-10-30 14:00:00+00:00,106.109375,106.25,105.9375,106.1875,281502.0
2023-10-30 15:00:00+00:00,106.109375,106.203125,106.0625,106.109375,156446.0
2023-10-30 16:00:00+00:00,106.109375,106.15625,106.046875,106.125,70186.0
2023-10-30 17:00:00+00:00,106.125,106.15625,106.03125,106.125,64838.0
2023-10-30 18:00:00+00:00,106.21875,106.21875,106.09375,106.125,63633.0
2023-10-30 19:00:00+00:00,106.21875,106.34375,106.15625,106.203125,180521.0
2023-10-30 20:00:00+00:00,106.09375,106.234375,106.09375,106.203125,0.0
2023-10-30 22:00:00+00:00,106.125,106.140625,106.09375,106.09375,8294.0
2023-10-30 23:00:00+00:00,106.140625,106.171875,106.109375,106.125,7151.0
2023-10-31 00:00:00+00:00,106.078125,106.140625,106.0625,106.140625,12513.0
2023-10-31 01:00:00+00:00,106.15625,106.171875,106.078125,106.078125,15806.0
2023-10-31 02:00:00+00:00,106.15625,106.1875,106.140625,106.140625,10787.0
2023-10-31 03:00:00+00:00,106.234375,106.40625,106.109375,106.140625,75340.0
2023-10-31 04:00:00+00:00,106.203125,106.28125,106.203125,106.21875,15963.0
2023-10-31 05:00:00+00:00,106.203125,106.296875,106.203125,106.21875,9147.0
2023-10-31 06:00:00+00:00,106.21875,106.25,106.15625,106.203125,15299.0
2023-10-31 07:00:00+00:00,106.4375,106.5,106.203125,106.203125,79353.0
2023-10-31 08:00:00+00:00,106.5,106.515625,106.40625,106.4375,66991.0
2023-10-31 09:00:00+00:00,106.484375,106.515625,106.390625,106.484375,49627.0
2023-10-31 10:00:00+00:00,106.546875,106.59375,106.46875,106.46875,63822.0
2023-10-31 11:00:00+00:00,106.546875,106.59375,106.4375,106.53125,71609.0
2023-10-31 12:00:00+00:00,106.3125,106.65625,106.265625,106.53125,298028.0
2023-10-31 13:00:00+00:00,106.21875,106.34375,106.140625,106.3125,223225.0
2023-10-31 14:00:00+00:00,106.3125,106.328125,106.140625,106.234375,146193.0
2023-10-31 15:00:00+00:00,106.25,106.390625,106.203125,106.3125,172886.0
2023-10-31 16:00:00+00:00,106.21875,106.28125,106.15625,106.25,102199.0
2023-10-31 17:00:00+00:00,106.203125,106.25,106.1875,106.21875,64459.0
2023-10-31 18:00:00+00:00,106.171875,106.234375,106.140625,106.234375,140486.0
2023-10-31 19:00:00+00:00,106.046875,106.21875,106.0,106.15625,402844.0
2023-10-31 20:00:00+00:00,105.875,106.09375,105.875,106.03125,0.0
2023-10-31 22:00:00+00:00,105.90625,105.9375,105.890625,105.90625,12540.0
2023-10-31 23:00:00+00:00,105.9375,105.9375,105.875,105.90625,8755.0
2023-11-01 00:00:00+00:00,105.921875,105.96875,105.859375,105.921875,27864.0
2023-11-01 01:00:00+00:00,105.921875,105.953125,105.890625,105.921875,9325.0
2023-11-01 02:00:00+00:00,105.953125,105.953125,105.90625,105.921875,6197.0
2023-11-01 03:00:00+00:00,105.953125,105.984375,105.921875,105.9375,9129.0
2023-11-01 04:00:00+00:00,105.953125,105.984375,105.9375,105.96875,6886.0
2023-11-01 05:00:00+00:00,106.015625,106.03125,105.921875,105.9375,9850.0
2023-11-01 06:00:00+00:00,106.03125,106.078125,106.0,106.03125,17995.0
2023-11-01 07:00:00+00:00,105.984375,106.046875,105.96875,106.03125,34865.0
2023-11-01 08:00:00+00:00,106.03125,106.046875,105.953125,106.0,47318.0
2023-11-01 09:00:00+00:00,106.0625,106.109375,106.015625,106.03125,38461.0
2023-11-01 10:00:00+00:00,106.03125,106.125,106.03125,106.078125,26660.0
2023-11-01 11:00:00+00:00,106.0625,106.125,106.03125,106.046875,55248.0
2023-11-01 12:00:00+00:00,106.203125,106.4375,106.046875,106.078125,352632.0
2023-11-01 13:00:00+00:00,106.453125,106.46875,106.109375,106.203125,250644.0
2023-11-01 14:00:00+00:00,106.734375,106.859375,106.453125,106.453125,464612.0
2023-11-01 15:00:00+00:00,106.75,106.78125,106.6875,106.71875,141314.0
2023-11-01 16:00:00+00:00,106.59375,106.765625,106.578125,106.75,118819.0
2023-11-01 17:00:00+00:00,106.65625,106.71875,106.578125,106.609375,117093.0
2023-11-01 18:00:00+00:00,106.875,106.921875,106.578125,106.65625,404789.0
2023-11-01 19:00:00+00:00,107.03125,107.125,106.84375,106.859375,328753.0
2023-11-01 20:00:00+00:00,107.203125,107.203125,107.0,107.046875,0.0
2023-11-01 22:00:00+00:00,107.265625,107.28125,107.140625,107.203125,20392.0
2023-11-01 23:00:00+00:00,107.328125,107.390625,107.234375,107.234375,29669.0
2023-11-02 00:00:00+00:00,107.40625,107.421875,107.265625,107.3125,41970.0
2023-11-02 01:00:00+00:00,107.296875,107.40625,107.28125,107.390625,26704.0
2023-11-02 02:00:00+00:00,107.3125,107.375,107.28125,107.296875,22502.0
2023-11-02 03:00:00+00:00,107.25,107.3125,107.234375,107.296875,11971.0
2023-11-02 04:00:00+00:00,107.25,107.28125,107.21875,107.265625,20624.0
2023-11-02 05:00:00+00:00,107.21875,107.296875,107.21875,107.25,15447.0
2023-11-02 06:00:00+00:00,107.1875,107.265625,107.15625,107.21875,26014.0
2023-11-02 07:00:00+00:00,107.140625,107.203125,107.078125,107.171875,68001.0
2023-11-02 08:00:00+00:00,107.28125,107.296875,107.09375,107.140625,81777.0
2023-11-02 09:00:00+00:00,107.328125,107.375,107.25,107.28125,78177.0
2023-11-02 10:00:00+00:00,107.390625,107.421875,107.265625,107.328125,64841.0
2023-11-02 11:00:00+00:00,107.40625,107.40625,107.3125,107.40625,84715.0
2023-11-02 12:00:00+00:00,107.78125,107.796875,107.328125,107.390625,318892.0
2023-11-02 13:00:00+00:00,107.65625,107.875,107.5625,107.78125,346784.0
2023-11-02 14:00:00+00:00,107.734375,107.765625,107.5,107.65625,246859.0
2023-11-02 15:00:00+00:00,107.46875,107.734375,107.453125,107.734375,204423.0
2023-11-02 16:00:00+00:00,107.328125,107.5,107.328125,107.46875,160188.0
2023-11-02 17:00:00+00:00,107.5,107.515625,107.296875,107.328125,107010.0
2023-11-02 18:00:00+00:00,107.5,107.53125,107.40625,107.5,137470.0
2023-11-02 19:00:00+00:00,107.46875,107.515625,107.40625,107.484375,128433.0
2023-11-02 20:00:00+00:00,107.5,107.515625,107.453125,107.453125,0.0
2023-11-02 22:00:00+00:00,107.46875,107.5625,107.4375,107.546875,10482.0
2023-11-02 23:00:00+00:00,107.421875,107.5,107.421875,107.46875,6100.0
2023-11-03 00:00:00+00:00,107.4375,107.453125,107.40625,107.421875,13471.0
2023-11-03 01:00:00+00:00,107.421875,107.4375,107.390625,107.4375,7748.0
2023-11-03 02:00:00+00:00,107.515625,107.515625,107.421875,107.4375,12514.0
2023-11-03 03:00:00+00:00,107.46875,107.515625,107.46875,107.515625,5835.0
2023-11-03 04:00:00+00:00,107.484375,107.5,107.46875,107.484375,4355.0
2023-11-03 05:00:00+00:00,107.515625,107.53125,107.46875,107.484375,5573.0
2023-11-03 06:00:00+00:00,107.453125,107.53125,107.453125,107.53125,9699.0
2023-11-03 07:00:00+00:00,107.421875,107.5,107.40625,107.453125,64195.0
2023-11-03 08:00:00+00:00,107.484375,107.515625,107.40625,107.421875,35848.0
2023-11-03 09:00:00+00:00,107.53125,107.5625,107.46875,107.484375,52155.0
2023-11-03 10:00:00+00:00,107.5625,107.59375,107.5,107.5,46589.0
2023-11-03 11:00:00+00:00,107.640625,107.671875,107.515625,107.5625,75017.0
2023-11-03 12:00:00+00:00,108.3125,108.453125,107.59375,107.625,527405.0
2023-11-03 13:00:00+00:00,108.5,108.78125,108.296875,108.3125,607688.0
2023-11-03 14:00:00+00:00,108.390625,108.71875,108.15625,108.5,427589.0
2023-11-03 15:00:00+00:00,108.375,108.53125,108.3125,108.40625,190636.0
2023-11-03 16:00:00+00:00,108.453125,108.46875,108.328125,108.375,146184.0
2023-11-03 17:00:00+00:00,108.359375,108.59375,108.296875,108.4375,182924.0
2023-11-03 18:00:00+00:00,108.34375,108.40625,108.28125,108.359375,127563.0
2023-11-03 19:00:00+00:00,108.234375,108.390625,108.234375,108.359375,119954.0
2023-11-03 20:00:00+00:00,108.25,108.28125,108.21875,108.234375,55404.0
2023-11-05 23:00:00+00:00,108.140625,108.234375,108.125,108.234375,18015.0
2023-11-06 00:00:00+00:00,108.171875,108.21875,108.125,108.140625,24646.0
2023-11-06 01:00:00+00:00,108.15625,108.1875,108.109375,108.15625,20361.0
2023-11-06 02:00:00+00:00,108.140625,108.1875,108.140625,108.171875,10966.0
2023-11-06 03:00:00+00:00,108.21875,108.234375,108.15625,108.15625,14407.0
2023-11-06 04:00:00+00:00,108.21875,108.21875,108.15625,108.21875,10692.0
2023-11-06 05:00:00+00:00,108.15625,108.234375,108.140625,108.21875,13819.0
2023-11-06 06:00:00+00:00,108.140625,108.171875,108.109375,108.140625,19902.0
2023-11-06 07:00:00+00:00,108.09375,108.15625,108.078125,108.140625,44178.0
2023-11-06 08:00:00+00:00,108.125,108.171875,108.078125,108.09375,48267.0
2023-11-06 09:00:00+00:00,108.109375,108.171875,108.078125,108.109375,31281.0
2023-11-06 10:00:00+00:00,108.09375,108.140625,108.0625,108.109375,29901.0
2023-11-06 11:00:00+00:00,108.109375,108.125,108.078125,108.09400177001953,41331.0
2023-11-06 12:00:00+00:00,108.03125,108.125,108.015625,108.09375,56387.0
2023-11-06 13:00:00+00:00,107.9375,108.0625,107.890625,108.03125,167502.0
2023-11-06 14:00:00+00:00,107.71875,107.984375,107.71875,107.9375,211168.0
2023-11-06 15:00:00+00:00,107.796875,107.84375,107.6875,107.71875,196707.0
2023-11-06 16:00:00+00:00,107.8125,107.859375,107.71875,107.796875,105061.0
2023-11-06 17:00:00+00:00,107.765625,107.828125,107.734375,107.828125,66806.0
2023-11-06 18:00:00+00:00,107.703125,107.765625,107.671875,107.765625,70895.0
2023-11-06 19:00:00+00:00,107.609375,107.71875,107.5625,107.71875,189685.0
2023-11-06 20:00:00+00:00,107.6875,107.71875,107.578125,107.59375,145322.0
2023-11-06 21:00:00+00:00,107.703125,107.734375,107.640625,107.6875,0.0
2023-11-06 23:00:00+00:00,107.765625,107.78125,107.6875,107.71875,11632.0
2023-11-07 00:00:00+00:00,107.796875,107.828125,107.75,107.765625,15013.0
2023-11-07 01:00:00+00:00,107.765625,107.8125,107.75,107.78125,8327.0
2023-11-07 02:00:00+00:00,107.734375,107.796875,107.71875,107.75,7878.0
2023-11-07 03:00:00+00:00,107.75,107.796875,107.71875,107.734375,17915.0
2023-11-07 04:00:00+00:00,107.765625,107.78125,107.75,107.75,8824.0
2023-11-07 05:00:00+00:00,107.796875,107.8125,107.765625,107.765625,9889.0
2023-11-07 06:00:00+00:00,107.734375,107.796875,107.71875,107.78125,12663.0
2023-11-07 07:00:00+00:00,107.6875,107.734375,107.609375,107.734375,53457.0
2023-11-07 08:00:00+00:00,107.984375,108.0,107.6875,107.6875,122664.0
2023-11-07 09:00:00+00:00,107.90625,107.984375,107.890625,107.953125,58076.0
2023-11-07 10:00:00+00:00,108.046875,108.109375,107.890625,107.90625,77776.0
2023-11-07 11:00:00+00:00,107.890625,108.0625,107.890625,108.046875,42818.0
2023-11-07 12:00:00+00:00,107.828125,107.921875,107.734375,107.90625,113509.0
2023-11-07 13:00:00+00:00,107.9375,107.984375,107.8125,107.828125,145385.0
2023-11-07 14:00:00+00:00,107.921875,108.015625,107.8125,107.953125,186207.0
2023-11-07 15:00:00+00:00,108.015625,108.078125,107.90625,107.921875,118877.0
2023-11-07 16:00:00+00:00,108.03125,108.0625,107.96875,108.0,132268.0
2023-11-07 17:00:00+00:00,107.984375,108.046875,107.90625,108.03125,117573.0
2023-11-07 18:00:00+00:00,108.28125,108.296875,107.953125,107.984375,179936.0
2023-11-07 19:00:00+00:00,108.125,108.28125,108.09375,108.28125,164383.0
2023-11-07 20:00:00+00:00,108.125,108.140625,108.046875,108.109375,131333.0
2023-11-07 21:00:00+00:00,108.125,108.171875,108.078125,108.109375,44912.0
2023-11-07 23:00:00+00:00,108.09375,108.15625,108.0625,108.125,0.0
2023-11-08 00:00:00+00:00,108.125,108.203125,108.046875,108.078125,21727.0
2023-11-08 01:00:00+00:00,108.046875,108.1875,108.015625,108.125,29934.0
2023-11-08 02:00:00+00:00,108.0625,108.0625,108.015625,108.046875,10832.0
2023-11-08 03:00:00+00:00,107.96875,108.078125,107.96875,108.0625,10068.0
2023-11-08 04:00:00+00:00,108.015625,108.03125,107.96875,107.96875,8957.0
2023-11-08 05:00:00+00:00,107.96875,108.046875,107.96875,108.0,14708.0
2023-11-08 06:00:00+00:00,107.875,107.96875,107.828125,107.96875,41238.0
2023-11-08 07:00:00+00:00,107.90625,107.921875,107.84375,107.875,37585.0
2023-11-08 08:00:00+00:00,107.984375,108.0,107.890625,107.90625,54813.0
2023-11-08 09:00:00+00:00,108.03125,108.0625,107.890625,107.9530029296875,59568.0
2023-11-08 10:00:00+00:00,107.953125,108.0625,107.921875,108.03125,46472.0
2023-11-08 11:00:00+00:00,108.046875,108.0625,107.90599822998047,107.90599822998047,55221.0
2023-11-08 12:00:00+00:00,108.046875,108.0625,107.9375,108.046875,56812.0
2023-11-08 13:00:00+00:00,108.109375,108.1875,108.03125,108.046875,120568.0
2023-11-08 14:00:00+00:00,108.203125,108.234375,108.0625,108.109375,138870.0
2023-11-08 15:00:00+00:00,108.28125,108.28125,108.09375,108.21875,157054.0
2023-11-08 16:00:00+00:00,108.359375,108.390625,108.234375,108.265625,181291.0
2023-11-08 17:00:00+00:00,108.34375,108.375,108.265625,108.34375,121303.0
2023-11-08 18:00:00+00:00,108.421875,108.453125,108.171875,108.328125,282859.0
2023-11-08 19:00:00+00:00,108.34375,108.4375,108.296875,108.40625,90934.0
2023-11-08 20:00:00+00:00,108.34375,108.390625,108.3125,108.34375,88059.0
2023-11-08 21:00:00+00:00,108.4375,108.484375,108.328125,108.34375,0.0
2023-11-08 23:00:00+00:00,108.4375,108.453125,108.375,108.4375,19398.0
2023-11-09 00:00:00+00:00,108.40625,108.4375,108.34375,108.4375,15083.0
2023-11-09 01:00:00+00:00,108.515625,108.53125,108.375,108.390625,25841.0
2023-11-09 02:00:00+00:00,108.46875,108.515625,108.453125,108.5,14912.0
2023-11-09 03:00:00+00:00,108.4375,108.5,108.4375,108.46875,8756.0
2023-11-09 04:00:00+00:00,108.453125,108.46875,108.40625,108.4375,14499.0
2023-11-09 05:00:00+00:00,108.328125,108.453125,108.328125,108.4375,21622.0
2023-11-09 06:00:00+00:00,108.40625,108.46875,108.328125,108.328125,27552.0
2023-11-09 07:00:00+00:00,108.375,108.421875,108.359375,108.40625,30708.0
2023-11-09 08:00:00+00:00,108.203125,108.4375,108.1875,108.390625,92624.0
2023-11-09 09:00:00+00:00,108.1875,108.234375,108.125,108.203125,79139.0
2023-11-09 10:00:00+00:00,108.234375,108.265625,108.125,108.1875,37219.0
2023-11-09 11:00:00+00:00,108.15625,108.21875,108.125,108.2030029296875,27931.0
2023-11-09 12:00:00+00:00,108.078125,108.21875,108.046875,108.15625,73765.0
2023-11-09 13:00:00+00:00,108.140625,108.15625,107.953125,108.078125,203158.0
2023-11-09 14:00:00+00:00,108.171875,108.25,108.046875,108.140625,175579.0
2023-11-09 15:00:00+00:00,108.03125,108.171875,107.9375,108.171875,149813.0
2023-11-09 16:00:00+00:00,108.078125,108.09375,108.0,108.03125,92737.0
2023-11-09 17:00:00+00:00,107.921875,108.109375,107.890625,108.078125,88071.0
2023-11-09 18:00:00+00:00,107.8125,107.953125,107.46875,107.90625,395354.0
2023-11-09 19:00:00+00:00,107.53125,107.8125,107.4375,107.8125,269215.0
2023-11-09 20:00:00+00:00,107.4375,107.578125,107.421875,107.53125,143269.0
2023-11-09 21:00:00+00:00,107.515625,107.59375,107.421875,107.453125,0.0
2023-11-09 23:00:00+00:00,107.453125,107.578125,107.328125,107.5625,40839.0
2023-11-10 00:00:00+00:00,107.453125,107.453125,107.34375,107.453125,34477.0
2023-11-10 01:00:00+00:00,107.5,107.53125,107.390625,107.4375,34680.0
2023-11-10 02:00:00+00:00,107.59375,107.609375,107.5,107.5,25917.0
2023-11-10 03:00:00+00:00,107.59375,107.640625,107.59375,107.59375,10404.0
2023-11-10 04:00:00+00:00,107.609375,107.625,107.578125,107.609375,6531.0
2023-11-10 05:00:00+00:00,107.609375,107.65625,107.578125,107.59375,10253.0
2023-11-10 06:00:00+00:00,107.609375,107.625,107.546875,107.609375,19511.0
2023-11-10 07:00:00+00:00,107.671875,107.71875,107.5,107.609375,80537.0
2023-11-10 08:00:00+00:00,107.59375,107.703125,107.5625,107.671875,63543.0
2023-11-10 09:00:00+00:00,107.46875,107.59375,107.453125,107.578125,61842.0
2023-11-10 10:00:00+00:00,107.453125,107.46875,107.390625,107.46875,47618.0
2023-11-10 11:00:00+00:00,107.453125,107.46875,107.390625,107.4375,30293.0
2023-11-10 12:00:00+00:00,107.6875,107.71875,107.453125,107.46875,111455.0
2023-11-10 13:00:00+00:00,107.859375,107.921875,107.609375,107.6875,170706.0
2023-11-10 14:00:00+00:00,107.734375,107.890625,107.703125,107.875,132707.0
2023-11-10 15:00:00+00:00,107.71875,107.734375,107.578125,107.734375,219220.0
2023-11-10 16:00:00+00:00,107.546875,107.78125,107.5,107.71875,112569.0
2023-11-10 17:00:00+00:00,107.46875,107.578125,107.4375,107.546875,92912.0
2023-11-10 18:00:00+00:00,107.453125,107.5,107.390625,107.484375,71810.0
2023-11-10 19:00:00+00:00,107.421875,107.53125,107.40625,107.453125,114457.0
2023-11-10 20:00:00+00:00,107.5,107.53125,107.40625,107.421875,70485.0
2023-11-10 21:00:00+00:00,107.28125,107.515625,107.265625,107.484375,59890.0
2023-11-12 23:00:00+00:00,107.296875,107.375,107.28125,107.34375,19651.0
2023-11-13 00:00:00+00:00,107.328125,107.375,107.28125,107.3125,10809.0
2023-11-13 01:00:00+00:00,107.265625,107.328125,107.265625,107.328125,14052.0
2023-11-13 02:00:00+00:00,107.28125,107.3125,107.265625,107.265625,7756.0
2023-11-13 03:00:00+00:00,107.296875,107.296875,107.234375,107.28125,15219.0
2023-11-13 04:00:00+00:00,107.28125,107.3125,107.265625,107.28125,6920.0
2023-11-13 05:00:00+00:00,107.3125,107.328125,107.28125,107.296875,4616.0
2023-11-13 06:00:00+00:00,107.359375,107.390625,107.3125,107.3125,10224.0
2023-11-13 07:00:00+00:00,107.390625,107.421875,107.34375,107.359375,20796.0
2023-11-13 08:00:00+00:00,107.3125,107.40625,107.25,107.375,46098.0
2023-11-13 09:00:00+00:00,107.4375,107.46875,107.25,107.26599884033203,41332.0
2023-11-13 10:00:00+00:00,107.40625,107.453125,107.375,107.421875,25632.0
2023-11-13 11:00:00+00:00,107.421875,107.453125,107.375,107.43800354003906,29905.0
2023-11-13 12:00:00+00:00,107.359375,107.46875,107.34375,107.421875,45313.0
2023-11-13 13:00:00+00:00,107.15625,107.4375,107.109375,107.359375,145450.0
2023-11-13 14:00:00+00:00,107.03125,107.171875,107.0,107.15625,165626.0
2023-11-13 15:00:00+00:00,107.1875,107.234375,107.015625,107.03125,162846.0
2023-11-13 16:00:00+00:00,107.40625,107.40625,107.171875,107.1875,104059.0
2023-11-13 17:00:00+00:00,107.359375,107.40625,107.3125,107.390625,54765.0
2023-11-13 18:00:00+00:00,107.421875,107.46875,107.296875,107.359375,61765.0
2023-11-13 19:00:00+00:00,107.4375,107.46875,107.40625,107.4375,66759.0
2023-11-13 20:00:00+00:00,107.46875,107.484375,107.375,107.4375,79027.0
2023-11-13 21:00:00+00:00,107.390625,107.484375,107.375,107.453125,0.0
2023-11-13 23:00:00+00:00,107.375,107.390625,107.34375,107.359375,3674.0
2023-11-14 00:00:00+00:00,107.34375,107.390625,107.3125,107.375,8070.0
2023-11-14 01:00:00+00:00,107.359375,107.375,107.296875,107.34375,10539.0
2023-11-14 02:00:00+00:00,107.421875,107.421875,107.328125,107.375,9658.0
2023-11-14 03:00:00+00:00,107.4375,107.484375,107.40625,107.421875,12354.0
2023-11-14 04:00:00+00:00,107.4375,107.453125,107.421875,107.4375,5074.0
2023-11-14 05:00:00+00:00,107.421875,107.453125,107.421875,107.4375,6976.0
2023-11-14 06:00:00+00:00,107.453125,107.484375,107.4375,107.4375,9580.0
2023-11-14 07:00:00+00:00,107.53125,107.578125,107.4375,107.46875,32188.0
2023-11-14 08:00:00+00:00,107.5,107.546875,107.4375,107.546875,46615.0
2023-11-14 09:00:00+00:00,107.546875,107.578125,107.484375,107.5,41967.0
2023-11-14 10:00:00+00:00,107.5,107.5625,107.484375,107.53125,24164.0
2023-11-14 11:00:00+00:00,107.5,107.515625,107.46875,107.5,25575.0
2023-11-14 12:00:00+00:00,107.5,107.53125,107.421875,107.484375,61862.0
2023-11-14 13:00:00+00:00,108.46875,108.609375,107.3125,107.5,716386.0
2023-11-14 14:00:00+00:00,108.6875,108.890625,108.453125,108.484375,539807.0
2023-11-14 15:00:00+00:00,108.71875,108.765625,108.640625,108.671875,225928.0
2023-11-14 16:00:00+00:00,108.78125,108.828125,108.703125,108.703125,170746.0
2023-11-14 17:00:00+00:00,108.75,108.78125,108.671875,108.78125,126813.0
2023-11-14 18:00:00+00:00,108.78125,108.828125,108.71875,108.75,113055.0
2023-11-14 19:00:00+00:00,108.90625,108.921875,108.734375,108.78125,145500.0
2023-11-14 20:00:00+00:00,108.859375,108.96875,108.84375,108.90625,123781.0
2023-11-14 21:00:00+00:00,108.8125,108.875,108.78125,108.859375,0.0
2023-11-14 23:00:00+00:00,108.84375,108.875,108.78125,108.796875,10060.0
2023-11-15 00:00:00+00:00,108.796875,108.859375,108.75,108.84375,25710.0
2023-11-15 01:00:00+00:00,108.890625,108.921875,108.734375,108.796875,45153.0
2023-11-15 02:00:00+00:00,108.875,108.9375,108.828125,108.90625,17434.0
2023-11-15 03:00:00+00:00,108.90625,108.953125,108.859375,108.890625,19891.0
2023-11-15 04:00:00+00:00,108.921875,108.953125,108.890625,108.90625,7525.0
2023-11-15 05:00:00+00:00,108.859375,108.9375,108.828125,108.9375,13606.0
2023-11-15 06:00:00+00:00,108.828125,108.890625,108.78125,108.859375,23915.0
2023-11-15 07:00:00+00:00,108.765625,108.9375,108.671875,108.8125,87265.0
2023-11-15 08:00:00+00:00,108.921875,108.953125,108.765625,108.765625,68020.0
2023-11-15 09:00:00+00:00,108.75,108.90625,108.703125,108.90625,69986.0
2023-11-15 10:00:00+00:00,108.65625,108.796875,108.65625,108.75,43164.0
2023-11-15 11:00:00+00:00,108.71875,108.71875,108.625,108.671875,62811.0
2023-11-15 12:00:00+00:00,108.65625,108.75,108.578125,108.71875,84137.0
2023-11-15 13:00:00+00:00,108.4375,108.953125,108.375,108.65625,448554.0
2023-11-15 14:00:00+00:00,108.25,108.484375,108.203125,108.453125,311160.0
2023-11-15 15:00:00+00:00,108.28125,108.3125,108.15625,108.25,240101.0
2023-11-15 16:00:00+00:00,108.15625,108.328125,108.09375,108.28125,182695.0
2023-11-15 17:00:00+00:00,108.1875,108.234375,108.078125,108.15625,104420.0
2023-11-15 18:00:00+00:00,108.125,108.203125,108.078125,108.203125,100209.0
2023-11-15 19:00:00+00:00,108.21875,108.25,108.078125,108.140625,125124.0
2023-11-15 20:00:00+00:00,108.15625,108.28125,108.140625,108.21875,168431.0
2023-11-15 21:00:00+00:00,108.25,108.265625,108.15625,108.15625,0.0
2023-11-15 23:00:00+00:00,108.3125,108.328125,108.21875,108.25,13236.0
2023-11-16 00:00:00+00:00,108.421875,108.421875,108.296875,108.3125,23405.0
2023-11-16 01:00:00+00:00,108.421875,108.4375,108.375,108.421875,12591.0
2023-11-16 02:00:00+00:00,108.421875,108.421875,108.34375,108.40625,12205.0
2023-11-16 03:00:00+00:00,108.421875,108.4375,108.40625,108.40625,9470.0
2023-11-16 04:00:00+00:00,108.421875,108.4375,108.40625,108.421875,6197.0
2023-11-16 05:00:00+00:00,108.421875,108.453125,108.40625,108.40625,8668.0
2023-11-16 06:00:00+00:00,108.484375,108.5,108.421875,108.421875,34569.0
2023-11-16 07:00:00+00:00,108.5,108.53125,108.453125,108.46875,36865.0
2023-11-16 08:00:00+00:00,108.4375,108.515625,108.40625,108.5,37567.0
2023-11-16 09:00:00+00:00,108.390625,108.515625,108.390625,108.46900177001953,45034.0
2023-11-16 10:00:00+00:00,108.4375,108.46875,108.375,108.390625,30186.0
2023-11-16 11:00:00+00:00,108.546875,108.5625,108.421875,108.421875,32306.0
2023-11-16 12:00:00+00:00,108.5,108.5625,108.390625,108.546875,57827.0
2023-11-16 13:00:00+00:00,108.828125,108.875,108.5,108.5,295816.0
2023-11-16 14:00:00+00:00,108.8125,108.84375,108.59375,108.8125,209610.0
2023-11-16 15:00:00+00:00,108.84375,108.9375,108.765625,108.8125,192107.0
2023-11-16 16:00:00+00:00,108.65625,108.84375,108.625,108.828125,131047.0
2023-11-16 17:00:00+00:00,108.84375,108.859375,108.640625,108.640625,101651.0
2023-11-16 18:00:00+00:00,108.828125,108.890625,108.796875,108.84375,72688.0
2023-11-16 19:00:00+00:00,108.84375,108.859375,108.796875,108.8125,120302.0
2023-11-16 20:00:00+00:00,108.796875,108.875,108.734375,108.84375,92682.0
2023-11-16 21:00:00+00:00,108.875,108.90625,108.78125,108.78125,0.0
2023-11-16 23:00:00+00:00,108.890625,108.921875,108.859375,108.875,10993.0
2023-11-17 00:00:00+00:00,108.875,108.90625,108.765625,108.890625,14865.0
2023-11-17 01:00:00+00:00,108.90625,108.921875,108.84375,108.875,21110.0
2023-11-17 02:00:00+00:00,108.890625,108.921875,108.875,108.921875,8368.0
2023-11-17 03:00:00+00:00,108.828125,108.90625,108.828125,108.90625,10077.0
2023-11-17 04:00:00+00:00,108.859375,108.859375,108.8125,108.84375,7849.0
2023-11-17 05:00:00+00:00,108.765625,108.875,108.734375,108.859375,14699.0
2023-11-17 06:00:00+00:00,108.75,108.78125,108.6875,108.765625,11290.0
2023-11-17 07:00:00+00:00,108.90625,108.9375,108.71875,108.75,47451.0
2023-11-17 08:00:00+00:00,109.203125,109.234375,108.859375,108.921875,140862.0
2023-11-17 09:00:00+00:00,109.15625,109.265625,109.125,109.203125,80618.0
2023-11-17 10:00:00+00:00,109.203125,109.234375,109.140625,109.15625,42997.0
2023-11-17 11:00:00+00:00,109.0625,109.203125,109.03125,109.1719970703125,70984.0
2023-11-17 12:00:00+00:00,108.96875,109.09375,108.953125,109.0625,58537.0
2023-11-17 13:00:00+00:00,108.796875,109.109375,108.734375,108.984375,195228.0
2023-11-17 14:00:00+00:00,108.671875,108.875,108.65625,108.796875,196874.0
2023-11-17 15:00:00+00:00,108.703125,108.75,108.59375,108.671875,194135.0
2023-11-17 16:00:00+00:00,108.671875,108.734375,108.59375,108.6875,167324.0
2023-11-17 17:00:00+00:00,108.734375,108.765625,108.65625,108.6875,52290.0
2023-11-17 18:00:00+00:00,108.8125,108.859375,108.71875,108.75,71500.0
2023-11-17 19:00:00+00:00,108.75,108.84375,108.71875,108.8125,83633.0
2023-11-17 20:00:00+00:00,108.75,108.796875,108.703125,108.734375,95109.0
2023-11-17 21:00:00+00:00,108.76599884033203,108.796875,108.734375,108.75,44355.0
2023-11-19 23:00:00+00:00,108.65625,108.734375,108.578125,108.6875,21238.0
2023-11-20 00:00:00+00:00,108.671875,108.71875,108.59375,108.65625,15592.0
2023-11-20 01:00:00+00:00,108.703125,108.734375,108.671875,108.671875,12861.0
2023-11-20 02:00:00+00:00,108.75,108.765625,108.671875,108.703125,9625.0
2023-11-20 03:00:00+00:00,108.765625,108.78125,108.71875,108.75,6462.0
2023-11-20 04:00:00+00:00,108.703125,108.78125,108.703125,108.765625,5067.0
2023-11-20 05:00:00+00:00,108.703125,108.71875,108.671875,108.703125,7263.0
2023-11-20 06:00:00+00:00,108.671875,108.703125,108.640625,108.703125,13730.0
2023-11-20 07:00:00+00:00,108.625,108.6875,108.578125,108.671875,46381.0
2023-11-20 08:00:00+00:00,108.5625,108.65625,108.5,108.640625,62415.0
2023-11-20 09:00:00+00:00,108.734375,108.734375,108.5625,108.5780029296875,46632.0
2023-11-20 10:00:00+00:00,108.609375,108.734375,108.578125,108.734375,22942.0
2023-11-20 11:00:00+00:00,108.546875,108.640625,108.515625,108.625,26721.0
2023-11-20 12:00:00+00:00,108.515625,108.53125,108.4375,108.53125,77257.0
2023-11-20 13:00:00+00:00,108.515625,108.609375,108.5,108.5,148738.0
2023-11-20 14:00:00+00:00,108.6875,108.703125,108.515625,108.515625,205090.0
2023-11-20 15:00:00+00:00,108.59375,108.6875,108.546875,108.6875,154623.0
2023-11-20 16:00:00+00:00,108.625,108.640625,108.53125,108.59375,81263.0
2023-11-20 17:00:00+00:00,108.625,108.671875,108.578125,108.625,113219.0
2023-11-20 18:00:00+00:00,108.84375,108.921875,108.59375,108.625,201930.0
2023-11-20 19:00:00+00:00,108.859375,108.859375,108.78125,108.84375,110525.0
2023-11-20 20:00:00+00:00,108.84375,108.890625,108.828125,108.859375,74232.0
2023-11-20 21:00:00+00:00,108.84375,108.890625,108.8125,108.859375,0.0
2023-11-20 23:00:00+00:00,108.890625,108.90625,108.84375,108.859375,8144.0
2023-11-21 00:00:00+00:00,108.890625,108.953125,108.84375,108.890625,22200.0
2023-11-21 01:00:00+00:00,108.90625,108.9375,108.859375,108.90625,11278.0
2023-11-21 02:00:00+00:00,108.9375,108.953125,108.890625,108.90625,8372.0
2023-11-21 03:00:00+00:00,108.9375,108.953125,108.90625,108.921875,11572.0
2023-11-21 04:00:00+00:00,108.953125,109.0,108.921875,108.9375,26247.0
2023-11-21 05:00:00+00:00,109.0,109.046875,108.953125,108.953125,63169.0
2023-11-21 06:00:00+00:00,108.96875,109.0,108.953125,108.984375,12699.0
2023-11-21 07:00:00+00:00,109.015625,109.046875,108.953125,108.96875,34985.0
2023-11-21 08:00:00+00:00,108.90625,109.03125,108.890625,109.015625,45063.0
2023-11-21 09:00:00+00:00,108.859375,108.90625,108.828125,108.85900115966797,37902.0
2023-11-21 10:00:00+00:00,108.921875,108.96875,108.84375,108.875,34315.0
2023-11-21 11:00:00+00:00,108.828125,108.90625,108.8125,108.90599822998047,28048.0
2023-11-21 12:00:00+00:00,108.90625,108.921875,108.796875,108.8125,68441.0
2023-11-21 13:00:00+00:00,108.8125,109.015625,108.734375,108.90625,319352.0
2023-11-21 14:00:00+00:00,108.96875,109.015625,108.796875,108.8125,189845.0
2023-11-21 15:00:00+00:00,108.96875,109.09375,108.921875,108.953125,229397.0
2023-11-21 16:00:00+00:00,109.03125,109.109375,108.953125,108.953125,535982.0
2023-11-21 17:00:00+00:00,108.96875,109.03125,108.921875,109.015625,111650.0
2023-11-21 18:00:00+00:00,108.828125,108.984375,108.78125,108.984375,327905.0
2023-11-21 19:00:00+00:00,108.9375,108.96875,108.734375,108.828125,543558.0
2023-11-21 20:00:00+00:00,108.96875,108.984375,108.921875,108.921875,150706.0
2023-11-21 21:00:00+00:00,109.046875,109.0625,108.953125,108.96875,0.0
2023-11-21 23:00:00+00:00,109.0625,109.09375,109.015625,109.03125,27301.0
2023-11-22 00:00:00+00:00,108.984375,109.09375,108.984375,109.078125,15614.0
2023-11-22 01:00:00+00:00,109.0,109.03125,108.953125,108.984375,18437.0
2023-11-22 02:00:00+00:00,108.96875,109.0,108.9375,109.0,15080.0
2023-11-22 03:00:00+00:00,108.90625,108.96875,108.890625,108.96875,9304.0
2023-11-22 04:00:00+00:00,108.890625,108.921875,108.890625,108.90625,8817.0
2023-11-22 05:00:00+00:00,108.875,108.921875,108.875,108.90625,6479.0
2023-11-22 06:00:00+00:00,108.90625,108.921875,108.84375,108.890625,21289.0
2023-11-22 07:00:00+00:00,108.953125,108.96875,108.90625,108.921875,17231.0
2023-11-22 08:00:00+00:00,108.921875,109.015625,108.890625,108.953125,60162.0
2023-11-22 09:00:00+00:00,108.96875,108.96875,108.890625,108.9530029296875,44109.0
2023-11-22 10:00:00+00:00,109.046875,109.0625,108.96875,108.96875,33554.0
2023-11-22 11:00:00+00:00,109.140625,109.1875,109.09375,109.10900115966797,66378.0
2023-11-22 12:00:00+00:00,109.1875,109.25,109.109375,109.140625,371283.0
2023-11-22 13:00:00+00:00,109.0,109.265625,108.9375,109.1875,381242.0
2023-11-22 14:00:00+00:00,109.015625,109.078125,108.9375,109.015625,290524.0
2023-11-22 15:00:00+00:00,108.65625,109.0,108.59375,109.0,609044.0
2023-11-22 16:00:00+00:00,108.75,108.8125,108.65625,108.671875,457249.0
2023-11-22 17:00:00+00:00,108.703125,108.75,108.640625,108.734375,240584.0
2023-11-22 18:00:00+00:00,108.75,108.78125,108.671875,108.6875,119735.0
2023-11-22 19:00:00+00:00,108.8125,108.828125,108.75,108.75,195376.0
2023-11-22 20:00:00+00:00,108.859375,108.859375,108.796875,108.828125,531032.0
2023-11-22 21:00:00+00:00,108.859375,108.890625,108.84375,108.84375,0.0
2023-11-22 23:00:00+00:00,108.890625,108.90625,108.84375,108.84375,3176.0
2023-11-23 00:00:00+00:00,108.9375,108.953125,108.875,108.890625,5020.0
2023-11-23 01:00:00+00:00,108.9375,108.96875,108.921875,108.9375,5468.0
2023-11-23 02:00:00+00:00,108.921875,108.953125,108.890625,108.9375,6147.0
2023-11-23 03:00:00+00:00,108.921875,108.9375,108.890625,108.9375,2538.0
2023-11-23 04:00:00+00:00,108.921875,108.921875,108.90625,108.90625,1331.0
2023-11-23 05:00:00+00:00,108.953125,108.953125,108.90625,108.90625,2408.0
2023-11-23 06:00:00+00:00,108.921875,108.96875,108.90625,108.9375,10275.0
2023-11-23 07:00:00+00:00,108.875,108.9375,108.859375,108.921875,8691.0
2023-11-23 08:00:00+00:00,108.859375,108.90625,108.765625,108.875,55299.0
2023-11-23 09:00:00+00:00,108.828125,108.921875,108.8125,108.875,24992.0
2023-11-23 10:00:00+00:00,108.703125,108.859375,108.6875,108.828125,46829.0
2023-11-23 11:00:00+00:00,108.65625,108.71875,108.609375,108.71875,24698.0
2023-11-23 12:00:00+00:00,108.609375,108.71875,108.59375,108.640625,14130.0
2023-11-23 13:00:00+00:00,108.59375,108.625,108.5625,108.609375,19401.0
2023-11-23 14:00:00+00:00,108.5625,108.609375,108.5,108.59375,36933.0
2023-11-23 15:00:00+00:00,108.59375,108.59375,108.53125,108.5625,21434.0
2023-11-23 16:00:00+00:00,108.546875,108.59375,108.53125,108.578125,123166.0
2023-11-23 17:00:00+00:00,108.59375,108.59375,108.546875,108.546875,65805.0
2023-11-23 23:00:00+00:00,108.578125,108.625,108.5625,108.59375,12980.0
2023-11-24 00:00:00+00:00,108.609375,108.640625,108.5625,108.578125,11884.0
2023-11-24 01:00:00+00:00,108.546875,108.65625,108.53125,108.625,25463.0
2023-11-24 02:00:00+00:00,108.515625,108.5625,108.484375,108.546875,42567.0
2023-11-24 03:00:00+00:00,108.515625,108.515625,108.484375,108.5,8125.0
2023-11-24 04:00:00+00:00,108.515625,108.53125,108.5,108.5,4090.0
2023-11-24 14:30:00+00:00,108.421875,108.546875,108.40625,108.40625,428375.0
2023-11-24 15:30:00+00:00,108.421875,108.484375,108.359375,108.4375,202229.0
2023-11-24 16:30:00+00:00,108.390625,108.453125,108.359375,108.4375,152890.0
2023-11-24 17:30:00+00:00,108.375,108.421875,108.359375,108.390625,172107.0
2023-11-26 23:00:00+00:00,108.328125,108.421875,108.3125,108.421875,19052.0
2023-11-27 00:00:00+00:00,108.25,108.375,108.21875,108.34375,79094.0
2023-11-27 01:00:00+00:00,108.296875,108.3125,108.1875,108.234375,20374.0
2023-11-27 02:00:00+00:00,108.296875,108.3125,108.265625,108.3125,16375.0
2023-11-27 03:00:00+00:00,108.296875,108.3125,108.25,108.28125,48874.0
2023-11-27 04:00:00+00:00,108.328125,108.34375,108.25,108.296875,17267.0
2023-11-27 05:00:00+00:00,108.296875,108.328125,108.28125,108.3125,68960.0
2023-11-27 06:00:00+00:00,108.375,108.4375,108.296875,108.296875,35416.0
2023-11-27 07:00:00+00:00,108.40625,108.421875,108.359375,108.375,37898.0
2023-11-27 08:00:00+00:00,108.34375,108.4375,108.328125,108.40625,75508.0
2023-11-27 09:00:00+00:00,108.3125,108.359375,108.296875,108.34375,66854.0
2023-11-27 10:00:00+00:00,108.484375,108.5,108.3125,108.3125,100961.0
2023-11-27 11:00:00+00:00,108.5,108.51599884033203,108.4375,108.51599884033203,66263.0
2023-11-27 12:00:00+00:00,108.484375,108.53125,108.4375,108.484375,66579.0
2023-11-27 13:00:00+00:00,108.640625,108.703125,108.484375,108.5,260352.0
2023-11-27 14:00:00+00:00,108.640625,108.671875,108.53125,108.640625,347429.0
2023-11-27 15:00:00+00:00,108.75,108.78125,108.640625,108.640625,487895.0
2023-11-27 16:00:00+00:00,108.796875,108.8125,108.640625,108.734375,1123995.0
2023-11-27 17:00:00+00:00,108.8125,108.84375,108.75,108.796875,411019.0
2023-11-27 18:00:00+00:00,108.921875,108.96875,108.78125,108.8125,228646.0
2023-11-27 19:00:00+00:00,109.015625,109.015625,108.875,108.921875,456700.0
2023-11-27 20:00:00+00:00,109.03125,109.046875,108.96875,109.0,301086.0
2023-11-27 21:00:00+00:00,109.0,109.046875,108.984375,109.015625,79447.0
2023-11-27 23:00:00+00:00,108.90625,109.0,108.890625,108.984375,0.0
2023-11-28 00:00:00+00:00,108.9375,109.0,108.890625,108.921875,14555.0
2023-11-28 01:00:00+00:00,108.9375,108.96875,108.875,108.9375,13357.0
2023-11-28 02:00:00+00:00,108.90625,108.953125,108.90625,108.953125,7448.0
2023-11-28 03:00:00+00:00,108.859375,108.9375,108.859375,108.921875,6867.0
2023-11-28 04:00:00+00:00,108.890625,108.890625,108.84375,108.875,12837.0
2023-11-28 05:00:00+00:00,108.9375,108.9375,108.875,108.890625,6200.0
2023-11-28 06:00:00+00:00,108.96875,108.984375,108.921875,108.921875,22783.0
2023-11-28 07:00:00+00:00,109.0625,109.109375,108.96875,108.984375,66416.0
2023-11-28 08:00:00+00:00,108.96875,109.0625,108.875,109.0625,69521.0
2023-11-28 09:00:00+00:00,108.96875,109.015625,108.921875,108.984375,48668.0
2023-11-28 10:00:00+00:00,108.9375,108.984375,108.875,108.984375,35960.0
2023-11-28 11:00:00+00:00,108.875,108.96875,108.875,108.921875,34343.0
2023-11-28 12:00:00+00:00,108.875,109.0,108.828125,108.875,73914.0
2023-11-28 13:00:00+00:00,108.96875,109.0625,108.796875,108.890625,254391.0
2023-11-28 14:00:00+00:00,109.046875,109.109375,108.828125,108.96875,587373.0
2023-11-28 15:00:00+00:00,109.328125,109.359375,109.0,109.0625,416774.0
2023-11-28 16:00:00+00:00,109.46875,109.5,109.296875,109.328125,204738.0
2023-11-28 17:00:00+00:00,109.359375,109.53125,109.359375,109.484375,102165.0
2023-11-28 18:00:00+00:00,109.359375,109.4375,109.25,109.375,103826.0
2023-11-28 19:00:00+00:00,109.53125,109.53125,109.375,109.375,278222.0
2023-11-28 20:00:00+00:00,109.484375,109.546875,109.40625,109.515625,144335.0
2023-11-28 21:00:00+00:00,109.578125,109.609375,109.484375,109.484375,52112.0
2023-11-28 23:00:00+00:00,109.625,109.65625,109.546875,109.578125,0.0
2023-11-29 00:00:00+00:00,109.640625,109.671875,109.5625,109.625,6637.0
2023-11-29 01:00:00+00:00,109.8125,109.8125,109.640625,109.640625,14393.0
2023-11-29 02:00:00+00:00,109.796875,109.890625,109.796875,109.8125,7777.0
2023-11-29 03:00:00+00:00,109.71875,109.8125,109.671875,109.8125,7159.0
2023-11-29 04:00:00+00:00,109.796875,109.796875,109.71875,109.734375,4729.0
2023-11-29 05:00:00+00:00,109.90625,109.90625,109.78125,109.796875,7506.0
2023-11-29 06:00:00+00:00,109.9375,110.0625,109.859375,109.90625,12539.0
2023-11-29 07:00:00+00:00,109.90625,110.046875,109.890625,109.9375,15193.0
2023-11-29 08:00:00+00:00,110.203125,110.203125,109.78125,109.921875,312052.0
2023-11-29 09:00:00+00:00,110.109375,110.25,109.703125,109.828125,71693.0
2023-11-29 10:00:00+00:00,110.109375,110.1875,109.71875,109.75,53948.0
2023-11-29 11:00:00+00:00,109.828125,110.21875,109.75,110.125,0.0
2023-11-29 12:00:00+00:00,110.171875,110.25,109.734375,110.1875,504907.0
2023-11-29 13:00:00+00:00,110.125,110.359375,109.65625,110.171875,357718.0
2023-11-29 14:00:00+00:00,110.390625,110.421875,109.71875,110.125,314460.0
2023-11-29 15:00:00+00:00,110.25,110.484375,109.765625,110.40625,363457.0
2023-11-29 16:00:00+00:00,110.09375,110.328125,109.71875,109.890625,162631.0
2023-11-29 17:00:00+00:00,109.890625,110.296875,109.703125,110.078125,0.0
2023-11-29 18:00:00+00:00,110.3125,110.359375,109.875,110.28125,1577644.0
2023-11-29 19:00:00+00:00,110.296875,110.390625,109.859375,110.3125,152326.0
2023-11-29 20:00:00+00:00,110.3125,110.359375,109.90625,109.9375,124964.0
2023-11-29 21:00:00+00:00,110.375,110.40625,109.9375,110.3125,0.0
2023-11-29 23:00:00+00:00,110.328125,110.375,109.953125,110.359375,9010.0
2023-11-30 00:00:00+00:00,110.40625,110.4375,110.296875,110.3125,17308.0
2023-11-30 01:00:00+00:00,110.3125,110.421875,110.3125,110.40625,18336.0
2023-11-30 02:00:00+00:00,110.328125,110.34375,110.296875,110.3125,7811.0
2023-11-30 03:00:00+00:00,110.296875,110.34375,110.28125,110.328125,17487.0
2023-11-30 04:00:00+00:00,110.265625,110.34375,110.25,110.296875,24293.0
2023-11-30 05:00:00+00:00,110.1875,110.28125,110.171875,110.28125,24655.0
2023-11-30 06:00:00+00:00,110.234375,110.25,110.1875,110.1875,16865.0
2023-11-30 07:00:00+00:00,110.359375,110.359375,110.203125,110.234375,47330.0
2023-11-30 08:00:00+00:00,110.25,110.390625,110.203125,110.359375,60810.0
2023-11-30 09:00:00+00:00,110.234375,110.3125,110.1875,110.2969970703125,75745.0
2023-11-30 10:00:00+00:00,110.171875,110.234375,110.171875,110.234375,46246.0
2023-11-30 11:00:00+00:00,110.15625,110.171875,110.109375,110.15599822998047,46417.0
2023-11-30 12:00:00+00:00,110.203125,110.234375,110.09375,110.15625,63153.0
2023-11-30 13:00:00+00:00,109.984375,110.4375,109.96875,110.21875,320113.0
2023-11-30 14:00:00+00:00,109.8125,110.0625,109.734375,110.0,420460.0
2023-11-30 15:00:00+00:00,109.9375,109.953125,109.765625,109.828125,218603.0
2023-11-30 16:00:00+00:00,109.953125,109.984375,109.90625,109.9375,149062.0
2023-11-30 17:00:00+00:00,109.78125,109.984375,109.765625,109.953125,91028.0
2023-11-30 18:00:00+00:00,109.84375,109.890625,109.78125,109.78125,111369.0
2023-11-30 19:00:00+00:00,109.8125,109.890625,109.796875,109.828125,147462.0
2023-11-30 20:00:00+00:00,109.890625,109.90625,109.6875,109.8125,426056.0
2023-11-30 21:00:00+00:00,109.9375,109.984375,109.8125,109.890625,287457.0
2023-11-30 23:00:00+00:00,110.015625,110.09375,109.921875,109.953125,0.0
2023-12-01 00:00:00+00:00,110.0,110.078125,109.953125,110.015625,22995.0
2023-12-01 01:00:00+00:00,109.9375,110.03125,109.921875,110.0,22599.0
2023-12-01 02:00:00+00:00,109.9375,109.96875,109.90625,109.9375,18932.0
2023-12-01 03:00:00+00:00,109.90625,109.953125,109.890625,109.953125,16563.0
2023-12-01 04:00:00+00:00,109.9375,109.953125,109.90625,109.90625,9589.0
2023-12-01 05:00:00+00:00,109.921875,109.984375,109.90625,109.9375,20829.0
2023-12-01 06:00:00+00:00,109.9375,109.984375,109.90625,109.921875,19574.0
2023-12-01 07:00:00+00:00,109.921875,110.0,109.875,109.9375,39611.0
2023-12-01 08:00:00+00:00,110.0625,110.0625,109.859375,109.90625,64030.0
2023-12-01 09:00:00+00:00,110.0625,110.125,110.046875,110.0469970703125,65095.0
2023-12-01 10:00:00+00:00,110.0,110.078125,110.0,110.0625,28103.0
2023-12-01 11:00:00+00:00,109.875,109.96900177001953,109.84375,109.96900177001953,48643.0
2023-12-01 12:00:00+00:00,109.84375,109.90625,109.796875,109.859375,74152.0
2023-12-01 13:00:00+00:00,109.90625,110.03125,109.84375,109.84375,156573.0
2023-12-01 14:00:00+00:00,109.84375,109.9375,109.78125,109.890625,148524.0
2023-12-01 15:00:00+00:00,110.171875,110.3125,109.859375,109.859375,375877.0
2023-12-01 16:00:00+00:00,110.5,110.625,109.953125,110.15625,432927.0
2023-12-01 17:00:00+00:00,110.640625,110.640625,110.40625,110.5,134414.0
2023-12-01 18:00:00+00:00,110.71875,110.78125,110.609375,110.625,215135.0
2023-12-01 19:00:00+00:00,110.6875,110.765625,110.578125,110.703125,149160.0
2023-12-01 20:00:00+00:00,110.703125,110.765625,110.625,110.6875,126834.0
2023-12-01 21:00:00+00:00,110.859375,110.875,110.6875,110.6875,81339.0
2023-12-03 23:00:00+00:00,110.671875,110.84375,110.65625,110.84375,32528.0
2023-12-04 00:00:00+00:00,110.546875,110.6875,110.53125,110.671875,35081.0
2023-12-04 01:00:00+00:00,110.5,110.546875,110.46875,110.546875,25602.0
2023-12-04 02:00:00+00:00,110.5,110.53125,110.484375,110.5,14470.0
2023-12-04 03:00:00+00:00,110.453125,110.515625,110.4375,110.5,17262.0
2023-12-04 04:00:00+00:00,110.46875,110.46875,110.4375,110.4375,8253.0
2023-12-04 05:00:00+00:00,110.4375,110.5,110.421875,110.453125,16975.0
2023-12-04 06:00:00+00:00,110.53125,110.578125,110.4375,110.4375,33833.0
2023-12-04 07:00:00+00:00,110.5,110.578125,110.5,110.53125,39183.0
2023-12-04 08:00:00+00:00,110.515625,110.515625,110.375,110.5,78584.0
2023-12-04 09:00:00+00:00,110.46875,110.578125,110.46875,110.515625,40288.0
2023-12-04 10:00:00+00:00,110.4375,110.515625,110.4375,110.46875,25395.0
2023-12-04 11:00:00+00:00,110.453125,110.515625,110.421875,110.4530029296875,26881.0
2023-12-04 12:00:00+00:00,110.4375,110.484375,110.390625,110.46875,35408.0
2023-12-04 13:00:00+00:00,110.40625,110.515625,110.375,110.4375,127636.0
2023-12-04 14:00:00+00:00,110.4375,110.46875,110.28125,110.40625,174150.0
2023-12-04 15:00:00+00:00,110.203125,110.5625,110.15625,110.4375,231057.0
2023-12-04 16:00:00+00:00,110.203125,110.25,110.15625,110.203125,119924.0
2023-12-04 17:00:00+00:00,110.171875,110.25,110.109375,110.203125,89215.0
2023-12-04 18:00:00+00:00,110.15625,110.1875,110.109375,110.171875,77395.0
2023-12-04 19:00:00+00:00,110.1875,110.21875,110.15625,110.15625,117032.0
2023-12-04 20:00:00+00:00,110.3125,110.34375,110.15625,110.1875,132833.0
2023-12-04 21:00:00+00:00,110.375,110.421875,110.3125,110.3125,61304.0
2023-12-04 23:00:00+00:00,110.390625,110.40625,110.34375,110.359375,0.0
2023-12-05 00:00:00+00:00,110.4375,110.46875,110.390625,110.390625,12278.0
2023-12-05 01:00:00+00:00,110.375,110.453125,110.34375,110.453125,12679.0
2023-12-05 02:00:00+00:00,110.34375,110.40625,110.328125,110.375,6103.0
2023-12-05 03:00:00+00:00,110.484375,110.484375,110.3125,110.328125,11970.0
2023-12-05 04:00:00+00:00,110.4375,110.53125,110.4375,110.484375,17315.0
2023-12-05 05:00:00+00:00,110.453125,110.46875,110.40625,110.4375,6973.0
2023-12-05 06:00:00+00:00,110.5,110.5625,110.453125,110.453125,22225.0
2023-12-05 07:00:00+00:00,110.484375,110.5625,110.453125,110.5,47117.0
2023-12-05 08:00:00+00:00,110.40625,110.5625,110.390625,110.484375,67280.0
2023-12-05 09:00:00+00:00,110.484375,110.484375,110.34375,110.40625,40380.0
2023-12-05 10:00:00+00:00,110.40625,110.484375,110.375,110.484375,33834.0
2023-12-05 11:00:00+00:00,110.53125,110.546875,110.40625,110.40625,43884.0
2023-12-05 12:00:00+00:00,110.546875,110.578125,110.484375,110.53125,49450.0
2023-12-05 13:00:00+00:00,110.71875,110.734375,110.515625,110.53125,165911.0
2023-12-05 14:00:00+00:00,110.59375,110.734375,110.546875,110.71875,179677.0
2023-12-05 15:00:00+00:00,110.875,110.984375,110.609375,110.609375,445672.0
2023-12-05 16:00:00+00:00,110.859375,110.9375,110.75,110.859375,150033.0
2023-12-05 17:00:00+00:00,110.84375,110.9375,110.8125,110.859375,118739.0
2023-12-05 18:00:00+00:00,110.875,110.875,110.765625,110.859375,73610.0
2023-12-05 19:00:00+00:00,110.90625,110.953125,110.8125,110.875,111021.0
2023-12-05 20:00:00+00:00,110.875,110.9375,110.828125,110.921875,136888.0
2023-12-05 21:00:00+00:00,110.9375,110.953125,110.828125,110.875,0.0
2023-12-05 23:00:00+00:00,110.890625,110.9375,110.84375,110.90625,9165.0
2023-12-06 00:00:00+00:00,110.78125,110.953125,110.75,110.875,26810.0
2023-12-06 01:00:00+00:00,110.78125,110.84375,110.765625,110.796875,22856.0
2023-12-06 02:00:00+00:00,110.734375,110.78125,110.671875,110.78125,29405.0
2023-12-06 03:00:00+00:00,110.75,110.765625,110.703125,110.71875,13971.0
2023-12-06 04:00:00+00:00,110.734375,110.765625,110.703125,110.75,8502.0
2023-12-06 05:00:00+00:00,110.71875,110.734375,110.6875,110.734375,11089.0
2023-12-06 06:00:00+00:00,110.6875,110.734375,110.6875,110.71875,11655.0
2023-12-06 07:00:00+00:00,110.8125,110.828125,110.703125,110.703125,35092.0
2023-12-06 08:00:00+00:00,110.84375,110.90625,110.78125,110.828125,56033.0
2023-12-06 09:00:00+00:00,110.765625,110.9375,110.75,110.90599822998047,56447.0
2023-12-06 10:00:00+00:00,110.671875,110.78125,110.671875,110.765625,39408.0
2023-12-06 11:00:00+00:00,110.671875,110.71875,110.640625,110.7030029296875,37067.0
2023-12-06 12:00:00+00:00,110.796875,110.8125,110.65625,110.671875,41371.0
2023-12-06 13:00:00+00:00,111.0625,111.09375,110.765625,110.796875,244341.0
2023-12-06 14:00:00+00:00,111.0,111.109375,110.9375,111.0625,173832.0
2023-12-06 15:00:00+00:00,111.109375,111.203125,110.875,111.0,241781.0
2023-12-06 16:00:00+00:00,111.15625,111.171875,110.984375,111.109375,168213.0
2023-12-06 17:00:00+00:00,111.140625,111.21875,111.125,111.15625,96514.0
2023-12-06 18:00:00+00:00,111.203125,111.234375,111.125,111.140625,60907.0
2023-12-06 19:00:00+00:00,111.15625,111.234375,111.125,111.203125,81073.0
2023-12-06 20:00:00+00:00,111.15625,111.171875,111.078125,111.140625,109663.0
2023-12-06 21:00:00+00:00,111.25,111.265625,111.109375,111.140625,80402.0
2023-12-06 23:00:00+00:00,111.21875,111.296875,111.203125,111.234375,0.0
2023-12-07 00:00:00+00:00,111.09375,111.234375,111.078125,111.21875,26752.0
2023-12-07 01:00:00+00:00,111.046875,111.125,111.046875,111.078125,24356.0
2023-12-07 02:00:00+00:00,111.09375,111.109375,111.046875,111.0625,9151.0
2023-12-07 03:00:00+00:00,111.015625,111.125,111.015625,111.109375,22826.0
2023-12-07 04:00:00+00:00,110.921875,111.015625,110.90625,111.015625,25744.0
2023-12-07 05:00:00+00:00,110.796875,110.9375,110.75,110.921875,48126.0
2023-12-07 06:00:00+00:00,110.75,110.859375,110.71875,110.78125,37514.0
2023-12-07 07:00:00+00:00,110.84375,110.859375,110.75,110.75,46914.0
2023-12-07 08:00:00+00:00,110.90625,110.984375,110.828125,110.84375,75902.0
2023-12-07 09:00:00+00:00,110.96875,110.96875,110.84375,110.875,53964.0
2023-12-07 10:00:00+00:00,111.03125,111.046875,110.9375,110.96875,43917.0
2023-12-07 11:00:00+00:00,110.90625,111.046875,110.875,111.03125,35431.0
2023-12-07 12:00:00+00:00,110.890625,110.9375,110.84375,110.90625,62398.0
2023-12-07 13:00:00+00:00,110.96875,111.0625,110.71875,110.890625,272378.0
2023-12-07 14:00:00+00:00,111.0,111.109375,110.890625,110.96875,186417.0
2023-12-07 15:00:00+00:00,111.015625,111.0625,110.90625,111.0,167933.0
2023-12-07 16:00:00+00:00,111.15625,111.203125,111.0,111.015625,139913.0
2023-12-07 17:00:00+00:00,111.25,111.28125,111.078125,111.15625,114620.0
2023-12-07 18:00:00+00:00,111.234375,111.25,111.1875,111.234375,78454.0
2023-12-07 19:00:00+00:00,111.140625,111.234375,111.125,111.234375,111322.0
2023-12-07 20:00:00+00:00,111.015625,111.15625,111.0,111.140625,127715.0
2023-12-07 21:00:00+00:00,110.984375,111.0625,110.96875,111.03125,0.0
2023-12-07 23:00:00+00:00,111.0,111.15625,110.96875,110.984375,8664.0
2023-12-08 00:00:00+00:00,110.90625,111.0,110.90625,110.984375,20733.0
2023-12-08 01:00:00+00:00,110.859375,110.953125,110.828125,110.90625,17598.0
2023-12-08 02:00:00+00:00,110.875,110.890625,110.828125,110.859375,7432.0
2023-12-08 03:00:00+00:00,110.921875,110.9375,110.875,110.875,13776.0
2023-12-08 04:00:00+00:00,110.90625,110.9375,110.890625,110.90625,5310.0
2023-12-08 05:00:00+00:00,110.9375,111.0,110.890625,110.921875,9686.0
2023-12-08 06:00:00+00:00,110.984375,110.984375,110.90625,110.9375,10893.0
2023-12-08 07:00:00+00:00,110.90625,110.984375,110.859375,110.984375,29573.0
2023-12-08 08:00:00+00:00,110.78125,110.96875,110.75,110.90625,59475.0
2023-12-08 09:00:00+00:00,110.78125,110.8125,110.75,110.7969970703125,32425.0
2023-12-08 10:00:00+00:00,110.75,110.828125,110.71875,110.765625,35693.0
2023-12-08 11:00:00+00:00,110.765625,110.765625,110.703125,110.75,37702.0
2023-12-08 12:00:00+00:00,110.734375,110.796875,110.671875,110.75,74316.0
2023-12-08 13:00:00+00:00,110.34375,110.765625,110.015625,110.75,574044.0
2023-12-08 14:00:00+00:00,110.375,110.5,110.25,110.34375,331871.0
2023-12-08 15:00:00+00:00,110.296875,110.5625,110.265625,110.390625,255636.0
2023-12-08 16:00:00+00:00,110.1875,110.3125,110.15625,110.296875,120627.0
2023-12-08 17:00:00+00:00,110.34375,110.375,110.15625,110.1875,117479.0
2023-12-08 18:00:00+00:00,110.3125,110.390625,110.296875,110.359375,77750.0
2023-12-08 19:00:00+00:00,110.265625,110.40625,110.234375,110.328125,100620.0
2023-12-08 20:00:00+00:00,110.359375,110.375,110.25,110.28125,85369.0
2023-12-08 21:00:00+00:00,110.390625,110.390625,110.3125,110.34375,34745.0
2023-12-10 23:00:00+00:00,110.296875,110.359375,110.265625,110.296875,15380.0
2023-12-11 00:00:00+00:00,110.265625,110.34375,110.21875,110.296875,20767.0
2023-12-11 01:00:00+00:00,110.25,110.328125,110.21875,110.265625,24920.0
2023-12-11 02:00:00+00:00,110.28125,110.296875,110.234375,110.234375,13249.0
2023-12-11 03:00:00+00:00,110.25,110.296875,110.234375,110.28125,7880.0
2023-12-11 04:00:00+00:00,110.234375,110.28125,110.234375,110.25,4490.0
2023-12-11 05:00:00+00:00,110.21875,110.265625,110.21875,110.25,5057.0
2023-12-11 06:00:00+00:00,110.1875,110.234375,110.15625,110.234375,16500.0
2023-12-11 07:00:00+00:00,110.203125,110.28125,110.1875,110.1875,49753.0
2023-12-11 08:00:00+00:00,110.1875,110.21875,110.109375,110.1875,45735.0
2023-12-11 09:00:00+00:00,110.234375,110.25,110.1875,110.1875,39859.0
2023-12-11 10:00:00+00:00,110.171875,110.234375,110.15625,110.234375,28673.0
2023-12-11 11:00:00+00:00,110.1875,110.234375,110.140625,110.18800354003906,26207.0
2023-12-11 12:00:00+00:00,110.078125,110.203125,110.0625,110.171875,47835.0
2023-12-11 13:00:00+00:00,110.109375,110.109375,110.015625,110.078125,101702.0
2023-12-11 14:00:00+00:00,110.109375,110.171875,110.078125,110.109375,104810.0
2023-12-11 15:00:00+00:00,110.140625,110.1875,110.0625,110.125,122411.0
2023-12-11 16:00:00+00:00,110.046875,110.203125,110.03125,110.140625,132780.0
2023-12-11 17:00:00+00:00,110.046875,110.09375,110.015625,110.046875,107039.0
2023-12-11 18:00:00+00:00,110.28125,110.28125,109.984375,110.03125,170262.0
2023-12-11 19:00:00+00:00,110.328125,110.40625,110.25,110.265625,118079.0
2023-12-11 20:00:00+00:00,110.359375,110.375,110.296875,110.34375,80875.0
2023-12-11 21:00:00+00:00,110.34375,110.375,110.3125,110.34375,0.0
2023-12-11 23:00:00+00:00,110.3125,110.375,110.3125,110.34375,7617.0
2023-12-12 00:00:00+00:00,110.328125,110.359375,110.296875,110.328125,13800.0
2023-12-12 01:00:00+00:00,110.328125,110.375,110.296875,110.328125,14280.0
2023-12-12 02:00:00+00:00,110.359375,110.375,110.328125,110.328125,4418.0
2023-12-12 03:00:00+00:00,110.46875,110.5,110.34375,110.34375,36629.0
2023-12-12 04:00:00+00:00,110.46875,110.5,110.4375,110.46875,9609.0
2023-12-12 05:00:00+00:00,110.53125,110.5625,110.46875,110.46875,15033.0
2023-12-12 06:00:00+00:00,110.53125,110.546875,110.5,110.53125,8690.0
2023-12-12 07:00:00+00:00,110.65625,110.65625,110.5,110.515625,55741.0
2023-12-12 08:00:00+00:00,110.625,110.671875,110.578125,110.65625,47856.0
2023-12-12 09:00:00+00:00,110.609375,110.625,110.53125,110.59400177001953,38997.0
2023-12-12 10:00:00+00:00,110.640625,110.671875,110.578125,110.59375,30931.0
2023-12-12 11:00:00+00:00,110.625,110.6875,110.609375,110.65599822998047,32144.0
2023-12-12 12:00:00+00:00,110.625,110.6875,110.609375,110.640625,59384.0
2023-12-12 13:00:00+00:00,110.34375,110.984375,110.3125,110.625,429972.0
2023-12-12 14:00:00+00:00,110.34375,110.515625,110.234375,110.34375,260743.0
2023-12-12 15:00:00+00:00,110.46875,110.46875,110.3125,110.328125,114364.0
2023-12-12 16:00:00+00:00,110.484375,110.53125,110.421875,110.453125,113608.0
2023-12-12 17:00:00+00:00,110.390625,110.5,110.359375,110.484375,85566.0
2023-12-12 18:00:00+00:00,110.578125,110.625,110.359375,110.375,154173.0
2023-12-12 19:00:00+00:00,110.53125,110.59375,110.515625,110.5625,99646.0
2023-12-12 20:00:00+00:00,110.5625,110.59375,110.5,110.53125,85207.0
2023-12-12 21:00:00+00:00,110.5625,110.578125,110.515625,110.5625,0.0
2023-12-12 23:00:00+00:00,110.578125,110.625,110.546875,110.578125,10708.0
2023-12-13 00:00:00+00:00,110.59375,110.59375,110.53125,110.59375,9606.0
2023-12-13 01:00:00+00:00,110.640625,110.65625,110.59375,110.59375,13009.0
2023-12-13 02:00:00+00:00,110.640625,110.671875,110.609375,110.65625,7269.0
2023-12-13 03:00:00+00:00,110.609375,110.65625,110.59375,110.640625,5792.0
2023-12-13 04:00:00+00:00,110.625,110.625,110.59375,110.609375,6671.0
2023-12-13 05:00:00+00:00,110.609375,110.640625,110.578125,110.625,11016.0
2023-12-13 06:00:00+00:00,110.5625,110.609375,110.5,110.609375,12968.0
2023-12-13 07:00:00+00:00,110.65625,110.65625,110.53125,110.546875,19777.0
2023-12-13 08:00:00+00:00,110.625,110.703125,110.578125,110.65625,51706.0
2023-12-13 09:00:00+00:00,110.625,110.6875,110.609375,110.625,31094.0
2023-12-13 10:00:00+00:00,110.671875,110.6875,110.59375,110.640625,30744.0
2023-12-13 11:00:00+00:00,110.703125,110.71875,110.625,110.65625,29813.0
2023-12-13 12:00:00+00:00,110.671875,110.71875,110.65625,110.703125,37245.0
2023-12-13 13:00:00+00:00,110.84375,110.96875,110.625,110.671875,218617.0
2023-12-13 14:00:00+00:00,110.796875,110.890625,110.765625,110.84375,156837.0
2023-12-13 15:00:00+00:00,110.875,110.890625,110.71875,110.78125,134184.0
2023-12-13 16:00:00+00:00,110.90625,110.90625,110.8125,110.875,92273.0
2023-12-13 17:00:00+00:00,110.859375,110.9375,110.84375,110.890625,63849.0
2023-12-13 18:00:00+00:00,110.859375,110.921875,110.796875,110.84375,80589.0
2023-12-13 19:00:00+00:00,111.890625,112.109375,110.875,110.875,775849.0
2023-12-13 20:00:00+00:00,111.984375,112.0625,111.75,111.890625,306568.0
2023-12-13 21:00:00+00:00,112.03125,112.0625,111.9375,111.96875,0.0
2023-12-13 23:00:00+00:00,112.03125,112.125,111.984375,112.03125,30046.0
2023-12-14 00:00:00+00:00,112.28125,112.296875,111.984375,112.03125,68254.0
2023-12-14 01:00:00+00:00,112.265625,112.328125,112.25,112.28125,50796.0
2023-12-14 02:00:00+00:00,112.40625,112.4375,112.25,112.265625,51566.0
2023-12-14 03:00:00+00:00,112.375,112.453125,112.375,112.40625,35755.0
2023-12-14 04:00:00+00:00,112.265625,112.453125,112.25,112.375,50788.0
2023-12-14 05:00:00+00:00,112.375,112.390625,112.234375,112.265625,22962.0
2023-12-14 06:00:00+00:00,112.578125,112.59375,112.359375,112.375,54901.0
2023-12-14 07:00:00+00:00,112.421875,112.609375,112.40625,112.578125,74481.0
2023-12-14 08:00:00+00:00,112.5625,112.65625,112.40625,112.421875,103904.0
2023-12-14 09:00:00+00:00,112.59375,112.71875,112.56199645996094,112.56199645996094,99750.0
2023-12-14 10:00:00+00:00,112.53125,112.59375,112.484375,112.578125,70477.0
2023-12-14 11:00:00+00:00,112.515625,112.609375,112.484375,112.53125,66211.0
2023-12-14 12:00:00+00:00,112.59375,112.625,112.40625,112.5,130749.0
2023-12-14 13:00:00+00:00,112.453125,112.640625,112.203125,112.59375,486715.0
2023-12-14 14:00:00+00:00,112.453125,112.59375,112.34375,112.453125,364531.0
2023-12-14 15:00:00+00:00,112.59375,112.625,112.375,112.453125,268874.0
2023-12-14 16:00:00+00:00,112.75,112.875,112.59375,112.609375,233053.0
2023-12-14 17:00:00+00:00,112.640625,112.859375,112.609375,112.75,157464.0
2023-12-14 18:00:00+00:00,112.484375,112.640625,112.46875,112.640625,104844.0
2023-12-14 19:00:00+00:00,112.515625,112.546875,112.453125,112.484375,185765.0
2023-12-14 20:00:00+00:00,112.640625,112.671875,112.46875,112.515625,153324.0
2023-12-14 21:00:00+00:00,112.546875,112.65625,112.515625,112.65625,0.0
2023-12-14 23:00:00+00:00,112.484375,112.546875,112.453125,112.546875,14988.0
2023-12-15 00:00:00+00:00,112.296875,112.5,112.28125,112.484375,27252.0
2023-12-15 01:00:00+00:00,112.3125,112.34375,112.25,112.3125,24465.0
2023-12-15 02:00:00+00:00,112.34375,112.390625,112.28125,112.296875,16442.0
2023-12-15 03:00:00+00:00,112.34375,112.375,112.296875,112.34375,11712.0
2023-12-15 04:00:00+00:00,112.359375,112.40625,112.328125,112.359375,11671.0
2023-12-15 05:00:00+00:00,112.34375,112.40625,112.328125,112.390625,12040.0
2023-12-15 06:00:00+00:00,112.390625,112.390625,112.296875,112.34375,20242.0
2023-12-15 07:00:00+00:00,112.46875,112.484375,112.359375,112.375,34293.0
2023-12-15 08:00:00+00:00,112.609375,112.640625,112.453125,112.46875,86330.0
2023-12-15 09:00:00+00:00,112.671875,112.6875,112.59375,112.65599822998047,61105.0
2023-12-15 10:00:00+00:00,112.609375,112.671875,112.59375,112.671875,29287.0
2023-12-15 11:00:00+00:00,112.578125,112.625,112.5625,112.609375,29134.0
2023-12-15 12:00:00+00:00,112.671875,112.75,112.578125,112.59375,75606.0
2023-12-15 13:00:00+00:00,112.28125,112.6875,112.125,112.671875,373699.0
2023-12-15 14:00:00+00:00,112.5,112.609375,112.265625,112.28125,252805.0
2023-12-15 15:00:00+00:00,112.5625,112.671875,112.484375,112.515625,181425.0
2023-12-15 16:00:00+00:00,112.53125,112.609375,112.421875,112.546875,104148.0
2023-12-15 17:00:00+00:00,112.484375,112.5625,112.453125,112.546875,79811.0
2023-12-15 18:00:00+00:00,112.390625,112.515625,112.359375,112.5,77963.0
2023-12-15 19:00:00+00:00,112.40625,112.453125,112.359375,112.40625,145563.0
2023-12-15 20:00:00+00:00,112.484375,112.546875,112.40625,112.40625,111557.0
2023-12-15 21:00:00+00:00,112.515625,112.546875,112.46875,112.484375,53038.0
2023-12-17 23:00:00+00:00,112.4375,112.484375,112.421875,112.484375,9714.0
2023-12-18 00:00:00+00:00,112.4375,112.453125,112.375,112.4375,16334.0
2023-12-18 01:00:00+00:00,112.453125,112.46875,112.390625,112.4375,9173.0
2023-12-18 02:00:00+00:00,112.4375,112.484375,112.421875,112.453125,5964.0
2023-12-18 03:00:00+00:00,112.46875,112.515625,112.4375,112.4375,7400.0
2023-12-18 04:00:00+00:00,112.5625,112.5625,112.46875,112.46875,6274.0
2023-12-18 05:00:00+00:00,112.59375,112.609375,112.53125,112.546875,12677.0
2023-12-18 06:00:00+00:00,112.53125,112.59375,112.515625,112.578125,11079.0
2023-12-18 07:00:00+00:00,112.53125,112.578125,112.46875,112.53125,29695.0
2023-12-18 08:00:00+00:00,112.59375,112.609375,112.5,112.53125,30539.0
2023-12-18 09:00:00+00:00,112.625,112.640625,112.5625,112.5780029296875,28800.0
2023-12-18 10:00:00+00:00,112.609375,112.671875,112.59375,112.609375,16856.0
2023-12-18 11:00:00+00:00,112.578125,112.640625,112.546875,112.60900115966797,22379.0
2023-12-18 12:00:00+00:00,112.609375,112.625,112.546875,112.578125,25349.0
2023-12-18 13:00:00+00:00,112.390625,112.609375,112.390625,112.59375,103385.0
2023-12-18 14:00:00+00:00,112.265625,112.40625,112.21875,112.390625,172568.0
2023-12-18 15:00:00+00:00,112.28125,112.296875,112.1875,112.265625,176329.0
2023-12-18 16:00:00+00:00,112.25,112.3125,112.234375,112.28125,82796.0
2023-12-18 17:00:00+00:00,112.25,112.28125,112.203125,112.25,54416.0
2023-12-18 18:00:00+00:00,112.265625,112.265625,112.203125,112.25,55587.0
2023-12-18 19:00:00+00:00,112.25,112.28125,112.234375,112.265625,75650.0
2023-12-18 20:00:00+00:00,112.28125,112.3125,112.21875,112.25,69317.0
2023-12-18 21:00:00+00:00,112.390625,112.40625,112.28125,112.296875,0.0
2023-12-18 23:00:00+00:00,112.421875,112.4375,112.390625,112.390625,9845.0
2023-12-19 00:00:00+00:00,112.328125,112.453125,112.296875,112.421875,17181.0
2023-12-19 01:00:00+00:00,112.296875,112.34375,112.296875,112.3125,7507.0
2023-12-19 02:00:00+00:00,112.390625,112.40625,112.28125,112.296875,16508.0
2023-12-19 03:00:00+00:00,112.296875,112.46875,112.265625,112.390625,27406.0
2023-12-19 04:00:00+00:00,112.3125,112.328125,112.25,112.296875,12863.0
2023-12-19 05:00:00+00:00,112.3125,112.328125,112.296875,112.296875,7103.0
2023-12-19 06:00:00+00:00,112.40625,112.421875,112.296875,112.328125,14555.0
2023-12-19 07:00:00+00:00,112.5,112.53125,112.390625,112.40625,37579.0
2023-12-19 08:00:00+00:00,112.515625,112.546875,112.4375,112.5,40372.0
2023-12-19 09:00:00+00:00,112.53125,112.546875,112.46875,112.515625,25987.0
2023-12-19 10:00:00+00:00,112.515625,112.578125,112.5,112.546875,26151.0
2023-12-19 11:00:00+00:00,112.46875,112.53125,112.4375,112.515625,21327.0
2023-12-19 12:00:00+00:00,112.59375,112.59375,112.453125,112.46875,43946.0
2023-12-19 13:00:00+00:00,112.515625,112.640625,112.453125,112.578125,116950.0
2023-12-19 14:00:00+00:00,112.59375,112.59375,112.375,112.515625,125783.0
2023-12-19 15:00:00+00:00,112.546875,112.609375,112.4375,112.59375,116438.0
2023-12-19 16:00:00+00:00,112.53125,112.578125,112.484375,112.53125,58153.0
2023-12-19 17:00:00+00:00,112.4375,112.5625,112.421875,112.53125,42228.0
2023-12-19 18:00:00+00:00,112.4375,112.46875,112.375,112.421875,65586.0
2023-12-19 19:00:00+00:00,112.4375,112.484375,112.390625,112.453125,94016.0
2023-12-19 20:00:00+00:00,112.4375,112.4375,112.359375,112.421875,70974.0
2023-12-19 21:00:00+00:00,112.390625,112.4375,112.359375,112.421875,54054.0
2023-12-19 23:00:00+00:00,112.453125,112.453125,112.34375,112.375,0.0
2023-12-20 00:00:00+00:00,112.484375,112.5,112.421875,112.4375,12509.0
2023-12-20 01:00:00+00:00,112.46875,112.5,112.453125,112.46875,7518.0
2023-12-20 02:00:00+00:00,112.46875,112.484375,112.421875,112.46875,5029.0
2023-12-20 03:00:00+00:00,112.5,112.5,112.453125,112.46875,4707.0
2023-12-20 04:00:00+00:00,112.5,112.515625,112.484375,112.484375,7556.0
2023-12-20 05:00:00+00:00,112.53125,112.53125,112.5,112.5,7588.0
2023-12-20 06:00:00+00:00,112.5625,112.5625,112.515625,112.53125,13547.0
2023-12-20 07:00:00+00:00,112.625,112.671875,112.53125,112.546875,62068.0
2023-12-20 08:00:00+00:00,112.640625,112.65625,112.515625,112.625,60705.0
2023-12-20 09:00:00+00:00,112.6875,112.734375,112.609375,112.640625,53467.0
2023-12-20 10:00:00+00:00,112.6875,112.71875,112.640625,112.6875,30305.0
2023-12-20 11:00:00+00:00,112.703125,112.734375,112.640625,112.6875,23699.0
2023-12-20 12:00:00+00:00,112.734375,112.796875,112.671875,112.6875,48393.0
2023-12-20 13:00:00+00:00,112.78125,112.796875,112.703125,112.734375,93934.0
2023-12-20 14:00:00+00:00,112.703125,112.796875,112.609375,112.78125,86081.0
2023-12-20 15:00:00+00:00,112.546875,112.703125,112.453125,112.703125,165733.0
2023-12-20 16:00:00+00:00,112.59375,112.609375,112.5,112.546875,123071.0
2023-12-20 17:00:00+00:00,112.65625,112.6875,112.515625,112.59375,76366.0
2023-12-20 18:00:00+00:00,112.734375,112.75,112.578125,112.65625,102657.0
2023-12-20 19:00:00+00:00,112.78125,112.78125,112.671875,112.71875,104396.0
2023-12-20 20:00:00+00:00,112.890625,112.953125,112.765625,112.78125,187947.0
2023-12-20 21:00:00+00:00,112.953125,112.984375,112.859375,112.875,0.0
2023-12-20 23:00:00+00:00,112.84375,112.953125,112.84375,112.953125,15279.0
2023-12-21 00:00:00+00:00,112.84375,112.875,112.828125,112.84375,10676.0
2023-12-21 01:00:00+00:00,112.890625,112.890625,112.8125,112.828125,11537.0
2023-12-21 02:00:00+00:00,112.84375,112.9375,112.828125,112.875,17118.0
2023-12-21 03:00:00+00:00,112.859375,112.875,112.828125,112.859375,6279.0
2023-12-21 04:00:00+00:00,112.859375,112.875,112.84375,112.859375,5118.0
2023-12-21 05:00:00+00:00,112.78125,112.859375,112.765625,112.84375,9521.0
2023-12-21 06:00:00+00:00,112.703125,112.796875,112.671875,112.796875,12805.0
2023-12-21 07:00:00+00:00,112.71875,112.765625,112.671875,112.703125,31154.0
2023-12-21 08:00:00+00:00,112.84375,112.84375,112.703125,112.71875,28290.0
2023-12-21 09:00:00+00:00,112.75,112.84375,112.71875,112.7969970703125,28969.0
2023-12-21 10:00:00+00:00,112.6875,112.765625,112.65625,112.75,22395.0
2023-12-21 11:00:00+00:00,112.71875,112.71875,112.65599822998047,112.65599822998047,20571.0
2023-12-21 12:00:00+00:00,112.859375,112.859375,112.6875,112.71875,36660.0
2023-12-21 13:00:00+00:00,113.015625,113.125,112.734375,112.859375,261198.0
2023-12-21 14:00:00+00:00,112.953125,113.140625,112.921875,113.03125,173489.0
2023-12-21 15:00:00+00:00,112.78125,112.953125,112.703125,112.9375,178384.0
2023-12-21 16:00:00+00:00,112.765625,112.890625,112.75,112.78125,79144.0
2023-12-21 17:00:00+00:00,112.75,112.8125,112.703125,112.75,87391.0
2023-12-21 18:00:00+00:00,112.640625,112.765625,112.578125,112.734375,124568.0
2023-12-21 19:00:00+00:00,112.6875,112.71875,112.640625,112.640625,103121.0
2023-12-21 20:00:00+00:00,112.734375,112.734375,112.65625,112.6875,79854.0
2023-12-21 21:00:00+00:00,112.734375,112.734375,112.671875,112.734375,0.0
2023-12-21 23:00:00+00:00,112.75,112.75,112.6875,112.6875,6693.0
2023-12-22 00:00:00+00:00,112.703125,112.796875,112.6875,112.734375,13626.0
2023-12-22 01:00:00+00:00,112.65625,112.703125,112.640625,112.703125,6775.0
2023-12-22 02:00:00+00:00,112.625,112.671875,112.625,112.65625,3912.0
2023-12-22 03:00:00+00:00,112.625,112.640625,112.59375,112.625,7674.0
2023-12-22 04:00:00+00:00,112.609375,112.640625,112.5625,112.625,9428.0
2023-12-22 05:00:00+00:00,112.6875,112.6875,112.609375,112.625,7063.0
2023-12-22 06:00:00+00:00,112.6875,112.703125,112.65625,112.671875,6714.0
2023-12-22 07:00:00+00:00,112.71875,112.734375,112.65625,112.703125,20289.0
2023-12-22 08:00:00+00:00,112.796875,112.8125,112.6875,112.734375,23852.0
2023-12-22 09:00:00+00:00,112.875,112.875,112.81199645996094,112.81199645996094,21765.0
2023-12-22 10:00:00+00:00,112.84375,112.890625,112.828125,112.875,8601.0
2023-12-22 11:00:00+00:00,112.859375,112.890625,112.8280029296875,112.8280029296875,14577.0
2023-12-22 12:00:00+00:00,112.890625,112.96875,112.84375,112.859375,40310.0
2023-12-22 13:00:00+00:00,112.828125,112.96875,112.671875,112.90625,177756.0
2023-12-22 14:00:00+00:00,112.796875,112.9375,112.765625,112.828125,115206.0
2023-12-22 15:00:00+00:00,112.609375,112.828125,112.609375,112.796875,112733.0
2023-12-22 16:00:00+00:00,112.515625,112.671875,112.515625,112.609375,94147.0
2023-12-22 17:00:00+00:00,112.59375,112.59375,112.5,112.53125,80299.0
2023-12-22 18:00:00+00:00,112.671875,112.6875,112.578125,112.59375,42309.0
2023-12-22 19:00:00+00:00,112.671875,112.671875,112.625,112.671875,16825.0
2023-12-22 20:00:00+00:00,112.65625,112.6875,112.625,112.671875,9072.0
2023-12-22 21:00:00+00:00,112.71875,112.71900177001953,112.640625,112.640625,11369.0
2023-12-26 05:00:00+00:00,112.71875,112.75,112.6875,112.703125,5525.0
2023-12-26 06:00:00+00:00,112.703125,112.734375,112.703125,112.734375,2149.0
2023-12-26 07:00:00+00:00,112.671875,112.71875,112.671875,112.703125,1422.0
2023-12-26 08:00:00+00:00,112.671875,112.703125,112.671875,112.671875,2888.0
2023-12-26 09:00:00+00:00,112.65625,112.671875,112.65599822998047,112.65599822998047,1384.0
2023-12-26 10:00:00+00:00,112.671875,112.671875,112.640625,112.65625,2643.0
2023-12-26 11:00:00+00:00,112.671875,112.703125,112.671875,112.7030029296875,5782.0
2023-12-26 12:00:00+00:00,112.59375,112.671875,112.578125,112.671875,8715.0
2023-12-26 13:00:00+00:00,112.578125,112.671875,112.546875,112.59375,40961.0
2023-12-26 14:00:00+00:00,112.609375,112.640625,112.546875,112.578125,42706.0
2023-12-26 15:00:00+00:00,112.59375,112.671875,112.578125,112.625,32240.0
2023-12-26 16:00:00+00:00,112.609375,112.609375,112.546875,112.59375,28406.0
2023-12-26 17:00:00+00:00,112.59375,112.625,112.546875,112.59375,26292.0
2023-12-26 18:00:00+00:00,112.65625,112.6875,112.578125,112.59375,48469.0
2023-12-26 19:00:00+00:00,112.71875,112.75,112.640625,112.65625,58538.0
2023-12-26 20:00:00+00:00,112.625,112.71875,112.625,112.71875,33315.0
2023-12-26 21:00:00+00:00,112.609375,112.65625,112.59375,112.625,0.0
2023-12-26 23:00:00+00:00,112.59375,112.640625,112.578125,112.640625,4126.0
2023-12-27 00:00:00+00:00,112.6875,112.6875,112.5625,112.609375,7197.0
2023-12-27 01:00:00+00:00,112.703125,112.71875,112.65625,112.6875,8263.0
2023-12-27 02:00:00+00:00,112.71875,112.734375,112.6875,112.703125,4326.0
2023-12-27 03:00:00+00:00,112.703125,112.734375,112.703125,112.71875,2111.0
2023-12-27 04:00:00+00:00,112.71875,112.71875,112.703125,112.71875,2586.0
2023-12-27 05:00:00+00:00,112.71875,112.75,112.703125,112.71875,4581.0
2023-12-27 06:00:00+00:00,112.71875,112.75,112.703125,112.71875,3638.0
2023-12-27 07:00:00+00:00,112.734375,112.734375,112.671875,112.734375,14985.0
2023-12-27 08:00:00+00:00,112.765625,112.796875,112.71875,112.734375,26334.0
2023-12-27 09:00:00+00:00,112.734375,112.8125,112.734375,112.7969970703125,18423.0
2023-12-27 10:00:00+00:00,112.75,112.765625,112.71875,112.734375,13081.0
2023-12-27 11:00:00+00:00,112.78125,112.78125,112.734375,112.75,8315.0
2023-12-27 12:00:00+00:00,112.78125,112.8125,112.765625,112.765625,18734.0
2023-12-27 13:00:00+00:00,112.953125,112.984375,112.765625,112.765625,105549.0
2023-12-27 14:00:00+00:00,112.9375,112.984375,112.90625,112.953125,69424.0
2023-12-27 15:00:00+00:00,113.078125,113.09375,112.9375,112.953125,97318.0
2023-12-27 16:00:00+00:00,113.15625,113.171875,113.046875,113.078125,85491.0
2023-12-27 17:00:00+00:00,113.140625,113.1875,113.109375,113.15625,68119.0
2023-12-27 18:00:00+00:00,113.328125,113.328125,113.109375,113.125,102246.0
2023-12-27 19:00:00+00:00,113.34375,113.359375,113.265625,113.3125,88196.0
2023-12-27 20:00:00+00:00,113.34375,113.34375,113.28125,113.34375,68207.0
2023-12-27 21:00:00+00:00,113.296875,113.375,113.28125,113.34375,0.0
2023-12-27 23:00:00+00:00,113.25,113.296875,113.21875,113.234375,9879.0
2023-12-28 00:00:00+00:00,113.1875,113.28125,113.15625,113.25,25945.0
2023-12-28 01:00:00+00:00,113.203125,113.203125,113.15625,113.203125,6987.0
2023-12-28 02:00:00+00:00,113.1875,113.203125,113.1875,113.1875,4283.0
2023-12-28 03:00:00+00:00,113.203125,113.25,113.1875,113.1875,6164.0
2023-12-28 04:00:00+00:00,113.203125,113.21875,113.140625,113.1875,12276.0
2023-12-28 05:00:00+00:00,113.21875,113.234375,113.171875,113.1875,6872.0
2023-12-28 06:00:00+00:00,113.1875,113.21875,113.1875,113.203125,6217.0
2023-12-28 07:00:00+00:00,113.21875,113.21875,113.171875,113.1875,15292.0
2023-12-28 08:00:00+00:00,113.140625,113.21875,113.109375,113.21875,25322.0
2023-12-28 09:00:00+00:00,113.15625,113.171875,113.09375,113.10900115966797,26913.0
2023-12-28 10:00:00+00:00,113.15625,113.1875,113.125,113.171875,20016.0
2023-12-28 11:00:00+00:00,113.140625,113.15625,113.125,113.140625,7848.0
2023-12-28 12:00:00+00:00,113.140625,113.1875,113.125,113.140625,14314.0
2023-12-28 13:00:00+00:00,113.046875,113.21875,113.03125,113.140625,77925.0
2023-12-28 14:00:00+00:00,113.046875,113.125,113.015625,113.046875,83915.0
2023-12-28 15:00:00+00:00,113.1875,113.203125,113.03125,113.0625,99803.0
2023-12-28 16:00:00+00:00,113.03125,113.1875,113.0,113.171875,88738.0
2023-12-28 17:00:00+00:00,113.03125,113.0625,112.984375,113.015625,79444.0
2023-12-28 18:00:00+00:00,112.890625,113.046875,112.796875,113.046875,120298.0
2023-12-28 19:00:00+00:00,112.890625,112.890625,112.8125,112.890625,68238.0
2023-12-28 20:00:00+00:00,112.921875,112.96875,112.875,112.875,96841.0
2023-12-28 21:00:00+00:00,112.9375,112.953125,112.90625,112.90625,0.0
2023-12-28 23:00:00+00:00,112.953125,112.96875,112.90625,112.921875,6213.0
2023-12-29 00:00:00+00:00,112.96875,112.96875,112.890625,112.953125,7210.0
2023-12-29 01:00:00+00:00,112.96875,112.984375,112.9375,112.96875,6765.0
2023-12-29 02:00:00+00:00,112.96875,113.03125,112.96875,112.96875,6932.0
2023-12-29 03:00:00+00:00,112.96875,112.984375,112.953125,112.96875,2736.0
2023-12-29 04:00:00+00:00,112.96875,112.984375,112.953125,112.96875,3264.0
2023-12-29 05:00:00+00:00,112.9375,112.984375,112.921875,112.96875,9973.0
2023-12-29 06:00:00+00:00,112.96875,112.984375,112.9375,112.953125,5915.0
2023-12-29 07:00:00+00:00,112.96875,113.0,112.9375,112.953125,20607.0
2023-12-29 08:00:00+00:00,112.796875,112.984375,112.78125,112.984375,37478.0
2023-12-29 09:00:00+00:00,112.671875,112.796875,112.671875,112.78125,49821.0
2023-12-29 10:00:00+00:00,112.65625,112.6875,112.625,112.671875,32819.0
2023-12-29 11:00:00+00:00,112.703125,112.703125,112.625,112.6719970703125,18941.0
2023-12-29 12:00:00+00:00,112.71875,112.71875,112.65625,112.6875,36301.0
2023-12-29 13:00:00+00:00,112.578125,112.734375,112.5625,112.703125,96560.0
2023-12-29 14:00:00+00:00,112.671875,112.78125,112.578125,112.578125,103086.0
2023-12-29 15:00:00+00:00,112.8125,112.828125,112.671875,112.6875,102827.0
2023-12-29 16:00:00+00:00,112.875,112.90625,112.78125,112.8125,108687.0
2023-12-29 17:00:00+00:00,112.859375,112.9375,112.78125,112.859375,237709.0
2023-12-29 18:00:00+00:00,112.75,112.890625,112.59375,112.875,215601.0
2023-12-29 19:00:00+00:00,112.765625,112.796875,112.734375,112.75,29314.0
2023-12-29 20:00:00+00:00,112.734375,112.78125,112.703125,112.75,33313.0
2023-12-29 21:00:00+00:00,112.6875,112.734375,112.671875,112.734375,15529.0
2024-01-02 05:00:00+00:00,112.484375,112.546875,112.484375,112.515625,4953.0
2024-01-02 06:00:00+00:00,112.421875,112.515625,112.40625,112.484375,12273.0
2024-01-02 07:00:00+00:00,112.359375,112.5,112.359375,112.421875,40733.0
2024-01-02 08:00:00+00:00,112.296875,112.40625,112.265625,112.375,58889.0
2024-01-02 09:00:00+00:00,112.34375,112.390625,112.265625,112.2969970703125,35535.0
2024-01-02 10:00:00+00:00,112.421875,112.4375,112.25,112.34375,40952.0
2024-01-02 11:00:00+00:00,112.234375,112.453125,112.234375,112.421875,68285.0
2024-01-02 12:00:00+00:00,112.265625,112.28125,112.171875,112.234375,82253.0
2024-01-02 13:00:00+00:00,112.125,112.28125,112.125,112.28125,152947.0
2024-01-02 14:00:00+00:00,112.484375,112.484375,112.125,112.140625,192720.0
2024-01-02 15:00:00+00:00,112.328125,112.5,112.296875,112.484375,154181.0
2024-01-02 16:00:00+00:00,112.390625,112.484375,112.265625,112.3125,111100.0
2024-01-02 17:00:00+00:00,112.296875,112.40625,112.296875,112.40625,60925.0
2024-01-02 18:00:00+00:00,112.296875,112.375,112.265625,112.296875,63507.0
2024-01-02 19:00:00+00:00,112.296875,112.375,112.28125,112.296875,105600.0
2024-01-02 20:00:00+00:00,112.34375,112.359375,112.265625,112.3125,102115.0
2024-01-02 21:00:00+00:00,112.359375,112.390625,112.296875,112.34375,0.0
2024-01-02 23:00:00+00:00,112.234375,112.375,112.234375,112.375,12867.0
2024-01-03 00:00:00+00:00,112.28125,112.328125,112.234375,112.234375,9090.0
2024-01-03 01:00:00+00:00,112.328125,112.328125,112.265625,112.296875,6003.0
2024-01-03 02:00:00+00:00,112.265625,112.328125,112.25,112.3125,6083.0
2024-01-03 03:00:00+00:00,112.265625,112.28125,112.25,112.265625,2669.0
2024-01-03 04:00:00+00:00,112.234375,112.265625,112.21875,112.265625,6998.0
2024-01-03 05:00:00+00:00,112.21875,112.25,112.203125,112.25,6891.0
2024-01-03 06:00:00+00:00,112.25,112.296875,112.21875,112.21875,10898.0
2024-01-03 07:00:00+00:00,112.171875,112.25,112.125,112.25,39110.0
2024-01-03 08:00:00+00:00,112.015625,112.203125,112.0,112.15625,57814.0
2024-01-03 09:00:00+00:00,112.109375,112.125,112.0,112.0,47571.0
2024-01-03 10:00:00+00:00,112.140625,112.15625,112.0625,112.125,36430.0
2024-01-03 11:00:00+00:00,112.109375,112.15625,112.078125,112.140625,23241.0
2024-01-03 12:00:00+00:00,112.09375,112.1875,112.046875,112.125,68633.0
2024-01-03 13:00:00+00:00,112.0625,112.171875,112.03125,112.09375,112927.0
2024-01-03 14:00:00+00:00,112.046875,112.140625,111.875,112.0625,197308.0
2024-01-03 15:00:00+00:00,112.0625,112.28125,111.875,112.03125,365547.0
2024-01-03 16:00:00+00:00,112.203125,112.234375,112.0625,112.0625,163628.0
2024-01-03 17:00:00+00:00,112.390625,112.40625,112.1875,112.203125,118049.0
2024-01-03 18:00:00+00:00,112.4375,112.5,112.359375,112.390625,119979.0
2024-01-03 19:00:00+00:00,112.515625,112.625,112.28125,112.453125,281029.0
2024-01-03 20:00:00+00:00,112.53125,112.546875,112.46875,112.53125,171628.0
2024-01-03 21:00:00+00:00,112.4375,112.546875,112.40625,112.53125,0.0
2024-01-03 23:00:00+00:00,112.484375,112.484375,112.40625,112.40625,8661.0
2024-01-04 00:00:00+00:00,112.421875,112.5,112.421875,112.484375,10897.0
2024-01-04 01:00:00+00:00,112.390625,112.453125,112.375,112.421875,9030.0
2024-01-04 02:00:00+00:00,112.40625,112.421875,112.375,112.375,7633.0
2024-01-04 03:00:00+00:00,112.421875,112.4375,112.40625,112.40625,5303.0
2024-01-04 04:00:00+00:00,112.359375,112.4375,112.34375,112.421875,6813.0
2024-01-04 05:00:00+00:00,112.421875,112.4375,112.34375,112.359375,13646.0
2024-01-04 06:00:00+00:00,112.515625,112.546875,112.40625,112.40625,31968.0
2024-01-04 07:00:00+00:00,112.453125,112.59375,112.453125,112.515625,58556.0
2024-01-04 08:00:00+00:00,112.390625,112.53125,112.390625,112.46875,46734.0
2024-01-04 09:00:00+00:00,112.296875,112.421875,112.28125,112.40625,50564.0
2024-01-04 10:00:00+00:00,112.234375,112.296875,112.203125,112.28125,39955.0
2024-01-04 11:00:00+00:00,112.15625,112.234375,112.15625,112.21875,48929.0
2024-01-04 12:00:00+00:00,112.1875,112.21875,112.109375,112.140625,68394.0
2024-01-04 13:00:00+00:00,111.9375,112.203125,111.921875,112.1875,218196.0
2024-01-04 14:00:00+00:00,111.921875,112.03125,111.890625,111.953125,132003.0
2024-01-04 15:00:00+00:00,112.015625,112.078125,111.90625,111.921875,160905.0
2024-01-04 16:00:00+00:00,111.953125,112.09375,111.9375,112.0,124584.0
2024-01-04 17:00:00+00:00,111.890625,112.0,111.875,111.953125,93766.0
2024-01-04 18:00:00+00:00,111.921875,111.953125,111.859375,111.890625,100017.0
2024-01-04 19:00:00+00:00,111.984375,112.015625,111.890625,111.9375,139653.0
2024-01-04 20:00:00+00:00,111.96875,112.0,111.9375,111.96875,92653.0
2024-01-04 21:00:00+00:00,111.921875,111.984375,111.921875,111.96875,0.0
2024-01-04 23:00:00+00:00,111.921875,111.9375,111.890625,111.921875,6459.0
2024-01-05 00:00:00+00:00,111.96875,112.0,111.90625,111.921875,17234.0
2024-01-05 01:00:00+00:00,111.96875,112.03125,111.9375,111.96875,19257.0
2024-01-05 02:00:00+00:00,111.9375,111.96875,111.90625,111.953125,10872.0
2024-01-05 03:00:00+00:00,111.921875,111.9375,111.890625,111.9375,11536.0
2024-01-05 04:00:00+00:00,111.90625,111.953125,111.890625,111.90625,9766.0
2024-01-05 05:00:00+00:00,111.921875,111.9375,111.875,111.90625,8150.0
2024-01-05 06:00:00+00:00,111.796875,111.921875,111.75,111.90625,36047.0
2024-01-05 07:00:00+00:00,111.8125,111.890625,111.78125,111.78125,40241.0
2024-01-05 08:00:00+00:00,111.78125,111.875,111.78125,111.828125,42436.0
2024-01-05 09:00:00+00:00,111.703125,111.8125,111.671875,111.76599884033203,51311.0
2024-01-05 10:00:00+00:00,111.640625,111.71875,111.609375,111.71875,58024.0
2024-01-05 11:00:00+00:00,111.65625,111.671875,111.578125,111.640625,36494.0
2024-01-05 12:00:00+00:00,111.65625,111.71875,111.625,111.640625,59875.0
2024-01-05 13:00:00+00:00,111.515625,111.765625,111.203125,111.65625,521375.0
2024-01-05 14:00:00+00:00,111.640625,111.71875,111.484375,111.53125,229985.0
2024-01-05 15:00:00+00:00,112.109375,112.3125,111.65625,111.65625,480927.0
2024-01-05 16:00:00+00:00,111.96875,112.234375,111.9375,112.109375,174608.0
2024-01-05 17:00:00+00:00,111.6875,111.96875,111.671875,111.953125,203768.0
2024-01-05 18:00:00+00:00,111.734375,111.765625,111.625,111.6875,143042.0
2024-01-05 19:00:00+00:00,111.71875,111.828125,111.703125,111.75,92672.0
2024-01-05 20:00:00+00:00,111.65625,111.734375,111.625,111.703125,106005.0
2024-01-05 21:00:00+00:00,111.671875,111.703125,111.640625,111.65625,34058.0
2024-01-07 23:00:00+00:00,111.546875,111.71875,111.484375,111.71875,17676.0
2024-01-08 00:00:00+00:00,111.578125,111.609375,111.546875,111.546875,10333.0
2024-01-08 01:00:00+00:00,111.640625,111.640625,111.578125,111.578125,12565.0
2024-01-08 02:00:00+00:00,111.578125,111.625,111.578125,111.625,6011.0
2024-01-08 03:00:00+00:00,111.53125,111.609375,111.515625,111.59375,10421.0
2024-01-08 04:00:00+00:00,111.546875,111.546875,111.515625,111.53125,7269.0
2024-01-08 05:00:00+00:00,111.609375,111.609375,111.53125,111.546875,6392.0
2024-01-08 06:00:00+00:00,111.609375,111.609375,111.578125,111.59375,8034.0
2024-01-08 07:00:00+00:00,111.609375,111.65625,111.578125,111.609375,30592.0
2024-01-08 08:00:00+00:00,111.640625,111.71875,111.546875,111.609375,62239.0
2024-01-08 09:00:00+00:00,111.859375,111.890625,111.640625,111.65599822998047,53064.0
2024-01-08 10:00:00+00:00,111.734375,111.859375,111.73400115966797,111.859375,44293.0
2024-01-08 11:00:00+00:00,111.6875,111.765625,111.65625,111.75,23556.0
2024-01-08 12:00:00+00:00,111.640625,111.6875,111.546875,111.6875,63630.0
2024-01-08 13:00:00+00:00,111.640625,111.78125,111.578125,111.65625,137668.0
2024-01-08 14:00:00+00:00,111.953125,111.96875,111.640625,111.640625,209004.0
2024-01-08 15:00:00+00:00,112.09375,112.125,111.921875,111.9375,195175.0
2024-01-08 16:00:00+00:00,112.1875,112.28125,112.0625,112.09375,159801.0
2024-01-08 17:00:00+00:00,112.203125,112.21875,112.15625,112.1875,64696.0
2024-01-08 18:00:00+00:00,112.0625,112.21875,112.015625,112.1875,101855.0
2024-01-08 19:00:00+00:00,112.046875,112.109375,112.03125,112.0625,129934.0
2024-01-08 20:00:00+00:00,111.9375,112.0625,111.90625,112.046875,180463.0
2024-01-08 21:00:00+00:00,111.828125,111.984375,111.796875,111.9375,0.0
2024-01-08 23:00:00+00:00,111.890625,111.890625,111.8125,111.828125,9470.0
2024-01-09 00:00:00+00:00,111.890625,111.9375,111.890625,111.890625,13732.0
2024-01-09 01:00:00+00:00,111.875,111.90625,111.859375,111.875,12800.0
2024-01-09 02:00:00+00:00,111.890625,111.921875,111.859375,111.875,7499.0
2024-01-09 03:00:00+00:00,111.9375,111.953125,111.890625,111.890625,5529.0
2024-01-09 04:00:00+00:00,111.921875,111.96875,111.90625,111.9375,8831.0
2024-01-09 05:00:00+00:00,111.921875,111.953125,111.890625,111.921875,7461.0
2024-01-09 06:00:00+00:00,111.875,111.921875,111.84375,111.90625,10567.0
2024-01-09 07:00:00+00:00,111.859375,111.921875,111.8125,111.875,30626.0
2024-01-09 08:00:00+00:00,111.765625,111.875,111.703125,111.84375,61624.0
2024-01-09 09:00:00+00:00,111.734375,111.796875,111.71875,111.765625,41272.0
2024-01-09 10:00:00+00:00,111.78125,111.828125,111.703125,111.734375,28865.0
2024-01-09 11:00:00+00:00,111.734375,111.796875,111.71875,111.78125,24204.0
2024-01-09 12:00:00+00:00,111.828125,111.84375,111.71875,111.71875,54832.0
2024-01-09 13:00:00+00:00,111.859375,111.859375,111.6875,111.828125,148508.0
2024-01-09 14:00:00+00:00,112.015625,112.015625,111.828125,111.859375,174132.0
2024-01-09 15:00:00+00:00,111.953125,112.0625,111.90625,112.015625,141179.0
2024-01-09 16:00:00+00:00,111.96875,111.984375,111.875,111.953125,91490.0
2024-01-09 17:00:00+00:00,111.953125,112.0,111.90625,111.96875,70146.0
2024-01-09 18:00:00+00:00,111.90625,112.046875,111.875,111.953125,111522.0
2024-01-09 19:00:00+00:00,111.921875,111.96875,111.875,111.890625,95025.0
2024-01-09 20:00:00+00:00,111.9375,111.984375,111.90625,111.921875,110507.0
2024-01-09 21:00:00+00:00,111.96875,111.96875,111.90625,111.9375,0.0
2024-01-09 23:00:00+00:00,112.015625,112.03125,111.953125,111.953125,8412.0
2024-01-10 00:00:00+00:00,111.984375,112.046875,111.921875,112.015625,10567.0
2024-01-10 01:00:00+00:00,111.9375,111.984375,111.921875,111.984375,7861.0
2024-01-10 02:00:00+00:00,111.921875,111.9375,111.890625,111.921875,7174.0
2024-01-10 03:00:00+00:00,111.921875,111.96875,111.890625,111.921875,9355.0
2024-01-10 04:00:00+00:00,111.953125,111.953125,111.921875,111.9375,3295.0
2024-01-10 05:00:00+00:00,111.90625,111.953125,111.90625,111.953125,4662.0
2024-01-10 06:00:00+00:00,111.90625,111.921875,111.859375,111.90625,10553.0
2024-01-10 07:00:00+00:00,112.03125,112.0625,111.859375,111.90625,36283.0
2024-01-10 08:00:00+00:00,112.078125,112.078125,112.0,112.03125,41259.0
2024-01-10 09:00:00+00:00,112.125,112.15625,112.046875,112.0625,47594.0
2024-01-10 10:00:00+00:00,112.125,112.21875,112.125,112.125,54434.0
2024-01-10 11:00:00+00:00,112.0625,112.15625,112.0625,112.14099884033203,30394.0
2024-01-10 12:00:00+00:00,112.09375,112.140625,112.046875,112.0625,47220.0
2024-01-10 13:00:00+00:00,112.140625,112.1875,112.0625,112.078125,90730.0
2024-01-10 14:00:00+00:00,112.0625,112.1875,112.046875,112.140625,111815.0
2024-01-10 15:00:00+00:00,112.046875,112.078125,111.9375,112.0625,156562.0
2024-01-10 16:00:00+00:00,112.0,112.078125,111.9375,112.03125,138230.0
2024-01-10 17:00:00+00:00,111.96875,112.0,111.921875,111.984375,125292.0
2024-01-10 18:00:00+00:00,111.875,112.0,111.859375,111.953125,169665.0
2024-01-10 19:00:00+00:00,111.875,111.90625,111.828125,111.875,91402.0
2024-01-10 20:00:00+00:00,111.8125,111.921875,111.78125,111.875,175836.0
2024-01-10 21:00:00+00:00,111.875,111.890625,111.78125,111.796875,0.0
2024-01-10 23:00:00+00:00,111.90625,111.921875,111.875,111.875,6229.0
2024-01-11 00:00:00+00:00,111.9375,111.953125,111.890625,111.90625,11672.0
2024-01-11 01:00:00+00:00,111.953125,111.96875,111.890625,111.953125,12273.0
2024-01-11 02:00:00+00:00,111.890625,111.96875,111.875,111.953125,13862.0
2024-01-11 03:00:00+00:00,111.890625,111.90625,111.875,111.90625,7296.0
2024-01-11 04:00:00+00:00,111.90625,111.921875,111.875,111.890625,6999.0
2024-01-11 05:00:00+00:00,111.9375,111.96875,111.90625,111.90625,7369.0
2024-01-11 06:00:00+00:00,112.03125,112.046875,111.921875,111.953125,19943.0
2024-01-11 07:00:00+00:00,112.09375,112.09375,111.984375,112.03125,29441.0
2024-01-11 08:00:00+00:00,112.125,112.171875,112.0625,112.09375,54937.0
2024-01-11 09:00:00+00:00,112.109375,112.140625,112.09375,112.10900115966797,30537.0
2024-01-11 10:00:00+00:00,112.109375,112.171875,112.078125,112.09375,26463.0
2024-01-11 11:00:00+00:00,112.171875,112.1875,112.09375,112.109375,40726.0
2024-01-11 12:00:00+00:00,112.140625,112.21875,112.109375,112.171875,53755.0
2024-01-11 13:00:00+00:00,111.640625,112.5,111.609375,112.125,497443.0
2024-01-11 14:00:00+00:00,111.921875,112.0625,111.625,111.640625,343846.0
2024-01-11 15:00:00+00:00,111.96875,112.015625,111.796875,111.921875,242111.0
2024-01-11 16:00:00+00:00,111.90625,112.0,111.796875,111.96875,152075.0
2024-01-11 17:00:00+00:00,111.859375,111.984375,111.8125,111.890625,115587.0
2024-01-11 18:00:00+00:00,112.03125,112.046875,111.859375,111.859375,152816.0
2024-01-11 19:00:00+00:00,112.34375,112.359375,112.015625,112.03125,247793.0
2024-01-11 20:00:00+00:00,112.28125,112.34375,112.21875,112.34375,167448.0
2024-01-11 21:00:00+00:00,112.40625,112.40625,112.25,112.28125,107231.0
2024-01-11 23:00:00+00:00,112.421875,112.453125,112.359375,112.40625,0.0
2024-01-12 00:00:00+00:00,112.3125,112.4375,112.28125,112.421875,35128.0
2024-01-12 01:00:00+00:00,112.296875,112.3125,112.25,112.3125,13936.0
2024-01-12 02:00:00+00:00,112.3125,112.328125,112.265625,112.28125,7634.0
2024-01-12 03:00:00+00:00,112.328125,112.34375,112.296875,112.328125,12178.0
2024-01-12 04:00:00+00:00,112.3125,112.328125,112.28125,112.328125,15291.0
2024-01-12 05:00:00+00:00,112.234375,112.328125,112.234375,112.296875,11071.0
2024-01-12 06:00:00+00:00,112.296875,112.296875,112.234375,112.234375,9808.0
2024-01-12 07:00:00+00:00,112.203125,112.28125,112.171875,112.28125,40721.0
2024-01-12 08:00:00+00:00,112.359375,112.390625,112.1875,112.203125,59991.0
2024-01-12 09:00:00+00:00,112.234375,112.359375,112.21875,112.34400177001953,32493.0
2024-01-12 10:00:00+00:00,112.28125,112.328125,112.25,112.25,21013.0
2024-01-12 11:00:00+00:00,112.1875,112.28125,112.171875,112.25,36902.0
2024-01-12 12:00:00+00:00,112.171875,112.21875,112.125,112.171875,57576.0
2024-01-12 13:00:00+00:00,112.4375,112.484375,112.09375,112.1875,363608.0
2024-01-12 14:00:00+00:00,112.671875,112.828125,112.390625,112.4375,377936.0
2024-01-12 15:00:00+00:00,112.609375,112.75,112.546875,112.6875,239336.0
2024-01-12 16:00:00+00:00,112.546875,112.6875,112.5,112.609375,177889.0
2024-01-12 17:00:00+00:00,112.4375,112.546875,112.4375,112.546875,112466.0
2024-01-12 18:00:00+00:00,112.46875,112.5,112.375,112.4375,66575.0
2024-01-12 19:00:00+00:00,112.609375,112.609375,112.46875,112.484375,107699.0
2024-01-12 20:00:00+00:00,112.578125,112.625,112.5,112.59375,118561.0
2024-01-12 21:00:00+00:00,112.625,112.671875,112.546875,112.578125,51521.0
2024-01-14 23:00:00+00:00,112.421875,112.578125,112.421875,112.5625,16827.0
2024-01-15 00:00:00+00:00,112.484375,112.515625,112.421875,112.421875,5521.0
2024-01-15 01:00:00+00:00,112.515625,112.53125,112.453125,112.453125,8875.0
2024-01-15 02:00:00+00:00,112.546875,112.546875,112.515625,112.515625,5945.0
2024-01-15 03:00:00+00:00,112.515625,112.546875,112.5,112.546875,7404.0
2024-01-15 04:00:00+00:00,112.484375,112.515625,112.484375,112.515625,3293.0
2024-01-16 05:00:00+00:00,112.203125,112.234375,112.1875,112.21875,11190.0
2024-01-16 06:00:00+00:00,112.21875,112.234375,112.1875,112.203125,9250.0
2024-01-16 07:00:00+00:00,112.203125,112.25,112.1875,112.21875,28766.0
2024-01-16 08:00:00+00:00,112.203125,112.328125,112.171875,112.203125,59779.0
2024-01-16 09:00:00+00:00,112.203125,112.25,112.15625,112.18800354003906,45502.0
2024-01-16 10:00:00+00:00,112.1875,112.21875,112.15625,112.203125,22239.0
2024-01-16 11:00:00+00:00,112.171875,112.21875,112.125,112.1875,26482.0
2024-01-16 12:00:00+00:00,112.1875,112.203125,112.09375,112.171875,54726.0
2024-01-16 13:00:00+00:00,112.140625,112.34375,112.046875,112.203125,265459.0
2024-01-16 14:00:00+00:00,112.1875,112.296875,112.0625,112.140625,249358.0
2024-01-16 15:00:00+00:00,112.25,112.359375,112.171875,112.1875,146810.0
2024-01-16 16:00:00+00:00,111.96875,112.265625,111.875,112.25,415995.0
2024-01-16 17:00:00+00:00,111.71875,111.984375,111.71875,111.984375,159652.0
2024-01-16 18:00:00+00:00,111.765625,111.8125,111.703125,111.71875,124311.0
2024-01-16 19:00:00+00:00,111.859375,111.890625,111.734375,111.75,154290.0
2024-01-16 20:00:00+00:00,111.875,111.921875,111.8125,111.84375,158405.0
2024-01-16 21:00:00+00:00,111.890625,111.9375,111.84375,111.859375,0.0
2024-01-16 23:00:00+00:00,111.890625,111.90625,111.84375,111.90625,14151.0
2024-01-17 00:00:00+00:00,111.875,111.890625,111.765625,111.875,22553.0
2024-01-17 01:00:00+00:00,111.953125,111.984375,111.859375,111.875,28098.0
2024-01-17 02:00:00+00:00,111.953125,112.046875,111.953125,111.96875,17970.0
2024-01-17 03:00:00+00:00,111.90625,111.984375,111.890625,111.96875,18511.0
2024-01-17 04:00:00+00:00,111.90625,111.9375,111.890625,111.90625,6698.0
2024-01-17 05:00:00+00:00,111.890625,111.9375,111.890625,111.921875,6607.0
2024-01-17 06:00:00+00:00,111.921875,111.953125,111.8125,111.90625,28274.0
2024-01-17 07:00:00+00:00,111.703125,111.921875,111.703125,111.921875,95549.0
2024-01-17 08:00:00+00:00,111.765625,111.859375,111.703125,111.703125,52656.0
2024-01-17 09:00:00+00:00,111.859375,111.859375,111.734375,111.765625,51034.0
2024-01-17 10:00:00+00:00,111.828125,111.890625,111.796875,111.859375,31324.0
2024-01-17 11:00:00+00:00,111.78125,111.8125,111.734375,111.81199645996094,40181.0
2024-01-17 12:00:00+00:00,111.6875,111.828125,111.6875,111.78125,64002.0
2024-01-17 13:00:00+00:00,111.453125,111.71875,111.34375,111.703125,443402.0
2024-01-17 14:00:00+00:00,111.359375,111.515625,111.328125,111.453125,218720.0
2024-01-17 15:00:00+00:00,111.453125,111.453125,111.28125,111.359375,239824.0
2024-01-17 16:00:00+00:00,111.453125,111.515625,111.375,111.4375,151351.0
2024-01-17 17:00:00+00:00,111.5,111.53125,111.390625,111.4375,84734.0
2024-01-17 18:00:00+00:00,111.390625,111.515625,111.34375,111.5,104058.0
2024-01-17 19:00:00+00:00,111.421875,111.46875,111.375,111.390625,119943.0
2024-01-17 20:00:00+00:00,111.4375,111.5,111.40625,111.421875,125413.0
2024-01-17 21:00:00+00:00,111.40625,111.453125,111.359375,111.4375,0.0
2024-01-17 23:00:00+00:00,111.421875,111.453125,111.390625,111.421875,7549.0
2024-01-18 00:00:00+00:00,111.484375,111.5,111.421875,111.4375,19787.0
2024-01-18 01:00:00+00:00,111.53125,111.546875,111.484375,111.5,17756.0
2024-01-18 02:00:00+00:00,111.546875,111.578125,111.515625,111.53125,17506.0
2024-01-18 03:00:00+00:00,111.5,111.546875,111.484375,111.546875,10453.0
2024-01-18 04:00:00+00:00,111.515625,111.546875,111.5,111.515625,6803.0
2024-01-18 05:00:00+00:00,111.515625,111.546875,111.5,111.515625,7127.0
2024-01-18 06:00:00+00:00,111.578125,111.59375,111.515625,111.515625,10637.0
2024-01-18 07:00:00+00:00,111.578125,111.578125,111.5,111.5625,35932.0
2024-01-18 08:00:00+00:00,111.59375,111.625,111.546875,111.5625,59065.0
2024-01-18 09:00:00+00:00,111.59375,111.65625,111.5625,111.578125,47793.0
2024-01-18 10:00:00+00:00,111.578125,111.640625,111.5625,111.609375,44650.0
2024-01-18 11:00:00+00:00,111.546875,111.609375,111.5,111.578125,39630.0
2024-01-18 12:00:00+00:00,111.515625,111.640625,111.5,111.546875,43729.0
2024-01-18 13:00:00+00:00,111.265625,111.5625,111.21875,111.515625,249667.0
2024-01-18 14:00:00+00:00,111.359375,111.453125,111.25,111.25,156880.0
2024-01-18 15:00:00+00:00,111.3125,111.453125,111.296875,111.359375,122373.0
2024-01-18 16:00:00+00:00,111.265625,111.375,111.21875,111.3125,119651.0
2024-01-18 17:00:00+00:00,111.1875,111.265625,111.140625,111.265625,111466.0
2024-01-18 18:00:00+00:00,111.265625,111.3125,111.171875,111.1875,102587.0
2024-01-18 19:00:00+00:00,111.203125,111.328125,111.203125,111.265625,142252.0
2024-01-18 20:00:00+00:00,111.25,111.28125,111.171875,111.203125,92211.0
2024-01-18 21:00:00+00:00,111.203125,111.265625,111.1875,111.25,0.0
2024-01-18 23:00:00+00:00,111.140625,111.265625,111.078125,111.21875,32526.0
2024-01-19 00:00:00+00:00,111.0625,111.1875,111.03125,111.140625,35316.0
2024-01-19 01:00:00+00:00,111.0625,111.09375,111.0625,111.0625,15665.0
2024-01-19 02:00:00+00:00,111.140625,111.140625,111.03125,111.0625,21805.0
2024-01-19 03:00:00+00:00,111.125,111.15625,111.0625,111.140625,7320.0
2024-01-19 04:00:00+00:00,111.09375,111.125,111.078125,111.109375,5365.0
2024-01-19 05:00:00+00:00,111.0625,111.109375,111.046875,111.078125,7730.0
2024-01-19 06:00:00+00:00,111.078125,111.09375,111.0,111.0625,31630.0
2024-01-19 07:00:00+00:00,111.171875,111.203125,111.09375,111.09375,40992.0
2024-01-19 08:00:00+00:00,111.1875,111.234375,111.140625,111.1875,46520.0
2024-01-19 09:00:00+00:00,111.21875,111.265625,111.1875,111.1875,28691.0
2024-01-19 10:00:00+00:00,111.203125,111.25,111.171875,111.21875,17292.0
2024-01-19 11:00:00+00:00,111.265625,111.296875,111.203125,111.203125,26485.0
2024-01-19 12:00:00+00:00,111.234375,111.296875,111.171875,111.28125,40511.0
2024-01-19 13:00:00+00:00,111.140625,111.296875,111.09375,111.21875,132375.0
2024-01-19 14:00:00+00:00,111.0,111.1875,110.921875,111.140625,194018.0
2024-01-19 15:00:00+00:00,111.03125,111.109375,110.8125,110.984375,261404.0
2024-01-19 16:00:00+00:00,111.0,111.109375,110.96875,111.03125,108061.0
2024-01-19 17:00:00+00:00,111.0625,111.078125,110.9375,111.0,74019.0
2024-01-19 18:00:00+00:00,111.046875,111.078125,111.015625,111.078125,51538.0
2024-01-19 19:00:00+00:00,111.125,111.1875,111.03125,111.0625,93970.0
2024-01-19 20:00:00+00:00,111.203125,111.203125,111.09375,111.125,93028.0
2024-01-19 21:00:00+00:00,111.28125,111.296875,111.171875,111.1875,56597.0
2024-01-21 23:00:00+00:00,111.1875,111.234375,111.140625,111.234375,14910.0
2024-01-22 00:00:00+00:00,111.25,111.265625,111.171875,111.1875,21608.0
2024-01-22 01:00:00+00:00,111.296875,111.34375,111.234375,111.25,22020.0
2024-01-22 02:00:00+00:00,111.359375,111.375,111.296875,111.3125,12310.0
2024-01-22 03:00:00+00:00,111.3125,111.375,111.3125,111.34375,13838.0
2024-01-22 04:00:00+00:00,111.3125,111.328125,111.296875,111.3125,8921.0
2024-01-22 05:00:00+00:00,111.296875,111.328125,111.265625,111.3125,11719.0
2024-01-22 06:00:00+00:00,111.265625,111.34375,111.265625,111.28125,16037.0
2024-01-22 07:00:00+00:00,111.265625,111.296875,111.234375,111.265625,28805.0
2024-01-22 08:00:00+00:00,111.1875,111.265625,111.15625,111.25,41592.0
2024-01-22 09:00:00+00:00,111.25,111.25,111.15625,111.1875,24502.0
2024-01-22 10:00:00+00:00,111.359375,111.359375,111.25,111.25,30835.0
2024-01-22 11:00:00+00:00,111.4375,111.46875,111.328125,111.34400177001953,53618.0
2024-01-22 12:00:00+00:00,111.5,111.515625,111.40625,111.4375,89939.0
2024-01-22 13:00:00+00:00,111.546875,111.609375,111.4375,111.5,177361.0
2024-01-22 14:00:00+00:00,111.515625,111.546875,111.421875,111.53125,125140.0
2024-01-22 15:00:00+00:00,111.484375,111.59375,111.453125,111.5,135779.0
2024-01-22 16:00:00+00:00,111.484375,111.515625,111.421875,111.484375,98178.0
2024-01-22 17:00:00+00:00,111.4375,111.5,111.40625,111.5,49626.0
2024-01-22 18:00:00+00:00,111.390625,111.453125,111.375,111.453125,50812.0
2024-01-22 19:00:00+00:00,111.5,111.5,111.375,111.40625,78329.0
2024-01-22 20:00:00+00:00,111.453125,111.5,111.40625,111.484375,104718.0
2024-01-22 21:00:00+00:00,111.421875,111.453125,111.375,111.4375,0.0
2024-01-22 23:00:00+00:00,111.4375,111.46875,111.421875,111.421875,7047.0
2024-01-23 00:00:00+00:00,111.4375,111.46875,111.390625,111.4375,15466.0
2024-01-23 01:00:00+00:00,111.40625,111.484375,111.390625,111.453125,12643.0
2024-01-23 02:00:00+00:00,111.40625,111.453125,111.40625,111.40625,4542.0
2024-01-23 03:00:00+00:00,111.515625,111.515625,111.390625,111.40625,12611.0
2024-01-23 04:00:00+00:00,111.46875,111.515625,111.453125,111.515625,5703.0
2024-01-23 05:00:00+00:00,111.5,111.515625,111.46875,111.484375,4325.0
2024-01-23 06:00:00+00:00,111.46875,111.53125,111.453125,111.5,14481.0
2024-01-23 07:00:00+00:00,111.34375,111.484375,111.328125,111.484375,27713.0
2024-01-23 08:00:00+00:00,111.296875,111.359375,111.265625,111.34375,38176.0
2024-01-23 09:00:00+00:00,111.296875,111.328125,111.25,111.28099822998047,31320.0
2024-01-23 10:00:00+00:00,111.25,111.3125,111.234375,111.296875,27836.0
2024-01-23 11:00:00+00:00,111.25,111.28125,111.234375,111.25,26573.0
2024-01-23 12:00:00+00:00,111.265625,111.296875,111.21875,111.25,55427.0
2024-01-23 13:00:00+00:00,111.28125,111.34375,111.25,111.28125,87875.0
2024-01-23 14:00:00+00:00,111.203125,111.328125,111.171875,111.296875,145613.0
2024-01-23 15:00:00+00:00,111.15625,111.265625,111.140625,111.21875,147105.0
2024-01-23 16:00:00+00:00,111.171875,111.21875,111.140625,111.171875,99806.0
2024-01-23 17:00:00+00:00,111.171875,111.1875,111.125,111.171875,70338.0
2024-01-23 18:00:00+00:00,111.15625,111.203125,111.125,111.15625,76688.0
2024-01-23 19:00:00+00:00,111.21875,111.265625,111.140625,111.171875,128029.0
2024-01-23 20:00:00+00:00,111.25,111.265625,111.1875,111.234375,88905.0
2024-01-23 21:00:00+00:00,111.28125,111.28125,111.203125,111.234375,0.0
2024-01-23 23:00:00+00:00,111.28125,111.3125,111.25,111.265625,9493.0
2024-01-24 00:00:00+00:00,111.234375,111.265625,111.203125,111.265625,11317.0
2024-01-24 01:00:00+00:00,111.28125,111.296875,111.203125,111.21875,15520.0
2024-01-24 02:00:00+00:00,111.296875,111.3125,111.265625,111.296875,9918.0
2024-01-24 03:00:00+00:00,111.328125,111.328125,111.28125,111.296875,13158.0
2024-01-24 04:00:00+00:00,111.359375,111.40625,111.3125,111.3125,15769.0
2024-01-24 05:00:00+00:00,111.328125,111.390625,111.3125,111.359375,8112.0
2024-01-24 06:00:00+00:00,111.421875,111.453125,111.3125,111.328125,32926.0
2024-01-24 07:00:00+00:00,111.40625,111.484375,111.390625,111.40625,31339.0
2024-01-24 08:00:00+00:00,111.53125,111.546875,111.390625,111.421875,71886.0
2024-01-24 09:00:00+00:00,111.453125,111.515625,111.421875,111.515625,45129.0
2024-01-24 10:00:00+00:00,111.46875,111.5,111.390625,111.46875,36329.0
2024-01-24 11:00:00+00:00,111.421875,111.46875,111.40625,111.46875,23797.0
2024-01-24 12:00:00+00:00,111.421875,111.484375,111.390625,111.421875,49840.0
2024-01-24 13:00:00+00:00,111.546875,111.578125,111.40625,111.40625,113045.0
2024-01-24 14:00:00+00:00,111.34375,111.609375,111.28125,111.546875,271450.0
2024-01-24 15:00:00+00:00,111.25,111.375,111.1875,111.328125,218650.0
2024-01-24 16:00:00+00:00,111.140625,111.3125,111.078125,111.25,186392.0
2024-01-24 17:00:00+00:00,111.21875,111.28125,111.140625,111.140625,113249.0
2024-01-24 18:00:00+00:00,110.984375,111.25,110.984375,111.21875,227502.0
2024-01-24 19:00:00+00:00,110.96875,111.015625,110.921875,110.984375,186929.0
2024-01-24 20:00:00+00:00,110.96875,111.0,110.9375,110.96875,102345.0
2024-01-24 21:00:00+00:00,110.984375,111.015625,110.953125,110.96875,0.0
2024-01-24 23:00:00+00:00,110.9375,111.015625,110.921875,111.0,12322.0
2024-01-25 00:00:00+00:00,110.9375,110.953125,110.859375,110.9375,25840.0
2024-01-25 01:00:00+00:00,111.0,111.046875,110.9375,110.9375,17803.0
2024-01-25 02:00:00+00:00,111.03125,111.03125,111.0,111.015625,9584.0
2024-01-25 03:00:00+00:00,111.0625,111.09375,111.015625,111.015625,18362.0
2024-01-25 04:00:00+00:00,111.09375,111.109375,111.0625,111.0625,15325.0
2024-01-25 05:00:00+00:00,111.0625,111.109375,111.046875,111.09375,11768.0
2024-01-25 06:00:00+00:00,111.078125,111.078125,111.03125,111.078125,9005.0
2024-01-25 07:00:00+00:00,111.09375,111.140625,111.046875,111.0625,29154.0
2024-01-25 08:00:00+00:00,111.03125,111.09375,110.953125,111.09375,55399.0
2024-01-25 09:00:00+00:00,111.046875,111.0625,110.96875,111.046875,38538.0
2024-01-25 10:00:00+00:00,111.078125,111.09375,111.015625,111.046875,22670.0
2024-01-25 11:00:00+00:00,111.0625,111.078125,111.03125,111.0469970703125,36824.0
2024-01-25 12:00:00+00:00,110.984375,111.0625,110.9375,111.0625,51748.0
2024-01-25 13:00:00+00:00,111.171875,111.234375,110.828125,110.96875,298306.0
2024-01-25 14:00:00+00:00,111.203125,111.3125,111.125,111.171875,267763.0
2024-01-25 15:00:00+00:00,111.265625,111.3125,111.1875,111.21875,207424.0
2024-01-25 16:00:00+00:00,111.171875,111.3125,111.109375,111.265625,147609.0
2024-01-25 17:00:00+00:00,111.15625,111.203125,111.09375,111.171875,162441.0
2024-01-25 18:00:00+00:00,111.296875,111.34375,111.109375,111.15625,164980.0
2024-01-25 19:00:00+00:00,111.296875,111.359375,111.28125,111.296875,127287.0
2024-01-25 20:00:00+00:00,111.34375,111.34375,111.265625,111.3125,116675.0
2024-01-25 21:00:00+00:00,111.40625,111.40625,111.3125,111.34375,0.0
2024-01-25 23:00:00+00:00,111.46875,111.46875,111.359375,111.375,16167.0
2024-01-26 00:00:00+00:00,111.453125,111.484375,111.4375,111.46875,14993.0
2024-01-26 01:00:00+00:00,111.546875,111.546875,111.421875,111.46875,22428.0
2024-01-26 02:00:00+00:00,111.515625,111.5625,111.515625,111.546875,17417.0
2024-01-26 03:00:00+00:00,111.515625,111.53125,111.5,111.515625,8950.0
2024-01-26 04:00:00+00:00,111.53125,111.546875,111.484375,111.515625,7212.0
2024-01-26 05:00:00+00:00,111.53125,111.546875,111.5,111.515625,6413.0
2024-01-26 06:00:00+00:00,111.515625,111.5625,111.484375,111.515625,11325.0
2024-01-26 07:00:00+00:00,111.46875,111.546875,111.46875,111.515625,33805.0
2024-01-26 08:00:00+00:00,111.40625,111.5,111.390625,111.46875,44740.0
2024-01-26 09:00:00+00:00,111.4375,111.484375,111.359375,111.40625,45518.0
2024-01-26 10:00:00+00:00,111.421875,111.46875,111.40625,111.453125,17416.0
2024-01-26 11:00:00+00:00,111.390625,111.4375,111.359375,111.4219970703125,26025.0
2024-01-26 12:00:00+00:00,111.328125,111.421875,111.296875,111.390625,48546.0
2024-01-26 13:00:00+00:00,111.375,111.53125,111.171875,111.34375,268679.0
2024-01-26 14:00:00+00:00,111.109375,111.375,111.09375,111.359375,209814.0
2024-01-26 15:00:00+00:00,111.125,111.140625,111.03125,111.109375,157839.0
2024-01-26 16:00:00+00:00,111.203125,111.21875,111.109375,111.125,83926.0
2024-01-26 17:00:00+00:00,111.15625,111.203125,111.125,111.1875,76053.0
2024-01-26 18:00:00+00:00,111.046875,111.15625,111.03125,111.15625,60895.0
2024-01-26 19:00:00+00:00,111.046875,111.0625,111.0,111.046875,119427.0
2024-01-26 20:00:00+00:00,111.140625,111.15625,111.03125,111.03125,99324.0
2024-01-26 21:00:00+00:00,111.203125,111.203125,111.125,111.125,40794.0
2024-01-28 23:00:00+00:00,111.1875,111.328125,111.171875,111.28125,23778.0
2024-01-29 00:00:00+00:00,111.25,111.265625,111.1875,111.203125,14565.0
2024-01-29 01:00:00+00:00,111.203125,111.28125,111.203125,111.25,14542.0
2024-01-29 02:00:00+00:00,111.265625,111.265625,111.15625,111.21875,20716.0
2024-01-29 03:00:00+00:00,111.203125,111.25,111.203125,111.25,6781.0
2024-01-29 04:00:00+00:00,111.25,111.28125,111.203125,111.203125,5977.0
2024-01-29 05:00:00+00:00,111.25,111.265625,111.21875,111.25,9101.0
2024-01-29 06:00:00+00:00,111.28125,111.296875,111.25,111.25,8708.0
2024-01-29 07:00:00+00:00,111.34375,111.34375,111.265625,111.28125,28021.0
2024-01-29 08:00:00+00:00,111.34375,111.359375,111.265625,111.328125,42875.0
2024-01-29 09:00:00+00:00,111.4375,111.46875,111.390625,111.40599822998047,60612.0
2024-01-29 10:00:00+00:00,111.46875,111.46875,111.40625,111.453125,33709.0
2024-01-29 11:00:00+00:00,111.4375,111.46900177001953,111.40625,111.46900177001953,37475.0
2024-01-29 12:00:00+00:00,111.359375,111.453125,111.359375,111.4375,36714.0
2024-01-29 13:00:00+00:00,111.46875,111.5,111.359375,111.375,156885.0
2024-01-29 14:00:00+00:00,111.40625,111.46875,111.359375,111.46875,121645.0
2024-01-29 15:00:00+00:00,111.40625,111.453125,111.3125,111.421875,143948.0
2024-01-29 16:00:00+00:00,111.46875,111.46875,111.375,111.40625,87640.0
2024-01-29 17:00:00+00:00,111.484375,111.515625,111.421875,111.46875,61541.0
2024-01-29 18:00:00+00:00,111.484375,111.5,111.453125,111.46875,79291.0
2024-01-29 19:00:00+00:00,111.5,111.546875,111.453125,111.484375,130773.0
2024-01-29 20:00:00+00:00,111.65625,111.71875,111.5,111.515625,300943.0
2024-01-29 21:00:00+00:00,111.59375,111.65625,111.53125,111.640625,0.0
2024-01-29 23:00:00+00:00,111.59375,111.65625,111.578125,111.59375,8689.0
2024-01-30 00:00:00+00:00,111.625,111.671875,111.59375,111.59375,14070.0
2024-01-30 01:00:00+00:00,111.609375,111.625,111.5625,111.625,18227.0
2024-01-30 02:00:00+00:00,111.6875,111.71875,111.609375,111.625,17192.0
2024-01-30 03:00:00+00:00,111.703125,111.71875,111.671875,111.6875,9922.0
2024-01-30 04:00:00+00:00,111.71875,111.78125,111.6875,111.703125,25167.0
2024-01-30 05:00:00+00:00,111.734375,111.765625,111.71875,111.71875,9896.0
2024-01-30 06:00:00+00:00,111.8125,111.8125,111.71875,111.71875,17025.0
2024-01-30 07:00:00+00:00,111.796875,111.859375,111.78125,111.8125,49720.0
2024-01-30 08:00:00+00:00,111.734375,111.78125,111.6875,111.78125,97882.0
2024-01-30 09:00:00+00:00,111.6875,111.75,111.65625,111.734375,56298.0
2024-01-30 10:00:00+00:00,111.65625,111.734375,111.640625,111.671875,42655.0
2024-01-30 11:00:00+00:00,111.65625,111.6875,111.640625,111.671875,35017.0
2024-01-30 12:00:00+00:00,111.609375,111.703125,111.59375,111.640625,63531.0
2024-01-30 13:00:00+00:00,111.671875,111.671875,111.5625,111.609375,112635.0
2024-01-30 14:00:00+00:00,111.78125,111.8125,111.65625,111.671875,192105.0
2024-01-30 15:00:00+00:00,111.40625,111.8125,111.34375,111.796875,359810.0
2024-01-30 16:00:00+00:00,111.546875,111.578125,111.390625,111.40625,155172.0
2024-01-30 17:00:00+00:00,111.4375,111.5625,111.421875,111.5625,69616.0
2024-01-30 18:00:00+00:00,111.453125,111.46875,111.40625,111.4375,71493.0
2024-01-30 19:00:00+00:00,111.625,111.640625,111.453125,111.453125,139663.0
2024-01-30 20:00:00+00:00,111.65625,111.671875,111.5625,111.625,106861.0
2024-01-30 21:00:00+00:00,111.78125,111.796875,111.640625,111.65625,0.0
2024-01-30 23:00:00+00:00,111.734375,111.8125,111.734375,111.796875,13764.0
2024-01-31 00:00:00+00:00,111.75,111.796875,111.734375,111.75,22882.0
2024-01-31 01:00:00+00:00,111.84375,111.90625,111.75,111.75,30406.0
2024-01-31 02:00:00+00:00,111.84375,111.875,111.84375,111.859375,9084.0
2024-01-31 03:00:00+00:00,111.859375,111.859375,111.828125,111.84375,5989.0
2024-01-31 04:00:00+00:00,111.90625,111.90625,111.84375,111.859375,9842.0
2024-01-31 05:00:00+00:00,111.90625,111.921875,111.84375,111.875,18854.0
2024-01-31 06:00:00+00:00,111.84375,111.890625,111.84375,111.890625,13271.0
2024-01-31 07:00:00+00:00,111.953125,112.0625,111.84375,111.859375,79367.0
2024-01-31 08:00:00+00:00,111.9375,111.984375,111.875,111.96875,72114.0
2024-01-31 09:00:00+00:00,111.875,111.921875,111.84375,111.85900115966797,40928.0
2024-01-31 10:00:00+00:00,111.8125,111.890625,111.8125,111.859375,34281.0
2024-01-31 11:00:00+00:00,111.8125,111.84375,111.796875,111.8280029296875,32388.0
2024-01-31 12:00:00+00:00,111.859375,111.90625,111.796875,111.828125,48161.0
2024-01-31 13:00:00+00:00,111.96875,112.109375,111.796875,111.875,270202.0
2024-01-31 14:00:00+00:00,112.40625,112.484375,111.90625,111.984375,490706.0
2024-01-31 15:00:00+00:00,112.4375,112.484375,112.28125,112.390625,296366.0
2024-01-31 16:00:00+00:00,112.359375,112.484375,112.3125,112.4375,203591.0
2024-01-31 17:00:00+00:00,112.34375,112.390625,112.3125,112.359375,86837.0
2024-01-31 18:00:00+00:00,112.3125,112.390625,112.28125,112.359375,119443.0
2024-01-31 19:00:00+00:00,112.328125,112.46875,111.984375,112.3125,439485.0
2024-01-31 20:00:00+00:00,112.4375,112.4375,112.015625,112.3125,749522.0
2024-01-31 21:00:00+00:00,112.609375,112.640625,112.34375,112.4375,0.0
2024-01-31 23:00:00+00:00,112.453125,112.59375,112.4375,112.578125,28934.0
2024-02-01 00:00:00+00:00,112.359375,112.484375,112.359375,112.453125,46240.0
2024-02-01 01:00:00+00:00,112.359375,112.390625,112.3125,112.359375,30378.0
2024-02-01 02:00:00+00:00,112.359375,112.421875,112.34375,112.375,14679.0
2024-02-01 03:00:00+00:00,112.40625,112.421875,112.359375,112.375,11195.0
2024-02-01 04:00:00+00:00,112.46875,112.46875,112.40625,112.421875,11818.0
2024-02-01 05:00:00+00:00,112.375,112.4375,112.359375,112.4375,20972.0
2024-02-01 06:00:00+00:00,112.375,112.40625,112.328125,112.375,27965.0
2024-02-01 07:00:00+00:00,112.40625,112.40625,112.296875,112.375,52851.0
2024-02-01 08:00:00+00:00,112.484375,112.484375,112.359375,112.40625,93813.0
2024-02-01 09:00:00+00:00,112.390625,112.484375,112.375,112.484375,73429.0
2024-02-01 10:00:00+00:00,112.390625,112.4375,112.34375,112.390625,39010.0
2024-02-01 11:00:00+00:00,112.4375,112.484375,112.375,112.40625,48203.0
2024-02-01 12:00:00+00:00,112.515625,112.53125,112.34375,112.453125,94033.0
2024-02-01 13:00:00+00:00,112.6875,112.75,112.484375,112.5,261430.0
2024-02-01 14:00:00+00:00,112.84375,112.859375,112.6875,112.6875,226108.0
2024-02-01 15:00:00+00:00,113.0,113.015625,112.546875,112.828125,399476.0
2024-02-01 16:00:00+00:00,112.953125,113.203125,112.9375,113.015625,385769.0
2024-02-01 17:00:00+00:00,112.828125,113.0,112.796875,112.953125,236287.0
2024-02-01 18:00:00+00:00,112.8125,112.859375,112.734375,112.8125,130424.0
2024-02-01 19:00:00+00:00,112.90625,112.921875,112.796875,112.8125,171586.0
2024-02-01 20:00:00+00:00,112.921875,112.9375,112.859375,112.890625,180320.0
2024-02-01 21:00:00+00:00,112.78125,112.9375,112.765625,112.90625,0.0
2024-02-01 23:00:00+00:00,112.828125,112.828125,112.765625,112.78125,14210.0
2024-02-02 00:00:00+00:00,112.8125,112.859375,112.734375,112.828125,28310.0
2024-02-02 01:00:00+00:00,112.75,112.8125,112.734375,112.8125,21451.0
2024-02-02 02:00:00+00:00,112.734375,112.78125,112.703125,112.765625,18269.0
2024-02-02 03:00:00+00:00,112.671875,112.75,112.671875,112.75,13212.0
2024-02-02 04:00:00+00:00,112.671875,112.703125,112.65625,112.671875,17446.0
2024-02-02 05:00:00+00:00,112.765625,112.78125,112.671875,112.671875,13765.0
2024-02-02 06:00:00+00:00,112.734375,112.796875,112.71875,112.765625,19049.0
2024-02-02 07:00:00+00:00,112.609375,112.75,112.609375,112.75,39900.0
2024-02-02 08:00:00+00:00,112.671875,112.75,112.59375,112.609375,60089.0
2024-02-02 09:00:00+00:00,112.6875,112.703125,112.640625,112.65625,34602.0
2024-02-02 10:00:00+00:00,112.703125,112.734375,112.65625,112.671875,31526.0
2024-02-02 11:00:00+00:00,112.734375,112.75,112.703125,112.71875,26921.0
2024-02-02 12:00:00+00:00,112.75,112.78125,112.6875,112.71875,83344.0
2024-02-02 13:00:00+00:00,111.828125,112.765625,111.78125,112.765625,717464.0
2024-02-02 14:00:00+00:00,111.953125,112.015625,111.75,111.828125,430440.0
2024-02-02 15:00:00+00:00,111.671875,111.984375,111.609375,111.9375,339313.0
2024-02-02 16:00:00+00:00,111.515625,111.671875,111.515625,111.671875,173884.0
2024-02-02 17:00:00+00:00,111.53125,111.59375,111.5,111.53125,148851.0
2024-02-02 18:00:00+00:00,111.6875,111.703125,111.5,111.53125,125123.0
2024-02-02 19:00:00+00:00,111.65625,111.765625,111.625,111.6875,191125.0
2024-02-02 20:00:00+00:00,111.6875,111.71875,111.625,111.671875,139573.0
2024-02-02 21:00:00+00:00,111.734375,111.734375,111.671875,111.6875,56011.0
2024-02-04 23:00:00+00:00,111.515625,111.671875,111.453125,111.65625,37236.0
2024-02-05 00:00:00+00:00,111.296875,111.53125,111.203125,111.53125,117292.0
2024-02-05 01:00:00+00:00,111.390625,111.390625,111.265625,111.28125,52834.0
2024-02-05 02:00:00+00:00,111.34375,111.40625,111.34375,111.390625,21555.0
2024-02-05 03:00:00+00:00,111.40625,111.421875,111.34375,111.359375,18225.0
2024-02-05 04:00:00+00:00,111.390625,111.40625,111.375,111.40625,6028.0
2024-02-05 05:00:00+00:00,111.375,111.390625,111.3125,111.390625,15082.0
2024-02-05 06:00:00+00:00,111.421875,111.421875,111.34375,111.359375,15061.0
2024-02-05 07:00:00+00:00,111.25,111.421875,111.25,111.421875,58752.0
2024-02-05 08:00:00+00:00,111.203125,111.265625,111.125,111.25,101981.0
2024-02-05 09:00:00+00:00,111.1875,111.265625,111.140625,111.203125,54523.0
2024-02-05 10:00:00+00:00,111.296875,111.3125,111.171875,111.203125,48781.0
2024-02-05 11:00:00+00:00,111.234375,111.328125,111.21875,111.296875,43838.0
2024-02-05 12:00:00+00:00,111.109375,111.28125,111.09375,111.25,82681.0
2024-02-05 13:00:00+00:00,111.0625,111.15625,111.015625,111.09375,202695.0
2024-02-05 14:00:00+00:00,111.109375,111.15625,111.03125,111.0625,156538.0
2024-02-05 15:00:00+00:00,110.75,111.09375,110.71875,111.09375,416491.0
2024-02-05 16:00:00+00:00,110.8125,110.84375,110.703125,110.765625,135041.0
2024-02-05 17:00:00+00:00,110.921875,110.96875,110.796875,110.8125,113053.0
2024-02-05 18:00:00+00:00,110.859375,110.921875,110.84375,110.90625,66193.0
2024-02-05 19:00:00+00:00,110.78125,110.875,110.765625,110.859375,125570.0
2024-02-05 20:00:00+00:00,110.796875,110.828125,110.75,110.765625,130086.0
2024-02-05 21:00:00+00:00,110.8125,110.828125,110.75,110.796875,0.0
2024-02-05 23:00:00+00:00,110.90625,110.921875,110.8125,110.828125,13704.0
2024-02-06 00:00:00+00:00,110.953125,110.96875,110.890625,110.90625,15720.0
2024-02-06 01:00:00+00:00,111.0,111.015625,110.9375,110.9375,24151.0
2024-02-06 02:00:00+00:00,110.984375,111.015625,110.96875,111.0,11499.0
2024-02-06 03:00:00+00:00,110.96875,111.015625,110.953125,110.984375,12638.0
2024-02-06 04:00:00+00:00,111.015625,111.015625,110.96875,110.984375,5882.0
2024-02-06 05:00:00+00:00,111.046875,111.0625,111.015625,111.03125,15460.0
2024-02-06 06:00:00+00:00,111.03125,111.09375,111.015625,111.0625,16635.0
2024-02-06 07:00:00+00:00,111.0,111.03125,110.953125,111.03125,39211.0
2024-02-06 08:00:00+00:00,110.921875,111.015625,110.90599822998047,110.984375,58643.0
2024-02-06 09:00:00+00:00,110.875,110.984375,110.875,110.921875,41333.0
2024-02-06 10:00:00+00:00,110.828125,110.921875,110.8125,110.875,43348.0
2024-02-06 11:00:00+00:00,110.859375,110.890625,110.796875,110.81199645996094,30978.0
2024-02-06 12:00:00+00:00,110.875,110.890625,110.734375,110.859375,91425.0
2024-02-06 13:00:00+00:00,110.859375,110.96875,110.8125,110.859375,138092.0
2024-02-06 14:00:00+00:00,111.03125,111.046875,110.828125,110.84375,149171.0
2024-02-06 15:00:00+00:00,111.171875,111.21875,110.984375,111.03125,326473.0
2024-02-06 16:00:00+00:00,111.21875,111.28125,111.078125,111.171875,163795.0
2024-02-06 17:00:00+00:00,111.265625,111.3125,111.203125,111.21875,140564.0
2024-02-06 18:00:00+00:00,111.359375,111.390625,111.25,111.265625,166977.0
2024-02-06 19:00:00+00:00,111.296875,111.390625,111.25,111.359375,146159.0
2024-02-06 20:00:00+00:00,111.296875,111.375,111.265625,111.28125,120922.0
2024-02-06 21:00:00+00:00,111.234375,111.34375,111.234375,111.296875,0.0
2024-02-06 23:00:00+00:00,111.25,111.296875,111.234375,111.25,11069.0
2024-02-07 00:00:00+00:00,111.265625,111.265625,111.203125,111.234375,14556.0
2024-02-07 01:00:00+00:00,111.328125,111.359375,111.25,111.265625,20629.0
2024-02-07 02:00:00+00:00,111.28125,111.328125,111.28125,111.3125,11337.0
2024-02-07 03:00:00+00:00,111.328125,111.34375,111.28125,111.296875,6398.0
2024-02-07 04:00:00+00:00,111.3125,111.34375,111.296875,111.328125,8706.0
2024-02-07 05:00:00+00:00,111.28125,111.328125,111.28125,111.3125,7232.0
2024-02-07 06:00:00+00:00,111.21875,111.28125,111.203125,111.28125,16738.0
2024-02-07 07:00:00+00:00,111.296875,111.34375,111.203125,111.21875,30098.0
2024-02-07 08:00:00+00:00,111.234375,111.296875,111.171875,111.296875,44611.0
2024-02-07 09:00:00+00:00,111.21875,111.296875,111.21875,111.234375,29193.0
2024-02-07 10:00:00+00:00,111.109375,111.25,111.09375,111.21875,52083.0
2024-02-07 11:00:00+00:00,111.078125,111.171875,111.0625,111.125,52929.0
2024-02-07 12:00:00+00:00,111.078125,111.109375,111.03125,111.078125,48496.0
2024-02-07 13:00:00+00:00,111.1875,111.234375,111.0625,111.078125,128499.0
2024-02-07 14:00:00+00:00,111.421875,111.515625,111.09375,111.171875,318157.0
2024-02-07 15:00:00+00:00,111.328125,111.453125,111.21875,111.421875,269697.0
2024-02-07 16:00:00+00:00,111.265625,111.375,111.21875,111.328125,135064.0
2024-02-07 17:00:00+00:00,111.171875,111.265625,111.15625,111.265625,118370.0
2024-02-07 18:00:00+00:00,111.21875,111.328125,111.15625,111.171875,137917.0
2024-02-07 19:00:00+00:00,111.1875,111.25,111.140625,111.234375,108583.0
2024-02-07 20:00:00+00:00,111.140625,111.234375,111.109375,111.1875,104210.0
2024-02-07 21:00:00+00:00,111.09375,111.15625,111.09375,111.125,0.0
2024-02-07 23:00:00+00:00,111.125,111.15625,111.09375,111.140625,6540.0
2024-02-08 00:00:00+00:00,111.125,111.171875,111.109375,111.125,9479.0
2024-02-08 01:00:00+00:00,111.1875,111.203125,111.09375,111.109375,13486.0
2024-02-08 02:00:00+00:00,111.21875,111.234375,111.1875,111.1875,12245.0
2024-02-08 03:00:00+00:00,111.203125,111.21875,111.171875,111.203125,8348.0
2024-02-08 04:00:00+00:00,111.1875,111.21875,111.171875,111.203125,4192.0
2024-02-08 05:00:00+00:00,111.1875,111.1875,111.15625,111.171875,7664.0
2024-02-08 06:00:00+00:00,111.125,111.1875,111.09375,111.1875,14394.0
2024-02-08 07:00:00+00:00,111.109375,111.15625,111.0625,111.125,33419.0
2024-02-08 08:00:00+00:00,111.109375,111.15625,111.015625,111.125,46253.0
2024-02-08 09:00:00+00:00,111.171875,111.1875,111.09375,111.14099884033203,25221.0
2024-02-08 10:00:00+00:00,111.078125,111.1875,111.0625,111.171875,27016.0
2024-02-08 11:00:00+00:00,110.953125,111.09375,110.9375,111.078125,63085.0
2024-02-08 12:00:00+00:00,110.90625,110.984375,110.890625,110.96875,81233.0
2024-02-08 13:00:00+00:00,110.84375,110.984375,110.8125,110.921875,182421.0
2024-02-08 14:00:00+00:00,110.859375,110.90625,110.8125,110.84375,134267.0
2024-02-08 15:00:00+00:00,110.828125,110.875,110.78125,110.859375,128400.0
2024-02-08 16:00:00+00:00,110.859375,110.875,110.78125,110.8125,137070.0
2024-02-08 17:00:00+00:00,110.796875,110.875,110.78125,110.875,92153.0
2024-02-08 18:00:00+00:00,110.84375,110.984375,110.78125,110.796875,128903.0
2024-02-08 19:00:00+00:00,110.75,110.84375,110.71875,110.828125,133094.0
2024-02-08 20:00:00+00:00,110.8125,110.828125,110.71875,110.765625,114282.0
2024-02-08 21:00:00+00:00,110.8125,110.859375,110.796875,110.828125,0.0
2024-02-08 23:00:00+00:00,110.828125,110.859375,110.8125,110.84375,9057.0
2024-02-09 00:00:00+00:00,110.859375,110.890625,110.796875,110.828125,9173.0
2024-02-09 01:00:00+00:00,110.890625,110.921875,110.859375,110.859375,15498.0
2024-02-09 02:00:00+00:00,110.90625,110.9375,110.890625,110.90625,11395.0
2024-02-09 03:00:00+00:00,110.875,110.921875,110.84375,110.90625,10604.0
2024-02-09 04:00:00+00:00,110.84375,110.890625,110.84375,110.875,7763.0
2024-02-09 05:00:00+00:00,110.859375,110.875,110.84375,110.84375,3055.0
2024-02-09 06:00:00+00:00,110.84375,110.875,110.8125,110.859375,10870.0
2024-02-09 07:00:00+00:00,110.765625,110.859375,110.75,110.84375,26636.0
2024-02-09 08:00:00+00:00,110.765625,110.796875,110.6875,110.765625,53125.0
2024-02-09 09:00:00+00:00,110.703125,110.796875,110.703125,110.75,35263.0
2024-02-09 10:00:00+00:00,110.71875,110.765625,110.703125,110.71875,26119.0
2024-02-09 11:00:00+00:00,110.734375,110.78125,110.703125,110.75,36137.0
2024-02-09 12:00:00+00:00,110.625,110.75,110.609375,110.734375,86875.0
2024-02-09 13:00:00+00:00,110.6875,111.03125,110.625,110.625,412570.0
2024-02-09 14:00:00+00:00,110.640625,110.78125,110.5,110.6875,242957.0
2024-02-09 15:00:00+00:00,110.5625,110.6875,110.546875,110.640625,105947.0
2024-02-09 16:00:00+00:00,110.546875,110.640625,110.515625,110.5625,106445.0
2024-02-09 17:00:00+00:00,110.59375,110.609375,110.515625,110.546875,63396.0
2024-02-09 18:00:00+00:00,110.59375,110.640625,110.578125,110.59375,50480.0
2024-02-09 19:00:00+00:00,110.578125,110.625,110.5625,110.609375,68478.0
2024-02-09 20:00:00+00:00,110.65625,110.671875,110.578125,110.578125,75618.0
2024-02-09 21:00:00+00:00,110.65625,110.6875,110.640625,110.65625,45505.0
2024-02-11 23:00:00+00:00,110.71875,110.734375,110.640625,110.640625,10592.0
2024-02-12 00:00:00+00:00,110.71875,110.71875,110.6875,110.71875,4153.0
2024-02-12 01:00:00+00:00,110.703125,110.71875,110.671875,110.71875,4488.0
2024-02-12 02:00:00+00:00,110.71875,110.71875,110.6875,110.703125,5329.0
2024-02-12 03:00:00+00:00,110.734375,110.75,110.71875,110.71875,4346.0
2024-02-12 04:00:00+00:00,110.71875,110.734375,110.71875,110.71875,3668.0
2024-02-12 05:00:00+00:00,110.65625,110.734375,110.65625,110.71875,9984.0
2024-02-12 06:00:00+00:00,110.6875,110.6875,110.640625,110.671875,4720.0
2024-02-12 07:00:00+00:00,110.796875,110.828125,110.65625,110.671875,47352.0
2024-02-12 08:00:00+00:00,110.671875,110.828125,110.671875,110.796875,41467.0
2024-02-12 09:00:00+00:00,110.6875,110.6875,110.59375,110.60900115966797,38370.0
2024-02-12 10:00:00+00:00,110.75,110.765625,110.671875,110.6875,27017.0
2024-02-12 11:00:00+00:00,110.828125,110.828125,110.734375,110.75,35255.0
2024-02-12 12:00:00+00:00,110.828125,110.84375,110.78125,110.8125,49444.0
2024-02-12 13:00:00+00:00,110.71875,110.875,110.703125,110.828125,110465.0
2024-02-12 14:00:00+00:00,110.671875,110.765625,110.65625,110.703125,89949.0
2024-02-12 15:00:00+00:00,110.578125,110.703125,110.5625,110.671875,92943.0
2024-02-12 16:00:00+00:00,110.65625,110.671875,110.546875,110.5625,95477.0
2024-02-12 17:00:00+00:00,110.75,110.75,110.640625,110.640625,65250.0
2024-02-12 18:00:00+00:00,110.8125,110.8125,110.703125,110.734375,51020.0
2024-02-12 19:00:00+00:00,110.703125,110.828125,110.6875,110.796875,95438.0
2024-02-12 20:00:00+00:00,110.703125,110.765625,110.6875,110.71875,89233.0
2024-02-12 21:00:00+00:00,110.640625,110.71875,110.625,110.703125,0.0
2024-02-12 23:00:00+00:00,110.65625,110.671875,110.625,110.671875,4283.0
2024-02-13 00:00:00+00:00,110.703125,110.71875,110.609375,110.65625,25276.0
2024-02-13 01:00:00+00:00,110.703125,110.734375,110.6875,110.703125,9930.0
2024-02-13 02:00:00+00:00,110.65625,110.703125,110.65625,110.6875,7178.0
2024-02-13 03:00:00+00:00,110.609375,110.671875,110.59375,110.65625,11777.0
2024-02-13 04:00:00+00:00,110.65625,110.65625,110.609375,110.625,6644.0
2024-02-13 05:00:00+00:00,110.640625,110.671875,110.640625,110.640625,6807.0
2024-02-13 06:00:00+00:00,110.671875,110.703125,110.640625,110.640625,6880.0
2024-02-13 07:00:00+00:00,110.640625,110.6875,110.578125,110.671875,34143.0
2024-02-13 08:00:00+00:00,110.671875,110.6719970703125,110.578125,110.640625,38284.0
2024-02-13 09:00:00+00:00,110.640625,110.6875,110.625,110.671875,19687.0
2024-02-13 10:00:00+00:00,110.6875,110.71875,110.640625,110.65625,38211.0
2024-02-13 11:00:00+00:00,110.734375,110.765625,110.7030029296875,110.7030029296875,41967.0
2024-02-13 12:00:00+00:00,110.765625,110.796875,110.703125,110.734375,74105.0
2024-02-13 13:00:00+00:00,109.921875,111.21875,109.734375,110.78125,756191.0
2024-02-13 14:00:00+00:00,109.953125,110.0625,109.84375,109.921875,358162.0
2024-02-13 15:00:00+00:00,109.875,109.984375,109.875,109.96875,189790.0
2024-02-13 16:00:00+00:00,109.890625,109.9375,109.84375,109.875,135661.0
2024-02-13 17:00:00+00:00,109.859375,109.90625,109.796875,109.890625,104339.0
2024-02-13 18:00:00+00:00,109.796875,109.859375,109.78125,109.859375,102068.0
2024-02-13 19:00:00+00:00,109.609375,109.796875,109.609375,109.796875,205135.0
2024-02-13 20:00:00+00:00,109.625,109.6875,109.609375,109.625,131660.0
2024-02-13 21:00:00+00:00,109.609375,109.65625,109.53125,109.640625,0.0
2024-02-13 23:00:00+00:00,109.546875,109.640625,109.546875,109.640625,18052.0
2024-02-14 00:00:00+00:00,109.5625,109.609375,109.53125,109.546875,16525.0
2024-02-14 01:00:00+00:00,109.671875,109.6875,109.515625,109.5625,38761.0
2024-02-14 02:00:00+00:00,109.65625,109.71875,109.609375,109.671875,28765.0
2024-02-14 03:00:00+00:00,109.6875,109.703125,109.65625,109.65625,17695.0
2024-02-14 04:00:00+00:00,109.703125,109.734375,109.65625,109.6875,15765.0
2024-02-14 05:00:00+00:00,109.75,109.765625,109.671875,109.703125,23250.0
2024-02-14 06:00:00+00:00,109.78125,109.796875,109.6875,109.75,24240.0
2024-02-14 07:00:00+00:00,109.828125,109.890625,109.78125,109.78125,80704.0
2024-02-14 08:00:00+00:00,109.828125,109.890625,109.796875,109.8125,52065.0
2024-02-14 09:00:00+00:00,109.84375,109.859375,109.78125,109.828125,42524.0
2024-02-14 10:00:00+00:00,109.859375,109.875,109.765625,109.84375,41393.0
2024-02-14 11:00:00+00:00,109.828125,109.875,109.765625,109.859375,51639.0
2024-02-14 12:00:00+00:00,109.75,109.875,109.703125,109.8125,73369.0
2024-02-14 13:00:00+00:00,109.640625,109.828125,109.609375,109.75,170095.0
2024-02-14 14:00:00+00:00,109.796875,109.875,109.640625,109.640625,243762.0
2024-02-14 15:00:00+00:00,109.875,109.90625,109.75,109.796875,162665.0
2024-02-14 16:00:00+00:00,110.03125,110.03125,109.84375,109.875,143078.0
2024-02-14 17:00:00+00:00,110.09375,110.125,109.953125,110.015625,150756.0
2024-02-14 18:00:00+00:00,110.0625,110.15625,110.046875,110.109375,121104.0
2024-02-14 19:00:00+00:00,110.0,110.09375,110.0,110.046875,131978.0
2024-02-14 20:00:00+00:00,110.0,110.046875,109.953125,110.0,126715.0
2024-02-14 21:00:00+00:00,110.046875,110.0625,109.953125,110.0,0.0
2024-02-14 23:00:00+00:00,110.078125,110.09375,110.015625,110.0625,11465.0
2024-02-15 00:00:00+00:00,110.203125,110.203125,110.0625,110.0625,32314.0
2024-02-15 01:00:00+00:00,110.203125,110.234375,110.171875,110.203125,22442.0
2024-02-15 02:00:00+00:00,110.21875,110.234375,110.171875,110.203125,10863.0
2024-02-15 03:00:00+00:00,110.15625,110.21875,110.15625,110.21875,20900.0
2024-02-15 04:00:00+00:00,110.140625,110.171875,110.140625,110.171875,10407.0
2024-02-15 05:00:00+00:00,110.171875,110.203125,110.15625,110.171875,13820.0
2024-02-15 06:00:00+00:00,110.15625,110.1875,110.109375,110.171875,21117.0
2024-02-15 07:00:00+00:00,110.203125,110.21875,110.109375,110.15625,35177.0
2024-02-15 08:00:00+00:00,110.21875,110.3125,110.171875,110.203125,76997.0
2024-02-15 09:00:00+00:00,110.234375,110.25,110.1875,110.21875,40096.0
2024-02-15 10:00:00+00:00,110.21875,110.265625,110.2030029296875,110.234375,28886.0
2024-02-15 11:00:00+00:00,110.21875,110.25,110.203125,110.21875,31892.0
2024-02-15 12:00:00+00:00,110.234375,110.28125,110.21875,110.21875,45050.0
2024-02-15 13:00:00+00:00,110.46875,110.546875,110.203125,110.21875,399545.0
2024-02-15 14:00:00+00:00,110.34375,110.453125,110.296875,110.453125,222530.0
2024-02-15 15:00:00+00:00,110.203125,110.40625,110.1875,110.34375,185474.0
2024-02-15 16:00:00+00:00,110.09375,110.203125,110.046875,110.1875,168644.0
2024-02-15 17:00:00+00:00,110.125,110.21875,110.09375,110.09375,123241.0
2024-02-15 18:00:00+00:00,110.234375,110.265625,110.125,110.125,66474.0
2024-02-15 19:00:00+00:00,110.171875,110.265625,110.171875,110.25,112902.0
2024-02-15 20:00:00+00:00,110.203125,110.203125,110.125,110.171875,112896.0
2024-02-15 21:00:00+00:00,110.203125,110.203125,110.125,110.203125,0.0
2024-02-15 23:00:00+00:00,110.140625,110.234375,110.140625,110.203125,9970.0
2024-02-16 00:00:00+00:00,110.0625,110.171875,110.046875,110.140625,22829.0
2024-02-16 01:00:00+00:00,110.078125,110.09375,110.015625,110.0625,20474.0
2024-02-16 02:00:00+00:00,110.03125,110.078125,110.03125,110.078125,8415.0
2024-02-16 03:00:00+00:00,110.015625,110.0625,110.015625,110.03125,5757.0
2024-02-16 04:00:00+00:00,110.015625,110.046875,110.015625,110.03125,7038.0
2024-02-16 05:00:00+00:00,110.015625,110.03125,110.0,110.03125,10200.0
2024-02-16 06:00:00+00:00,110.0,110.015625,109.96875,110.015625,12381.0
2024-02-16 07:00:00+00:00,109.921875,110.0,109.921875,110.0,44669.0
2024-02-16 08:00:00+00:00,109.93800354003906,109.96875,109.875,109.9375,56743.0
2024-02-16 09:00:00+00:00,109.9375,109.984375,109.90625,109.9375,35176.0
2024-02-16 10:00:00+00:00,109.9375,109.96875,109.921875,109.9375,16774.0
2024-02-16 11:00:00+00:00,109.984375,110.015625,109.921875,109.9375,45933.0
2024-02-16 12:00:00+00:00,109.875,110.0,109.875,109.96875,77777.0
2024-02-16 13:00:00+00:00,109.609375,109.90625,109.46875,109.875,415369.0
2024-02-16 14:00:00+00:00,109.671875,109.71875,109.53125,109.609375,213388.0
2024-02-16 15:00:00+00:00,109.703125,109.796875,109.625,109.6875,256357.0
2024-02-16 16:00:00+00:00,109.59375,109.734375,109.578125,109.703125,130816.0
2024-02-16 17:00:00+00:00,109.703125,109.71875,109.578125,109.609375,67198.0
2024-02-16 18:00:00+00:00,109.71875,109.765625,109.703125,109.71875,76917.0
2024-02-16 19:00:00+00:00,109.734375,109.78125,109.71875,109.71875,140809.0
2024-02-16 20:00:00+00:00,109.75,109.765625,109.703125,109.75,71637.0
2024-02-16 21:00:00+00:00,109.8125,109.859375,109.75,109.75,56043.0
2024-02-18 23:00:00+00:00,109.765625,109.828125,109.71875,109.796875,13812.0
2024-02-19 00:00:00+00:00,109.8125,109.828125,109.75,109.75,10002.0
2024-02-19 01:00:00+00:00,109.796875,109.84375,109.796875,109.8125,11879.0
2024-02-19 02:00:00+00:00,109.796875,109.8125,109.796875,109.796875,2780.0
2024-02-19 03:00:00+00:00,109.78125,109.8125,109.78125,109.796875,2720.0
2024-02-19 04:00:00+00:00,109.796875,109.796875,109.765625,109.78125,5574.0
2024-02-20 05:00:00+00:00,109.703125,109.75,109.703125,109.734375,9753.0
2024-02-20 06:00:00+00:00,109.703125,109.75,109.6875,109.71875,11986.0
2024-02-20 07:00:00+00:00,109.78125,109.8125,109.6875,109.71875,41329.0
2024-02-20 08:00:00+00:00,109.84375,109.875,109.75,109.796875,51559.0
2024-02-20 09:00:00+00:00,109.875,109.890625,109.828125,109.84375,48167.0
2024-02-20 10:00:00+00:00,109.890625,109.953125,109.859375,109.875,46668.0
2024-02-20 11:00:00+00:00,109.859375,109.921875,109.859375,109.890625,26615.0
2024-02-20 12:00:00+00:00,109.921875,109.96875,109.859375,109.875,54607.0
2024-02-20 13:00:00+00:00,109.921875,109.96875,109.828125,109.921875,201314.0
2024-02-20 14:00:00+00:00,110.03125,110.046875,109.859375,109.921875,205424.0
2024-02-20 15:00:00+00:00,110.109375,110.15625,110.015625,110.046875,169135.0
2024-02-20 16:00:00+00:00,110.09375,110.125,110.0625,110.09375,82417.0
2024-02-20 17:00:00+00:00,110.078125,110.125,110.03125,110.09375,66922.0
2024-02-20 18:00:00+00:00,110.046875,110.09375,110.0,110.0625,62816.0
2024-02-20 19:00:00+00:00,109.9375,110.078125,109.921875,110.046875,218847.0
2024-02-20 20:00:00+00:00,109.953125,109.96875,109.9375,109.953125,88293.0
2024-02-20 21:00:00+00:00,109.921875,109.96875,109.90625,109.953125,0.0
2024-02-20 23:00:00+00:00,109.90625,109.9375,109.890625,109.9375,6821.0
2024-02-21 00:00:00+00:00,109.84375,109.890625,109.84375,109.890625,14989.0
2024-02-21 01:00:00+00:00,109.90625,109.90625,109.84375,109.84375,16178.0
2024-02-21 02:00:00+00:00,109.953125,109.96875,109.90625,109.921875,54802.0
2024-02-21 03:00:00+00:00,109.984375,109.984375,109.9375,109.953125,10738.0
2024-02-21 04:00:00+00:00,109.984375,110.0,109.96875,109.984375,4655.0
2024-02-21 05:00:00+00:00,109.984375,110.0,109.96875,109.984375,9369.0
2024-02-21 06:00:00+00:00,109.953125,110.0,109.9375,110.0,12652.0
2024-02-21 07:00:00+00:00,109.9375,109.96875,109.90625,109.953125,39265.0
2024-02-21 08:00:00+00:00,109.96875,109.96900177001953,109.890625,109.9375,56975.0
2024-02-21 09:00:00+00:00,110.0,110.015625,109.9375,109.953125,41757.0
2024-02-21 10:00:00+00:00,110.0625,110.078125,109.984375,109.984375,40776.0
2024-02-21 11:00:00+00:00,110.015625,110.0625,110.0,110.046875,44463.0
2024-02-21 12:00:00+00:00,110.03125,110.125,110.0,110.03125,82564.0
2024-02-21 13:00:00+00:00,109.96875,110.0625,109.9375,110.03125,140093.0
2024-02-21 14:00:00+00:00,109.953125,110.0625,109.953125,109.96875,293328.0
2024-02-21 15:00:00+00:00,109.796875,110.015625,109.796875,109.953125,184193.0
2024-02-21 16:00:00+00:00,109.765625,109.84375,109.765625,109.8125,122047.0
2024-02-21 17:00:00+00:00,109.734375,109.78125,109.6875,109.765625,161689.0
2024-02-21 18:00:00+00:00,109.65625,109.765625,109.578125,109.734375,305913.0
2024-02-21 19:00:00+00:00,109.625,109.734375,109.5625,109.65625,201064.0
2024-02-21 20:00:00+00:00,109.640625,109.6875,109.625,109.625,233684.0
2024-02-21 21:00:00+00:00,109.625,109.6875,109.59375,109.640625,0.0
2024-02-21 23:00:00+00:00,109.609375,109.640625,109.578125,109.640625,20011.0
2024-02-22 00:00:00+00:00,109.65625,109.6875,109.578125,109.609375,26822.0
2024-02-22 01:00:00+00:00,109.703125,109.71875,109.640625,109.65625,23314.0
2024-02-22 02:00:00+00:00,109.71875,109.734375,109.65625,109.703125,14741.0
2024-02-22 03:00:00+00:00,109.734375,109.75,109.703125,109.71875,56497.0
2024-02-22 04:00:00+00:00,109.703125,109.734375,109.6875,109.71875,22560.0
2024-02-22 05:00:00+00:00,109.71875,109.71875,109.6875,109.703125,5489.0
2024-02-22 06:00:00+00:00,109.703125,109.75,109.6875,109.71875,10790.0
2024-02-22 07:00:00+00:00,109.6875,109.71875,109.65625,109.703125,57479.0
2024-02-22 08:00:00+00:00,109.640625,109.703125,109.578125,109.6875,154608.0
2024-02-22 09:00:00+00:00,109.703125,109.734375,109.578125,109.640625,88307.0
2024-02-22 10:00:00+00:00,109.703125,109.71875,109.65625,109.703125,39717.0
2024-02-22 11:00:00+00:00,109.640625,109.703125,109.640625,109.68800354003906,129476.0
2024-02-22 12:00:00+00:00,109.484375,109.671875,109.484375,109.640625,213482.0
2024-02-22 13:00:00+00:00,109.453125,109.53125,109.3125,109.5,337006.0
2024-02-22 14:00:00+00:00,109.65625,109.75,109.4375,109.46875,695931.0
2024-02-22 15:00:00+00:00,109.59375,109.671875,109.515625,109.671875,658126.0
2024-02-22 16:00:00+00:00,109.453125,109.625,109.453125,109.59375,377547.0
2024-02-22 17:00:00+00:00,109.46875,109.5,109.4375,109.453125,402454.0
2024-02-22 18:00:00+00:00,109.5,109.53125,109.375,109.453125,362350.0
2024-02-22 19:00:00+00:00,109.484375,109.625,109.46875,109.515625,170874.0
2024-02-22 20:00:00+00:00,109.546875,109.546875,109.390625,109.484375,327179.0
2024-02-22 21:00:00+00:00,109.515625,109.546875,109.453125,109.546875,0.0
2024-02-22 23:00:00+00:00,109.515625,109.59375,109.515625,109.53125,10593.0
2024-02-23 00:00:00+00:00,109.453125,109.59375,109.40625,109.53125,40722.0
2024-02-23 01:00:00+00:00,109.375,109.515625,109.359375,109.46875,58927.0
2024-02-23 02:00:00+00:00,109.375,109.40625,109.359375,109.375,26782.0
2024-02-23 03:00:00+00:00,109.34375,109.375,109.34375,109.359375,12489.0
2024-02-23 04:00:00+00:00,109.359375,109.359375,109.328125,109.34375,5942.0
2024-02-23 05:00:00+00:00,109.328125,109.359375,109.3125,109.34375,9427.0
2024-02-23 06:00:00+00:00,109.375,109.390625,109.28125,109.3125,50156.0
2024-02-23 07:00:00+00:00,109.453125,109.46875,109.328125,109.375,36516.0
2024-02-23 08:00:00+00:00,109.34375,109.453125,109.296875,109.4375,103237.0
2024-02-23 09:00:00+00:00,109.359375,109.359375,109.296875,109.34375,58165.0
2024-02-23 10:00:00+00:00,109.359375,109.375,109.3125,109.34375,48437.0
2024-02-23 11:00:00+00:00,109.421875,109.421875,109.328125,109.359375,75842.0
2024-02-23 12:00:00+00:00,109.59375,109.625,109.40625,109.4375,296729.0
2024-02-23 13:00:00+00:00,109.453125,109.609375,109.4375,109.59375,559226.0
2024-02-23 14:00:00+00:00,109.671875,109.6875,109.453125,109.453125,559048.0
2024-02-23 15:00:00+00:00,109.65625,109.6875,109.59375,109.671875,363683.0
2024-02-23 16:00:00+00:00,109.90625,109.921875,109.65625,109.65625,553273.0
2024-02-23 17:00:00+00:00,109.90625,109.953125,109.859375,109.890625,436312.0
2024-02-23 18:00:00+00:00,109.953125,109.96875,109.875,109.890625,216243.0
2024-02-23 19:00:00+00:00,109.859375,109.953125,109.84375,109.953125,212839.0
2024-02-23 20:00:00+00:00,109.90625,109.90625,109.84375,109.875,187555.0
2024-02-23 21:00:00+00:00,109.921875,109.953125,109.890625,109.890625,223278.0
2024-02-25 23:00:00+00:00,109.859375,109.875,109.8125,109.828125,19894.0
2024-02-26 00:00:00+00:00,110.03125,110.0625,109.84375,109.859375,62315.0
2024-02-26 01:00:00+00:00,110.0625,110.078125,110.015625,110.03125,26332.0
2024-02-26 02:00:00+00:00,110.0,110.0625,109.984375,110.0625,17516.0
2024-02-26 03:00:00+00:00,110.015625,110.03125,110.0,110.0,8272.0
2024-02-26 04:00:00+00:00,110.015625,110.046875,110.015625,110.015625,10871.0
2024-02-26 05:00:00+00:00,110.03125,110.0625,110.015625,110.015625,22766.0
2024-02-26 06:00:00+00:00,110.09375,110.109375,110.03125,110.046875,27268.0
2024-02-26 07:00:00+00:00,110.046875,110.125,110.03125,110.09375,35765.0
2024-02-26 08:00:00+00:00,109.984375,110.09375,109.96875,110.046875,103713.0
2024-02-26 09:00:00+00:00,110.0,110.015625,109.953125,109.984375,74737.0
2024-02-26 10:00:00+00:00,109.9375,110.015625,109.921875,110.0,59878.0
2024-02-26 11:00:00+00:00,109.921875,109.953125,109.90625,109.9219970703125,580277.0
2024-02-26 12:00:00+00:00,109.90625,110.03125,109.90625,109.921875,238007.0
2024-02-26 13:00:00+00:00,109.9375,110.015625,109.890625,109.921875,510740.0
2024-02-26 14:00:00+00:00,109.828125,109.9375,109.796875,109.9375,897251.0
2024-02-26 15:00:00+00:00,109.71875,109.84375,109.6875,109.84375,806617.0
2024-02-26 16:00:00+00:00,109.65625,109.765625,109.640625,109.71875,380591.0
2024-02-26 17:00:00+00:00,109.609375,109.671875,109.59375,109.671875,306170.0
2024-02-26 18:00:00+00:00,109.625,109.625,109.5,109.59375,435395.0
2024-02-26 19:00:00+00:00,109.59375,109.640625,109.5625,109.625,236732.0
2024-02-26 20:00:00+00:00,109.71875,109.734375,109.59375,109.609375,272293.0
2024-02-26 21:00:00+00:00,109.703125,109.75,109.6875,109.71875,0.0
2024-02-26 23:00:00+00:00,109.6875,109.734375,109.65625,109.71875,10190.0
2024-02-27 00:00:00+00:00,109.734375,109.765625,109.65625,109.6875,81978.0
2024-02-27 01:00:00+00:00,109.765625,109.796875,109.734375,109.734375,17289.0
2024-02-27 02:00:00+00:00,109.75,109.765625,109.734375,109.765625,8914.0
2024-02-27 03:00:00+00:00,109.734375,109.765625,109.734375,109.765625,5071.0
2024-02-27 04:00:00+00:00,109.734375,109.75,109.734375,109.75,7407.0
2024-02-27 05:00:00+00:00,109.703125,109.75,109.6875,109.734375,13430.0
2024-02-27 06:00:00+00:00,109.671875,109.703125,109.640625,109.703125,23607.0
2024-02-27 07:00:00+00:00,109.765625,109.78125,109.640625,109.65625,32148.0
2024-02-27 08:00:00+00:00,109.796875,109.875,109.765625,109.78125,62384.0
2024-02-27 09:00:00+00:00,109.8125,109.828125,109.734375,109.7969970703125,88302.0
2024-02-27 10:00:00+00:00,109.78125,109.84375,109.765625,109.8125,145476.0
2024-02-27 11:00:00+00:00,109.765625,109.8125,109.734375,109.78125,47107.0
2024-02-27 12:00:00+00:00,109.8125,109.84375,109.765625,109.765625,95708.0
2024-02-27 13:00:00+00:00,109.703125,109.875,109.625,109.8125,318719.0
2024-02-27 14:00:00+00:00,109.640625,109.703125,109.59375,109.703125,171382.0
2024-02-27 15:00:00+00:00,109.6875,109.75,109.625,109.65625,489939.0
2024-02-27 16:00:00+00:00,109.6875,109.734375,109.65625,109.6875,118821.0
2024-02-27 17:00:00+00:00,109.59375,109.6875,109.578125,109.6875,87391.0
2024-02-27 18:00:00+00:00,109.640625,109.765625,109.578125,109.609375,126989.0
2024-02-27 19:00:00+00:00,109.53125,109.640625,109.46875,109.640625,277268.0
2024-02-27 20:00:00+00:00,109.546875,109.578125,109.515625,109.515625,90972.0
2024-02-27 21:00:00+00:00,109.59375,109.59375,109.53125,109.546875,58987.0
2024-02-27 23:00:00+00:00,109.5625,109.59375,109.546875,109.578125,0.0
2024-02-28 00:00:00+00:00,109.59375,109.65625,109.578125,109.578125,6500.0
2024-02-28 01:00:00+00:00,109.6875,109.71875,109.59375,109.59375,6913.0
2024-02-28 02:00:00+00:00,109.671875,109.703125,109.65625,109.671875,2818.0
2024-02-28 03:00:00+00:00,109.6875,109.6875,109.65625,109.65625,2117.0
2024-02-28 04:00:00+00:00,109.65625,109.671875,109.65625,109.671875,1888.0
2024-02-28 05:00:00+00:00,109.6875,109.6875,109.640625,109.65625,2272.0
2024-02-28 06:00:00+00:00,109.671875,109.75,109.65625,109.6875,6263.0
2024-02-28 07:00:00+00:00,109.625,109.6875,109.59375,109.671875,9196.0
2024-02-28 08:00:00+00:00,109.640625,109.703125,109.625,109.625,27533.0
2024-02-28 09:00:00+00:00,110.140625,110.234375,109.59375,109.640625,189567.0
2024-02-28 10:00:00+00:00,110.1875,110.21875,109.640625,109.640625,49483.0
2024-02-28 11:00:00+00:00,110.25,110.28125,109.65625,110.2030029296875,33734.0
2024-02-28 12:00:00+00:00,110.234375,110.28125,109.6875,110.234375,60403.0
2024-02-28 13:00:00+00:00,110.203125,110.34375,109.65625,110.234375,254104.0
2024-02-28 14:00:00+00:00,110.15625,110.203125,109.578125,110.1875,234085.0
2024-02-28 15:00:00+00:00,109.65625,110.234375,109.625,109.625,0.0
2024-02-28 16:00:00+00:00,110.21875,110.234375,109.640625,109.640625,868066.0
2024-02-28 17:00:00+00:00,110.265625,110.265625,109.671875,110.21875,93220.0
2024-02-28 18:00:00+00:00,110.265625,110.28125,109.703125,109.734375,80211.0
2024-02-28 19:00:00+00:00,110.34375,110.34375,109.734375,110.265625,142444.0
2024-02-28 20:00:00+00:00,110.390625,110.40625,109.796875,110.34375,184380.0
2024-02-28 21:00:00+00:00,110.40625,110.421875,109.84375,110.40625,0.0
2024-02-28 23:00:00+00:00,110.390625,110.4375,109.828125,110.390625,15021.0
2024-02-29 00:00:00+00:00,110.359375,110.421875,109.828125,110.40625,13684.0
2024-02-29 01:00:00+00:00,110.3125,110.375,109.78125,109.828125,16351.0
2024-02-29 02:00:00+00:00,109.796875,110.34375,109.765625,110.3125,0.0
2024-02-29 03:00:00+00:00,110.328125,110.34375,109.78125,110.328125,71110.0
2024-02-29 04:00:00+00:00,110.328125,110.359375,109.796875,110.328125,6490.0
2024-02-29 05:00:00+00:00,110.3125,110.34375,109.765625,110.34375,15392.0
2024-02-29 06:00:00+00:00,110.328125,110.34375,109.78125,109.796875,14800.0
2024-02-29 07:00:00+00:00,110.375,110.375,109.78125,110.328125,50673.0
2024-02-29 08:00:00+00:00,110.359375,110.359375,109.75,110.359375,51656.0
2024-02-29 09:00:00+00:00,110.125,110.265625,109.609375,110.23400115966797,69734.0
2024-02-29 10:00:00+00:00,110.0625,110.140625,109.53125,110.125,61863.0
2024-02-29 11:00:00+00:00,110.109375,110.125,109.5625,110.09400177001953,42743.0
2024-02-29 12:00:00+00:00,110.0625,110.15625,109.53125,110.125,85626.0
2024-02-29 13:00:00+00:00,110.40625,110.421875,109.5,110.0625,386562.0
2024-02-29 14:00:00+00:00,110.578125,110.59375,109.859375,110.40625,296343.0
2024-02-29 15:00:00+00:00,110.625,110.640625,109.984375,110.578125,233350.0
2024-02-29 16:00:00+00:00,110.59375,110.65625,110.015625,110.625,186822.0
2024-02-29 17:00:00+00:00,110.46875,110.59375,109.953125,110.59375,119603.0
2024-02-29 18:00:00+00:00,110.578125,110.578125,109.921875,110.484375,93380.0
2024-02-29 19:00:00+00:00,110.4375,110.578125,109.90625,110.5625,309245.0
2024-02-29 20:00:00+00:00,110.515625,110.515625,109.921875,110.4375,532767.0
2024-02-29 21:00:00+00:00,110.484375,110.515625,109.828125,110.5,0.0
2024-02-29 23:00:00+00:00,110.4375,110.484375,109.953125,110.46875,18425.0
2024-03-01 00:00:00+00:00,110.390625,110.453125,109.875,110.453125,29428.0
2024-03-01 01:00:00+00:00,110.390625,110.40625,109.890625,110.390625,19009.0
2024-03-01 02:00:00+00:00,110.421875,110.4375,109.875,110.390625,8789.0
2024-03-01 03:00:00+00:00,110.515625,110.53125,109.96875,110.421875,24952.0
2024-03-01 04:00:00+00:00,110.46875,110.53125,109.984375,110.53125,8712.0
2024-03-01 05:00:00+00:00,110.4375,110.484375,109.9375,110.484375,13306.0
2024-03-01 06:00:00+00:00,110.421875,110.4375,109.921875,110.4375,5505.0
2024-03-01 07:00:00+00:00,110.40625,110.4375,109.890625,110.4375,33574.0
2024-03-01 08:00:00+00:00,110.296875,110.421875,109.75,110.390625,69724.0
2024-03-01 09:00:00+00:00,110.40625,110.453125,109.859375,110.4219970703125,77912.0
2024-03-01 10:00:00+00:00,110.640625,110.71875,109.875,109.875,115508.0
2024-03-01 11:00:00+00:00,110.140625,110.734375,110.078125,110.625,0.0
2024-03-01 12:00:00+00:00,110.53125,110.65625,110.015625,110.140625,552907.0
2024-03-01 13:00:00+00:00,110.34375,110.53125,109.8125,110.53125,246225.0
2024-03-01 14:00:00+00:00,110.234375,110.4375,109.671875,110.34375,233662.0
2024-03-01 15:00:00+00:00,110.96875,110.984375,109.796875,110.25,659662.0
2024-03-01 16:00:00+00:00,110.8125,111.015625,110.25,110.96875,220725.0
2024-03-01 17:00:00+00:00,110.875,110.921875,110.265625,110.796875,93605.0
2024-03-01 18:00:00+00:00,110.96875,111.015625,110.3125,110.875,141615.0
2024-03-01 19:00:00+00:00,111.0,111.0625,110.421875,110.96875,114646.0
2024-03-01 20:00:00+00:00,110.984375,111.03125,110.96875,111.03125,155933.0
2024-03-01 21:00:00+00:00,111.03125,111.03125,110.96875,110.984375,82043.0
2024-03-03 23:00:00+00:00,110.9375,111.03125,110.921875,111.015625,13057.0
2024-03-04 00:00:00+00:00,110.921875,110.96875,110.90625,110.9375,16210.0
2024-03-04 01:00:00+00:00,110.921875,110.9375,110.875,110.9375,16257.0
2024-03-04 02:00:00+00:00,110.953125,110.953125,110.90625,110.921875,8193.0
2024-03-04 03:00:00+00:00,110.90625,110.953125,110.859375,110.953125,14266.0
2024-03-04 04:00:00+00:00,110.921875,110.9375,110.890625,110.90625,3259.0
2024-03-04 05:00:00+00:00,110.890625,110.921875,110.875,110.921875,5501.0
2024-03-04 06:00:00+00:00,110.84375,110.90625,110.8125,110.890625,25561.0
2024-03-04 07:00:00+00:00,110.875,110.890625,110.8125,110.84375,25904.0
2024-03-04 08:00:00+00:00,110.796875,110.9375,110.765625,110.875,66371.0
2024-03-04 09:00:00+00:00,110.921875,110.921875,110.765625,110.78125,40886.0
2024-03-04 10:00:00+00:00,110.875,110.9375,110.828125,110.90625,35445.0
2024-03-04 11:00:00+00:00,110.84375,110.875,110.8125,110.85900115966797,43483.0
2024-03-04 12:00:00+00:00,110.84375,110.90625,110.828125,110.84375,60574.0
2024-03-04 13:00:00+00:00,110.75,110.84375,110.65625,110.828125,155319.0
2024-03-04 14:00:00+00:00,110.859375,110.890625,110.671875,110.75,126615.0
2024-03-04 15:00:00+00:00,110.75,110.875,110.6875,110.84375,129602.0
2024-03-04 16:00:00+00:00,110.796875,110.796875,110.703125,110.75,99575.0
2024-03-04 17:00:00+00:00,110.6875,110.8125,110.6875,110.796875,80003.0
2024-03-04 18:00:00+00:00,110.703125,110.734375,110.6875,110.703125,34503.0
2024-03-04 19:00:00+00:00,110.734375,110.78125,110.703125,110.71875,91390.0
2024-03-04 20:00:00+00:00,110.765625,110.796875,110.703125,110.75,114137.0
2024-03-04 21:00:00+00:00,110.796875,110.796875,110.75,110.78125,55797.0
2024-03-04 23:00:00+00:00,110.75,110.796875,110.71875,110.796875,0.0
2024-03-05 00:00:00+00:00,110.78125,110.828125,110.75,110.75,12610.0
2024-03-05 01:00:00+00:00,110.734375,110.796875,110.734375,110.78125,13427.0
2024-03-05 02:00:00+00:00,110.75,110.765625,110.734375,110.734375,8218.0
2024-03-05 03:00:00+00:00,110.765625,110.796875,110.734375,110.734375,6830.0
2024-03-05 04:00:00+00:00,110.8125,110.828125,110.765625,110.78125,6513.0
2024-03-05 05:00:00+00:00,110.8125,110.84375,110.796875,110.8125,7273.0
2024-03-05 06:00:00+00:00,110.8125,110.828125,110.796875,110.828125,12453.0
2024-03-05 07:00:00+00:00,110.9375,110.953125,110.796875,110.8125,45926.0
2024-03-05 08:00:00+00:00,110.90625,111.0,110.890625,110.9375,61533.0
2024-03-05 09:00:00+00:00,110.9375,110.96875,110.84375,110.890625,52280.0
2024-03-05 10:00:00+00:00,110.953125,110.96875,110.921875,110.9375,44389.0
2024-03-05 11:00:00+00:00,110.96875,111.015625,110.953125,110.96900177001953,41889.0
2024-03-05 12:00:00+00:00,110.953125,111.0,110.9375,110.96875,72503.0
2024-03-05 13:00:00+00:00,111.125,111.203125,110.96875,110.96875,233915.0
2024-03-05 14:00:00+00:00,111.09375,111.21875,111.078125,111.140625,178659.0
2024-03-05 15:00:00+00:00,111.234375,111.46875,111.109375,111.109375,392342.0
2024-03-05 16:00:00+00:00,111.203125,111.25,111.171875,111.234375,117329.0
2024-03-05 17:00:00+00:00,111.203125,111.234375,111.15625,111.21875,86896.0
2024-03-05 18:00:00+00:00,111.25,111.265625,111.1875,111.1875,75362.0
2024-03-05 19:00:00+00:00,111.296875,111.3125,111.21875,111.265625,142568.0
2024-03-05 20:00:00+00:00,111.3125,111.328125,111.265625,111.28125,167553.0
2024-03-05 21:00:00+00:00,111.1875,111.3125,111.171875,111.296875,0.0
2024-03-05 23:00:00+00:00,111.203125,111.234375,111.171875,111.21875,12112.0
2024-03-06 00:00:00+00:00,111.125,111.203125,111.109375,111.203125,22081.0
2024-03-06 01:00:00+00:00,111.109375,111.15625,111.109375,111.125,16377.0
2024-03-06 02:00:00+00:00,111.203125,111.203125,111.109375,111.125,11467.0
2024-03-06 03:00:00+00:00,111.203125,111.21875,111.1875,111.203125,9182.0
2024-03-06 04:00:00+00:00,111.234375,111.234375,111.203125,111.203125,8111.0
2024-03-06 05:00:00+00:00,111.203125,111.234375,111.203125,111.234375,5078.0
2024-03-06 06:00:00+00:00,111.15625,111.203125,111.140625,111.203125,13455.0
2024-03-06 07:00:00+00:00,111.1875,111.265625,111.140625,111.171875,43369.0
2024-03-06 08:00:00+00:00,111.140625,111.234375,111.078125,111.203125,58149.0
2024-03-06 09:00:00+00:00,111.140625,111.140625,111.09375,111.125,33069.0
2024-03-06 10:00:00+00:00,111.140625,111.171875,111.109375,111.125,23219.0
2024-03-06 11:00:00+00:00,111.15625,111.171875,111.09375,111.15599822998047,27784.0
2024-03-06 12:00:00+00:00,111.25,111.265625,111.125,111.140625,50974.0
2024-03-06 13:00:00+00:00,111.421875,111.453125,111.21875,111.234375,369462.0
2024-03-06 14:00:00+00:00,111.53125,111.5625,111.390625,111.421875,229187.0
2024-03-06 15:00:00+00:00,111.515625,111.59375,111.40625,111.53125,310750.0
2024-03-06 16:00:00+00:00,111.625,111.71875,111.4375,111.515625,243283.0
2024-03-06 17:00:00+00:00,111.5625,111.65625,111.53125,111.609375,158198.0
2024-03-06 18:00:00+00:00,111.578125,111.65625,111.546875,111.546875,112113.0
2024-03-06 19:00:00+00:00,111.484375,111.59375,111.453125,111.578125,229975.0
2024-03-06 20:00:00+00:00,111.484375,111.5,111.421875,111.5,113176.0
2024-03-06 21:00:00+00:00,111.5,111.5,111.453125,111.484375,0.0
2024-03-06 23:00:00+00:00,111.484375,111.53125,111.46875,111.53125,11077.0
2024-03-07 00:00:00+00:00,111.421875,111.546875,111.421875,111.484375,28955.0
2024-03-07 01:00:00+00:00,111.375,111.453125,111.375,111.421875,27146.0
2024-03-07 02:00:00+00:00,111.390625,111.390625,111.359375,111.375,16952.0
2024-03-07 03:00:00+00:00,111.359375,111.40625,111.34375,111.390625,19819.0
2024-03-07 04:00:00+00:00,111.390625,111.40625,111.34375,111.359375,8194.0
2024-03-07 05:00:00+00:00,111.40625,111.40625,111.375,111.375,5152.0
2024-03-07 06:00:00+00:00,111.4375,111.453125,111.375,111.390625,14424.0
2024-03-07 07:00:00+00:00,111.46875,111.484375,111.40625,111.453125,29694.0
2024-03-07 08:00:00+00:00,111.46875,111.5,111.421875,111.46875,40862.0
2024-03-07 09:00:00+00:00,111.46875,111.484375,111.375,111.453125,42470.0
2024-03-07 10:00:00+00:00,111.5,111.53125,111.46875,111.46875,36722.0
2024-03-07 11:00:00+00:00,111.515625,111.546875,111.484375,111.51599884033203,23131.0
2024-03-07 12:00:00+00:00,111.546875,111.5625,111.453125,111.53125,42877.0
2024-03-07 13:00:00+00:00,111.765625,111.84375,111.546875,111.546875,307965.0
2024-03-07 14:00:00+00:00,111.515625,111.78125,111.484375,111.78125,285475.0
2024-03-07 15:00:00+00:00,111.484375,111.5625,111.4375,111.515625,169036.0
2024-03-07 16:00:00+00:00,111.46875,111.609375,111.421875,111.484375,152522.0
2024-03-07 17:00:00+00:00,111.46875,111.515625,111.421875,111.484375,118447.0
2024-03-07 18:00:00+00:00,111.515625,111.53125,111.453125,111.46875,91689.0
2024-03-07 19:00:00+00:00,111.640625,111.65625,111.46875,111.515625,125575.0
2024-03-07 20:00:00+00:00,111.640625,111.6875,111.609375,111.65625,147203.0
2024-03-07 21:00:00+00:00,111.6875,111.71875,111.640625,111.65625,0.0
2024-03-07 23:00:00+00:00,111.65625,111.703125,111.640625,111.6875,14221.0
2024-03-08 00:00:00+00:00,111.640625,111.71875,111.625,111.640625,19127.0
2024-03-08 01:00:00+00:00,111.625,111.65625,111.609375,111.65625,16101.0
2024-03-08 02:00:00+00:00,111.671875,111.671875,111.609375,111.625,9028.0
2024-03-08 03:00:00+00:00,111.6875,111.703125,111.640625,111.65625,7642.0
2024-03-08 04:00:00+00:00,111.71875,111.734375,111.671875,111.6875,5248.0
2024-03-08 05:00:00+00:00,111.75,111.75,111.703125,111.71875,10125.0
2024-03-08 06:00:00+00:00,111.71875,111.765625,111.6875,111.734375,18563.0
2024-03-08 07:00:00+00:00,111.75,111.796875,111.6875,111.734375,58470.0
2024-03-08 08:00:00+00:00,111.765625,111.765625,111.671875,111.75,53805.0
2024-03-08 09:00:00+00:00,111.796875,111.828125,111.734375,111.76599884033203,73594.0
2024-03-08 10:00:00+00:00,111.765625,111.796875,111.75,111.78125,33339.0
2024-03-08 11:00:00+00:00,111.8125,111.8125,111.765625,111.78125,45482.0
2024-03-08 12:00:00+00:00,111.796875,111.828125,111.75,111.8125,54034.0
2024-03-08 13:00:00+00:00,111.90625,112.140625,111.25,111.796875,610871.0
2024-03-08 14:00:00+00:00,111.84375,111.953125,111.71875,111.890625,320981.0
2024-03-08 15:00:00+00:00,111.8125,111.921875,111.765625,111.828125,124075.0
2024-03-08 16:00:00+00:00,111.75,111.8125,111.671875,111.796875,132653.0
2024-03-08 17:00:00+00:00,111.796875,111.796875,111.703125,111.75,94098.0
2024-03-08 18:00:00+00:00,111.765625,111.8125,111.71875,111.796875,85284.0
2024-03-08 19:00:00+00:00,111.75,111.765625,111.6875,111.765625,101447.0
2024-03-08 20:00:00+00:00,111.78125,111.78125,111.71875,111.734375,82468.0
2024-03-08 21:00:00+00:00,111.8125,111.84375,111.765625,111.78125,47590.0
2024-03-10 22:00:00+00:00,111.765625,111.796875,111.71875,111.78125,8181.0
2024-03-10 23:00:00+00:00,111.765625,111.796875,111.75,111.75,6581.0
2024-03-11 00:00:00+00:00,111.84375,111.84375,111.765625,111.78125,13618.0
2024-03-11 01:00:00+00:00,111.875,111.9375,111.828125,111.84375,27138.0
2024-03-11 02:00:00+00:00,111.84375,111.890625,111.84375,111.890625,11583.0
2024-03-11 03:00:00+00:00,111.875,111.875,111.84375,111.84375,3857.0
2024-03-11 04:00:00+00:00,111.84375,111.875,111.84375,111.875,7439.0
2024-03-11 05:00:00+00:00,111.875,111.875,111.84375,111.859375,7508.0
2024-03-11 06:00:00+00:00,111.859375,111.875,111.828125,111.875,12126.0
2024-03-11 07:00:00+00:00,111.90625,111.921875,111.8125,111.859375,31996.0
2024-03-11 08:00:00+00:00,111.828125,111.953125,111.8125,111.93800354003906,39558.0
2024-03-11 09:00:00+00:00,111.859375,111.875,111.8125,111.84375,21106.0
2024-03-11 10:00:00+00:00,111.78125,111.84400177001953,111.765625,111.84400177001953,27693.0
2024-03-11 11:00:00+00:00,111.75,111.8125,111.734375,111.78125,33846.0
2024-03-11 12:00:00+00:00,111.75,111.84375,111.734375,111.75,88355.0
2024-03-11 13:00:00+00:00,111.71875,111.78125,111.6875,111.75,117353.0
2024-03-11 14:00:00+00:00,111.671875,111.734375,111.59375,111.71875,151286.0
2024-03-11 15:00:00+00:00,111.65625,111.6875,111.59375,111.65625,115100.0
2024-03-11 16:00:00+00:00,111.625,111.6875,111.609375,111.65625,101919.0
2024-03-11 17:00:00+00:00,111.625,111.71875,111.609375,111.640625,124450.0
2024-03-11 18:00:00+00:00,111.59375,111.640625,111.515625,111.625,131650.0
2024-03-11 19:00:00+00:00,111.609375,111.640625,111.578125,111.59375,122388.0
2024-03-11 20:00:00+00:00,111.59375,111.625,111.59375,111.59375,53012.0
2024-03-11 22:00:00+00:00,111.609375,111.625,111.578125,111.609375,0.0
2024-03-11 23:00:00+00:00,111.640625,111.640625,111.59375,111.609375,5292.0
2024-03-12 00:00:00+00:00,111.640625,111.65625,111.625,111.640625,12396.0
2024-03-12 01:00:00+00:00,111.609375,111.640625,111.59375,111.625,9529.0
2024-03-12 02:00:00+00:00,111.609375,111.625,111.5625,111.59375,14177.0
2024-03-12 03:00:00+00:00,111.609375,111.625,111.59375,111.609375,4244.0
2024-03-12 04:00:00+00:00,111.609375,111.625,111.59375,111.59375,3191.0
2024-03-12 05:00:00+00:00,111.609375,111.640625,111.609375,111.609375,8570.0
2024-03-12 06:00:00+00:00,111.578125,111.625,111.5625,111.609375,20075.0
2024-03-12 07:00:00+00:00,111.65625,111.671875,111.578125,111.59375,27835.0
2024-03-12 08:00:00+00:00,111.671875,111.6875,111.609375,111.625,43576.0
2024-03-12 09:00:00+00:00,111.625,111.6875,111.625,111.65625,29033.0
2024-03-12 10:00:00+00:00,111.671875,111.6875,111.625,111.65599822998047,36380.0
2024-03-12 11:00:00+00:00,111.640625,111.6875,111.578125,111.65625,65802.0
2024-03-12 12:00:00+00:00,111.484375,111.75,111.15625,111.640625,558815.0
2024-03-12 13:00:00+00:00,111.25,111.5,111.1875,111.484375,342659.0
2024-03-12 14:00:00+00:00,111.25,111.34375,111.21875,111.265625,175959.0
2024-03-12 15:00:00+00:00,111.203125,111.28125,111.171875,111.234375,136305.0
2024-03-12 16:00:00+00:00,111.171875,111.234375,111.171875,111.21875,104232.0
2024-03-12 17:00:00+00:00,111.15625,111.203125,111.078125,111.171875,149778.0
2024-03-12 18:00:00+00:00,111.1875,111.234375,111.15625,111.171875,114560.0
2024-03-12 19:00:00+00:00,111.15625,111.1875,111.140625,111.171875,105220.0
2024-03-12 20:00:00+00:00,111.203125,111.21875,111.15625,111.15625,0.0
2024-03-12 22:00:00+00:00,111.21875,111.21875,111.1875,111.1875,5004.0
2024-03-12 23:00:00+00:00,111.234375,111.234375,111.203125,111.203125,4419.0
2024-03-13 00:00:00+00:00,111.21875,111.265625,111.21875,111.21875,15070.0
2024-03-13 01:00:00+00:00,111.234375,111.25,111.203125,111.234375,28839.0
2024-03-13 02:00:00+00:00,111.25,111.265625,111.203125,111.21875,14286.0
2024-03-13 03:00:00+00:00,111.21875,111.25,111.21875,111.234375,13633.0
2024-03-13 04:00:00+00:00,111.234375,111.234375,111.203125,111.21875,17805.0
2024-03-13 05:00:00+00:00,111.265625,111.265625,111.203125,111.21875,8676.0
2024-03-13 06:00:00+00:00,111.25,111.28125,111.25,111.25,7032.0
2024-03-13 07:00:00+00:00,111.3125,111.328125,111.265625,111.265625,49635.0
2024-03-13 08:00:00+00:00,111.203125,111.3125,111.1875,111.296875,45575.0
2024-03-13 09:00:00+00:00,111.140625,111.203125,111.125,111.203125,54652.0
2024-03-13 10:00:00+00:00,111.125,111.15625,111.109375,111.125,27469.0
2024-03-13 11:00:00+00:00,111.0625,111.140625,111.046875,111.140625,57502.0
2024-03-13 12:00:00+00:00,111.015625,111.0625,110.9375,111.0625,144724.0
2024-03-13 13:00:00+00:00,111.03125,111.09375,110.984375,111.03125,114854.0
2024-03-13 14:00:00+00:00,111.046875,111.09375,111.015625,111.03125,101483.0
2024-03-13 15:00:00+00:00,110.984375,111.09375,110.984375,111.0625,97083.0
2024-03-13 16:00:00+00:00,110.953125,111.03125,110.9375,111.0,109144.0
2024-03-13 17:00:00+00:00,111.0,111.09375,110.921875,110.9375,178497.0
2024-03-13 18:00:00+00:00,110.953125,111.015625,110.921875,110.984375,116162.0
2024-03-13 19:00:00+00:00,110.921875,110.953125,110.90625,110.9375,104953.0
2024-03-13 20:00:00+00:00,110.890625,110.953125,110.890625,110.921875,0.0
2024-03-13 22:00:00+00:00,110.90625,110.9375,110.890625,110.90625,6319.0
2024-03-13 23:00:00+00:00,110.921875,110.9375,110.890625,110.90625,6944.0
2024-03-14 00:00:00+00:00,110.953125,110.953125,110.890625,110.921875,16436.0
2024-03-14 01:00:00+00:00,110.9375,110.953125,110.90625,110.9375,10903.0
2024-03-14 02:00:00+00:00,110.90625,110.953125,110.90625,110.9375,8618.0
2024-03-14 03:00:00+00:00,110.84375,110.921875,110.84375,110.90625,20660.0
2024-03-14 04:00:00+00:00,110.84375,110.859375,110.828125,110.859375,5356.0
2024-03-14 05:00:00+00:00,110.859375,110.859375,110.8125,110.84375,14817.0
2024-03-14 06:00:00+00:00,110.859375,110.875,110.828125,110.859375,9050.0
2024-03-14 07:00:00+00:00,110.828125,110.859375,110.78125,110.84375,42788.0
2024-03-14 08:00:00+00:00,110.859375,110.859375,110.8125,110.84375,47906.0
2024-03-14 09:00:00+00:00,110.890625,110.90625,110.828125,110.859375,38555.0
2024-03-14 10:00:00+00:00,110.9375,110.9375,110.875,110.89099884033203,27592.0
2024-03-14 11:00:00+00:00,110.890625,110.953125,110.875,110.921875,42482.0
2024-03-14 12:00:00+00:00,110.6875,110.953125,110.65625,110.90625,449528.0
2024-03-14 13:00:00+00:00,110.4375,110.703125,110.34375,110.671875,429274.0
2024-03-14 14:00:00+00:00,110.265625,110.46875,110.234375,110.453125,285052.0
2024-03-14 15:00:00+00:00,110.203125,110.3125,110.1875,110.28125,144700.0
2024-03-14 16:00:00+00:00,110.25,110.3125,110.203125,110.203125,143259.0
2024-03-14 17:00:00+00:00,110.21875,110.296875,110.203125,110.25,91866.0
2024-03-14 18:00:00+00:00,110.21875,110.25,110.1875,110.21875,132639.0
2024-03-14 19:00:00+00:00,110.234375,110.25,110.203125,110.203125,113392.0
2024-03-14 20:00:00+00:00,110.25,110.25,110.203125,110.234375,0.0
2024-03-14 22:00:00+00:00,110.25,110.265625,110.21875,110.234375,6806.0
2024-03-14 23:00:00+00:00,110.234375,110.25,110.21875,110.25,7329.0
2024-03-15 00:00:00+00:00,110.25,110.25,110.1875,110.21875,22091.0
2024-03-15 01:00:00+00:00,110.28125,110.3125,110.234375,110.234375,24319.0
2024-03-15 02:00:00+00:00,110.234375,110.296875,110.234375,110.28125,20679.0
2024-03-15 03:00:00+00:00,110.296875,110.3125,110.234375,110.25,14259.0
2024-03-15 04:00:00+00:00,110.296875,110.3125,110.25,110.296875,11950.0
2024-03-15 05:00:00+00:00,110.28125,110.28125,110.25,110.28125,10310.0
2024-03-15 06:00:00+00:00,110.296875,110.3125,110.265625,110.265625,24136.0
2024-03-15 07:00:00+00:00,110.21875,110.328125,110.21875,110.296875,54316.0
2024-03-15 08:00:00+00:00,110.25,110.28125,110.203125,110.234375,52826.0
2024-03-15 09:00:00+00:00,110.296875,110.296875,110.234375,110.25,35325.0
2024-03-15 10:00:00+00:00,110.28125,110.296875,110.25,110.296875,27181.0
2024-03-15 11:00:00+00:00,110.296875,110.34375,110.265625,110.28125,47802.0
2024-03-15 12:00:00+00:00,110.09375,110.328125,110.046875,110.3125,211948.0
2024-03-15 13:00:00+00:00,109.96875,110.15625,109.96875,110.109375,191094.0
2024-03-15 14:00:00+00:00,110.03125,110.078125,109.96875,109.96875,203402.0
2024-03-15 15:00:00+00:00,110.09375,110.109375,110.015625,110.046875,111381.0
2024-03-15 16:00:00+00:00,110.046875,110.15625,110.03125,110.09375,124914.0
2024-03-15 17:00:00+00:00,110.046875,110.109375,110.03125,110.046875,83604.0
2024-03-15 18:00:00+00:00,110.09375,110.109375,110.046875,110.046875,114085.0
2024-03-15 19:00:00+00:00,110.015625,110.109375,110.0,110.09375,83818.0
2024-03-15 20:00:00+00:00,110.0625,110.0625,110.015625,110.03125,52616.0
2024-03-17 22:00:00+00:00,110.046875,110.0625,109.96875,110.03125,13189.0
2024-03-17 23:00:00+00:00,110.0625,110.0625,110.015625,110.046875,4690.0
2024-03-18 00:00:00+00:00,110.046875,110.0625,109.953125,110.046875,16743.0
2024-03-18 01:00:00+00:00,110.125,110.125,110.015625,110.046875,9676.0
2024-03-18 02:00:00+00:00,110.09375,110.140625,110.09375,110.109375,7981.0
2024-03-18 03:00:00+00:00,110.0625,110.109375,110.046875,110.09375,9217.0
2024-03-18 04:00:00+00:00,110.078125,110.09375,110.046875,110.0625,5417.0
2024-03-18 05:00:00+00:00,110.125,110.140625,110.078125,110.078125,8816.0
2024-03-18 06:00:00+00:00,110.125,110.171875,110.109375,110.140625,12578.0
2024-03-18 07:00:00+00:00,110.140625,110.14099884033203,110.0625,110.109375,30415.0
2024-03-18 08:00:00+00:00,110.09375,110.125,110.046875,110.125,41168.0
2024-03-18 09:00:00+00:00,110.0625,110.109375,110.015625,110.109375,34938.0
2024-03-18 10:00:00+00:00,110.078125,110.09375,110.03125,110.0625,30123.0
2024-03-18 11:00:00+00:00,110.125,110.125,110.046875,110.078125,36752.0
2024-03-18 12:00:00+00:00,109.90625,110.125,109.90625,110.125,134531.0
2024-03-18 13:00:00+00:00,109.953125,110.015625,109.90625,109.921875,143829.0
2024-03-18 14:00:00+00:00,109.890625,110.0,109.875,109.953125,108644.0
2024-03-18 15:00:00+00:00,109.84375,109.90625,109.84375,109.875,89466.0
2024-03-18 16:00:00+00:00,109.828125,109.875,109.8125,109.84375,88377.0
2024-03-18 17:00:00+00:00,109.8125,109.859375,109.765625,109.84375,90846.0
2024-03-18 18:00:00+00:00,109.8125,109.859375,109.796875,109.8125,91707.0
2024-03-18 19:00:00+00:00,109.84375,109.875,109.8125,109.8125,90862.0
2024-03-18 20:00:00+00:00,109.9375,109.9375,109.84375,109.859375,0.0
2024-03-18 22:00:00+00:00,109.921875,109.9375,109.890625,109.9375,7720.0
2024-03-18 23:00:00+00:00,109.890625,109.921875,109.875,109.90625,3686.0
2024-03-19 00:00:00+00:00,109.921875,109.9375,109.859375,109.90625,13834.0
2024-03-19 01:00:00+00:00,109.921875,109.9375,109.890625,109.90625,9370.0
2024-03-19 02:00:00+00:00,109.90625,109.9375,109.90625,109.90625,9087.0
2024-03-19 03:00:00+00:00,109.96875,110.0,109.84375,109.921875,44642.0
2024-03-19 04:00:00+00:00,109.984375,110.03125,109.953125,109.953125,17568.0
2024-03-19 05:00:00+00:00,109.953125,110.0,109.9375,109.984375,11050.0
2024-03-19 06:00:00+00:00,109.890625,109.953125,109.875,109.953125,18955.0
2024-03-19 07:00:00+00:00,109.9375,109.9375,109.84375,109.875,43441.0
2024-03-19 08:00:00+00:00,109.9375,109.96875,109.875,109.9375,59581.0
2024-03-19 09:00:00+00:00,109.921875,109.96875,109.90625,109.953125,26187.0
2024-03-19 10:00:00+00:00,109.984375,110.015625,109.96875,109.98400115966797,48684.0
2024-03-19 11:00:00+00:00,109.984375,110.0,109.890625,109.96875,59311.0
2024-03-19 12:00:00+00:00,110.078125,110.09375,109.84375,109.984375,167277.0
2024-03-19 13:00:00+00:00,110.046875,110.140625,110.0,110.078125,158628.0
2024-03-19 14:00:00+00:00,110.125,110.15625,110.015625,110.046875,111739.0
2024-03-19 15:00:00+00:00,110.09375,110.125,110.046875,110.109375,101135.0
2024-03-19 16:00:00+00:00,110.09375,110.09375,110.03125,110.078125,83331.0
2024-03-19 17:00:00+00:00,110.140625,110.25,110.0625,110.078125,108203.0
2024-03-19 18:00:00+00:00,110.140625,110.15625,110.09375,110.125,84377.0
2024-03-19 19:00:00+00:00,110.109375,110.171875,110.09375,110.125,108710.0
2024-03-19 20:00:00+00:00,110.171875,110.1875,110.109375,110.125,0.0
2024-03-19 22:00:00+00:00,110.15625,110.171875,110.140625,110.140625,2801.0
2024-03-19 23:00:00+00:00,110.140625,110.171875,110.125,110.15625,5433.0
2024-03-20 00:00:00+00:00,110.1875,110.203125,110.140625,110.15625,12741.0
2024-03-20 01:00:00+00:00,110.171875,110.1875,110.15625,110.1875,6245.0
2024-03-20 02:00:00+00:00,110.171875,110.1875,110.15625,110.171875,3600.0
2024-03-20 03:00:00+00:00,110.15625,110.1875,110.140625,110.15625,9331.0
2024-03-20 04:00:00+00:00,110.21875,110.21875,110.15625,110.171875,14181.0
2024-03-20 05:00:00+00:00,110.21875,110.21875,110.1875,110.21875,15277.0
2024-03-20 06:00:00+00:00,110.25,110.25,110.203125,110.21875,12344.0
2024-03-20 07:00:00+00:00,110.28125,110.3125,110.21875,110.25,51890.0
2024-03-20 08:00:00+00:00,110.28125,110.3125,110.25,110.28125,44153.0
2024-03-20 09:00:00+00:00,110.25,110.28125,110.21875,110.28125,36316.0
2024-03-20 10:00:00+00:00,110.265625,110.28125,110.21875,110.234375,33956.0
2024-03-20 11:00:00+00:00,110.203125,110.28125,110.1875,110.265625,43709.0
2024-03-20 12:00:00+00:00,110.234375,110.25,110.15625,110.21875,94667.0
2024-03-20 13:00:00+00:00,110.171875,110.234375,110.140625,110.234375,100038.0
2024-03-20 14:00:00+00:00,110.234375,110.234375,110.15625,110.15625,70553.0
2024-03-20 15:00:00+00:00,110.25,110.25,110.203125,110.21875,69324.0
2024-03-20 16:00:00+00:00,110.28125,110.296875,110.234375,110.25,70152.0
2024-03-20 17:00:00+00:00,110.265625,110.3125,110.25,110.265625,74561.0
2024-03-20 18:00:00+00:00,110.453125,110.6875,110.046875,110.25,639060.0
2024-03-20 19:00:00+00:00,110.390625,110.453125,110.3125,110.453125,245446.0
2024-03-20 20:00:00+00:00,110.40625,110.421875,110.328125,110.375,0.0
2024-03-20 22:00:00+00:00,110.484375,110.5,110.4375,110.4375,12045.0
2024-03-20 23:00:00+00:00,110.453125,110.5,110.421875,110.46875,18737.0
2024-03-21 00:00:00+00:00,110.4375,110.5,110.390625,110.46875,30724.0
2024-03-21 01:00:00+00:00,110.5,110.53125,110.4375,110.4375,28846.0
2024-03-21 02:00:00+00:00,110.5,110.515625,110.46875,110.5,12220.0
2024-03-21 03:00:00+00:00,110.515625,110.53125,110.5,110.5,13280.0
2024-03-21 04:00:00+00:00,110.484375,110.53125,110.484375,110.515625,11755.0
2024-03-21 05:00:00+00:00,110.4375,110.515625,110.421875,110.484375,21638.0
2024-03-21 06:00:00+00:00,110.46875,110.5,110.421875,110.4375,17996.0
2024-03-21 07:00:00+00:00,110.53125,110.578125,110.46875,110.46875,42683.0
2024-03-21 08:00:00+00:00,110.6875,110.703125,110.453125,110.48400115966797,130194.0
2024-03-21 09:00:00+00:00,110.71875,110.765625,110.625,110.6875,76275.0
2024-03-21 10:00:00+00:00,110.71875,110.765625,110.6875,110.734375,48311.0
2024-03-21 11:00:00+00:00,110.75,110.75,110.703125,110.71875,73791.0
2024-03-21 12:00:00+00:00,110.5625,110.828125,110.53125,110.734375,192165.0
2024-03-21 13:00:00+00:00,110.40625,110.578125,110.34375,110.5625,250415.0
2024-03-21 14:00:00+00:00,110.296875,110.421875,110.28125,110.390625,202033.0
2024-03-21 15:00:00+00:00,110.375,110.375,110.265625,110.296875,115905.0
2024-03-21 16:00:00+00:00,110.375,110.40625,110.34375,110.359375,79721.0
2024-03-21 17:00:00+00:00,110.375,110.390625,110.296875,110.375,76717.0
2024-03-21 18:00:00+00:00,110.390625,110.390625,110.34375,110.359375,72300.0
2024-03-21 19:00:00+00:00,110.34375,110.390625,110.328125,110.390625,76976.0
2024-03-21 20:00:00+00:00,110.390625,110.421875,110.34375,110.359375,0.0
2024-03-21 22:00:00+00:00,110.4375,110.4375,110.390625,110.40625,5211.0
2024-03-21 23:00:00+00:00,110.4375,110.453125,110.421875,110.4375,3325.0
2024-03-22 00:00:00+00:00,110.453125,110.484375,110.421875,110.4375,18316.0
2024-03-22 01:00:00+00:00,110.4375,110.484375,110.421875,110.46875,13469.0
2024-03-22 02:00:00+00:00,110.484375,110.5,110.40625,110.421875,17822.0
2024-03-22 03:00:00+00:00,110.546875,110.578125,110.46875,110.484375,19224.0
2024-03-22 04:00:00+00:00,110.546875,110.59375,110.546875,110.5625,8535.0
2024-03-22 05:00:00+00:00,110.578125,110.59375,110.53125,110.546875,8891.0
2024-03-22 06:00:00+00:00,110.578125,110.609375,110.546875,110.578125,16826.0
2024-03-22 07:00:00+00:00,110.546875,110.59375,110.515625,110.578125,34396.0
2024-03-22 08:00:00+00:00,110.578125,110.59375,110.53099822998047,110.53099822998047,39287.0
2024-03-22 09:00:00+00:00,110.578125,110.609375,110.53125,110.578125,35191.0
2024-03-22 10:00:00+00:00,110.578125,110.59400177001953,110.546875,110.59400177001953,26324.0
2024-03-22 11:00:00+00:00,110.59375,110.609375,110.53125,110.578125,47539.0
2024-03-22 12:00:00+00:00,110.734375,110.765625,110.578125,110.578125,174864.0
2024-03-22 13:00:00+00:00,110.765625,110.828125,110.71875,110.71875,152269.0
2024-03-22 14:00:00+00:00,110.734375,110.78125,110.703125,110.75,129115.0
2024-03-22 15:00:00+00:00,110.78125,110.796875,110.671875,110.734375,109218.0
2024-03-22 16:00:00+00:00,110.734375,110.796875,110.703125,110.765625,61377.0
2024-03-22 17:00:00+00:00,110.75,110.78125,110.734375,110.734375,52850.0
2024-03-22 18:00:00+00:00,110.734375,110.765625,110.71875,110.75,79089.0
2024-03-22 19:00:00+00:00,110.765625,110.78125,110.71875,110.75,77542.0
2024-03-22 20:00:00+00:00,110.875,110.875,110.765625,110.78125,72858.0
2024-03-24 22:00:00+00:00,110.875,110.9375,110.84375,110.859375,19067.0
2024-03-24 23:00:00+00:00,110.890625,110.90625,110.859375,110.875,9401.0
2024-03-25 00:00:00+00:00,110.90625,110.921875,110.875,110.875,12668.0
2024-03-25 01:00:00+00:00,110.796875,110.9375,110.78125,110.90625,32002.0
2024-03-25 02:00:00+00:00,110.78125,110.8125,110.765625,110.796875,13536.0
2024-03-25 03:00:00+00:00,110.8125,110.828125,110.78125,110.796875,7549.0
2024-03-25 04:00:00+00:00,110.78125,110.8125,110.78125,110.8125,5245.0
2024-03-25 05:00:00+00:00,110.796875,110.796875,110.765625,110.796875,5459.0
2024-03-25 06:00:00+00:00,110.78125,110.8125,110.75,110.78125,9870.0
2024-03-25 07:00:00+00:00,110.75,110.796875,110.734375,110.796875,30138.0
2024-03-25 08:00:00+00:00,110.75,110.796875,110.734375,110.765625,31488.0
2024-03-25 09:00:00+00:00,110.671875,110.75,110.65599822998047,110.75,39619.0
2024-03-25 10:00:00+00:00,110.65625,110.6875,110.625,110.671875,26875.0
2024-03-25 11:00:00+00:00,110.5625,110.65625,110.546875,110.65625,50048.0
2024-03-25 12:00:00+00:00,110.671875,110.734375,110.53125,110.546875,110893.0
2024-03-25 13:00:00+00:00,110.59375,110.71875,110.578125,110.671875,85903.0
2024-03-25 14:00:00+00:00,110.53125,110.609375,110.515625,110.59375,117149.0
2024-03-25 15:00:00+00:00,110.5,110.546875,110.46875,110.53125,72418.0
2024-03-25 16:00:00+00:00,110.53125,110.53125,110.46875,110.5,55453.0
2024-03-25 17:00:00+00:00,110.5,110.578125,110.484375,110.53125,78442.0
2024-03-25 18:00:00+00:00,110.515625,110.515625,110.46875,110.5,82484.0
2024-03-25 19:00:00+00:00,110.515625,110.546875,110.5,110.515625,104575.0
2024-03-25 20:00:00+00:00,110.5625,110.5625,110.515625,110.53125,0.0
2024-03-25 22:00:00+00:00,110.546875,110.578125,110.53125,110.5625,7784.0
2024-03-25 23:00:00+00:00,110.578125,110.578125,110.546875,110.546875,6109.0
2024-03-26 00:00:00+00:00,110.65625,110.734375,110.5625,110.578125,54965.0
2024-03-26 01:00:00+00:00,110.625,110.65625,110.609375,110.65625,18230.0
2024-03-26 02:00:00+00:00,110.640625,110.65625,110.609375,110.625,5158.0
2024-03-26 03:00:00+00:00,110.609375,110.640625,110.59375,110.640625,12936.0
2024-03-26 04:00:00+00:00,110.59375,110.625,110.59375,110.609375,9546.0
2024-03-26 05:00:00+00:00,110.609375,110.609375,110.578125,110.59375,4503.0
2024-03-26 06:00:00+00:00,110.546875,110.609375,110.546875,110.609375,17668.0
2024-03-26 07:00:00+00:00,110.578125,110.609375,110.546875,110.5625,31802.0
2024-03-26 08:00:00+00:00,110.609375,110.609375,110.53125,110.5625,34661.0
2024-03-26 09:00:00+00:00,110.609375,110.640625,110.578125,110.59375,30928.0
2024-03-26 10:00:00+00:00,110.65625,110.671875,110.59375,110.59400177001953,21570.0
2024-03-26 11:00:00+00:00,110.578125,110.65625,110.546875,110.65625,36203.0
2024-03-26 12:00:00+00:00,110.421875,110.671875,110.40625,110.578125,152217.0
2024-03-26 13:00:00+00:00,110.4375,110.46875,110.390625,110.421875,130222.0
2024-03-26 14:00:00+00:00,110.421875,110.484375,110.359375,110.453125,124836.0
2024-03-26 15:00:00+00:00,110.4375,110.484375,110.40625,110.421875,81829.0
2024-03-26 16:00:00+00:00,110.515625,110.53125,110.4375,110.4375,93206.0
2024-03-26 17:00:00+00:00,110.5625,110.625,110.5,110.5,102232.0
2024-03-26 18:00:00+00:00,110.640625,110.65625,110.515625,110.546875,108171.0
2024-03-26 19:00:00+00:00,110.65625,110.671875,110.609375,110.65625,100101.0
2024-03-26 20:00:00+00:00,110.625,110.6875,110.609375,110.640625,0.0
2024-03-26 22:00:00+00:00,110.625,110.65625,110.609375,110.65625,4292.0
2024-03-26 23:00:00+00:00,110.59375,110.625,110.59375,110.609375,5536.0
2024-03-27 00:00:00+00:00,110.640625,110.65625,110.609375,110.609375,9690.0
2024-03-27 01:00:00+00:00,110.65625,110.671875,110.625,110.640625,13221.0
2024-03-27 02:00:00+00:00,110.609375,110.640625,110.59375,110.640625,8792.0
2024-03-27 03:00:00+00:00,110.609375,110.625,110.59375,110.609375,8179.0
2024-03-27 04:00:00+00:00,110.625,110.640625,110.609375,110.625,4909.0
2024-03-27 05:00:00+00:00,110.625,110.640625,110.609375,110.625,3913.0
2024-03-27 06:00:00+00:00,110.640625,110.671875,110.609375,110.625,14603.0
2024-03-27 07:00:00+00:00,110.65625,110.6875,110.640625,110.65625,23700.0
2024-03-27 08:00:00+00:00,110.578125,110.6719970703125,110.578125,110.6719970703125,47604.0
2024-03-27 09:00:00+00:00,110.59375,110.609375,110.5625,110.578125,36754.0
2024-03-27 10:00:00+00:00,110.625,110.625,110.59375,110.60900115966797,33790.0
2024-03-27 11:00:00+00:00,110.703125,110.71875,110.609375,110.609375,79209.0
2024-03-27 12:00:00+00:00,110.71875,110.734375,110.6875,110.6875,96713.0
2024-03-27 13:00:00+00:00,110.6875,110.734375,110.671875,110.71875,93527.0
2024-03-27 14:00:00+00:00,110.8125,110.8125,110.671875,110.703125,138999.0
2024-03-27 15:00:00+00:00,110.890625,110.890625,110.796875,110.796875,167348.0
2024-03-27 16:00:00+00:00,110.890625,110.90625,110.8125,110.890625,155566.0
2024-03-27 17:00:00+00:00,110.875,110.984375,110.84375,110.890625,166328.0
2024-03-27 18:00:00+00:00,110.875,110.890625,110.84375,110.875,79944.0
2024-03-27 19:00:00+00:00,110.90625,110.921875,110.859375,110.875,113163.0
2024-03-27 20:00:00+00:00,110.875,110.921875,110.875,110.890625,57282.0
2024-03-27 22:00:00+00:00,110.765625,110.890625,110.6875,110.890625,0.0
2024-03-27 23:00:00+00:00,110.78125,110.8125,110.71875,110.765625,15929.0
2024-03-28 00:00:00+00:00,110.734375,110.796875,110.6875,110.78125,31731.0
2024-03-28 01:00:00+00:00,110.6875,110.734375,110.640625,110.734375,27489.0
2024-03-28 02:00:00+00:00,110.6875,110.703125,110.65625,110.6875,10343.0
2024-03-28 03:00:00+00:00,110.734375,110.734375,110.671875,110.671875,9893.0
2024-03-28 04:00:00+00:00,110.734375,110.75,110.71875,110.734375,15893.0
2024-03-28 05:00:00+00:00,110.734375,110.765625,110.71875,110.734375,14221.0
2024-03-28 06:00:00+00:00,110.71875,110.75,110.6875,110.734375,13099.0
2024-03-28 07:00:00+00:00,110.71875,110.765625,110.703125,110.734375,36557.0
2024-03-28 08:00:00+00:00,110.609375,110.734375,110.59375,110.71875,68734.0
2024-03-28 09:00:00+00:00,110.625,110.640625,110.5625,110.59375,46040.0
2024-03-28 10:00:00+00:00,110.640625,110.671875,110.625,110.625,28694.0
2024-03-28 11:00:00+00:00,110.65625,110.6875,110.609375,110.640625,52511.0
2024-03-28 12:00:00+00:00,110.734375,110.75,110.546875,110.65625,157765.0
2024-03-28 13:00:00+00:00,110.765625,110.796875,110.625,110.75,177363.0
2024-03-28 14:00:00+00:00,110.828125,110.84375,110.75,110.765625,193551.0
2024-03-28 15:00:00+00:00,110.859375,110.890625,110.796875,110.8125,150781.0
2024-03-28 16:00:00+00:00,110.8125,110.875,110.78125,110.875,270036.0
2024-03-28 17:00:00+00:00,110.75,110.8125,110.6875,110.796875,280800.0
2024-03-28 18:00:00+00:00,110.75,110.75,110.71875,110.75,42868.0
2024-03-28 19:00:00+00:00,110.71875,110.75,110.71875,110.734375,31709.0
2024-03-28 20:00:00+00:00,110.71875,110.734375,110.6875,110.71875,29553.0
2024-03-31 22:00:00+00:00,110.828125,110.890625,110.765625,110.796875,18306.0
2024-03-31 23:00:00+00:00,110.828125,110.859375,110.8125,110.84375,7585.0
2024-04-01 00:00:00+00:00,110.765625,110.875,110.734375,110.84375,22310.0
2024-04-01 01:00:00+00:00,110.75,110.765625,110.734375,110.75,11079.0
2024-04-01 02:00:00+00:00,110.78125,110.8125,110.75,110.75,7035.0
2024-04-01 03:00:00+00:00,110.796875,110.8125,110.765625,110.78125,5649.0
2024-04-01 04:00:00+00:00,110.84375,110.84375,110.796875,110.828125,9109.0
2024-04-01 05:00:00+00:00,110.890625,110.890625,110.828125,110.84375,12855.0
2024-04-01 06:00:00+00:00,110.875,110.90625,110.875,110.875,13437.0
2024-04-01 07:00:00+00:00,110.84375,110.890625,110.8125,110.890625,8976.0
2024-04-01 08:00:00+00:00,110.84375,110.859375,110.8125,110.85900115966797,4194.0
2024-04-01 09:00:00+00:00,110.8125,110.84375,110.8125,110.828125,3915.0
2024-04-01 10:00:00+00:00,110.765625,110.7969970703125,110.75,110.7969970703125,12057.0
2024-04-01 11:00:00+00:00,110.75,110.765625,110.734375,110.75,20949.0
2024-04-01 12:00:00+00:00,110.5,110.765625,110.484375,110.75,150303.0
2024-04-01 13:00:00+00:00,110.265625,110.515625,110.21875,110.5,201797.0
2024-04-01 14:00:00+00:00,110.03125,110.25,110.015625,110.25,253001.0
2024-04-01 15:00:00+00:00,109.90625,110.03125,109.890625,110.015625,157110.0
2024-04-01 16:00:00+00:00,109.9375,109.96875,109.859375,109.921875,111700.0
2024-04-01 17:00:00+00:00,109.953125,109.96875,109.921875,109.9375,51079.0
2024-04-01 18:00:00+00:00,109.921875,109.96875,109.90625,109.96875,86570.0
2024-04-01 19:00:00+00:00,109.9375,109.953125,109.90625,109.921875,91745.0
2024-04-01 20:00:00+00:00,110.03125,110.03125,109.9375,109.953125,0.0
2024-04-01 22:00:00+00:00,110.03125,110.046875,110.0,110.046875,10074.0
2024-04-01 23:00:00+00:00,110.078125,110.078125,110.0,110.03125,14515.0
2024-04-02 00:00:00+00:00,110.078125,110.09375,110.0,110.0625,40512.0
2024-04-02 01:00:00+00:00,110.0625,110.09375,110.046875,110.0625,21020.0
2024-04-02 02:00:00+00:00,110.078125,110.09375,110.046875,110.046875,9646.0
2024-04-02 03:00:00+00:00,110.0625,110.09375,110.0625,110.09375,7897.0
2024-04-02 04:00:00+00:00,110.046875,110.078125,110.046875,110.078125,9636.0
2024-04-02 05:00:00+00:00,110.015625,110.0625,109.984375,110.046875,25397.0
2024-04-02 06:00:00+00:00,109.984375,110.015625,109.921875,110.0,57360.0
2024-04-02 07:00:00+00:00,109.96875,109.984375,109.9375,109.984375,53089.0
2024-04-02 08:00:00+00:00,110.0,110.0625,109.96875,109.96875,102568.0
2024-04-02 09:00:00+00:00,109.859375,110.0,109.859375,109.984375,65671.0
2024-04-02 10:00:00+00:00,109.8125,109.828125,109.765625,109.8280029296875,109499.0
2024-04-02 11:00:00+00:00,109.703125,109.8125,109.671875,109.8125,137551.0
2024-04-02 12:00:00+00:00,109.5625,109.734375,109.453125,109.6875,322731.0
2024-04-02 13:00:00+00:00,109.546875,109.59375,109.46875,109.546875,206037.0
2024-04-02 14:00:00+00:00,109.765625,109.765625,109.46875,109.546875,289442.0
2024-04-02 15:00:00+00:00,109.78125,109.78125,109.6875,109.765625,129789.0
2024-04-02 16:00:00+00:00,109.75,109.78125,109.703125,109.78125,103770.0
2024-04-02 17:00:00+00:00,109.734375,109.765625,109.6875,109.765625,90232.0
2024-04-02 18:00:00+00:00,109.71875,109.765625,109.703125,109.734375,115489.0
2024-04-02 19:00:00+00:00,109.78125,109.78125,109.703125,109.71875,84938.0
2024-04-02 20:00:00+00:00,109.796875,109.8125,109.734375,109.78125,0.0
2024-04-02 22:00:00+00:00,109.765625,109.8125,109.734375,109.765625,17268.0
2024-04-02 23:00:00+00:00,109.765625,109.78125,109.734375,109.78125,10634.0
2024-04-03 00:00:00+00:00,109.8125,109.8125,109.71875,109.78125,31488.0
2024-04-03 01:00:00+00:00,109.828125,109.828125,109.75,109.796875,26540.0
2024-04-03 02:00:00+00:00,109.8125,109.84375,109.8125,109.828125,12738.0
2024-04-03 03:00:00+00:00,109.765625,109.84375,109.765625,109.8125,13823.0
2024-04-03 04:00:00+00:00,109.75,109.78125,109.734375,109.78125,9461.0
2024-04-03 05:00:00+00:00,109.75,109.765625,109.734375,109.75,10917.0
2024-04-03 06:00:00+00:00,109.734375,109.765625,109.71875,109.75,29113.0
2024-04-03 07:00:00+00:00,109.5780029296875,109.734375,109.5625,109.734375,72934.0
2024-04-03 08:00:00+00:00,109.640625,109.640625,109.5625,109.5625,52472.0
2024-04-03 09:00:00+00:00,109.671875,109.703125,109.609375,109.625,63732.0
2024-04-03 10:00:00+00:00,109.734375,109.75,109.671875,109.671875,41408.0
2024-04-03 11:00:00+00:00,109.671875,109.75,109.640625,109.75,63222.0
2024-04-03 12:00:00+00:00,109.46875,109.703125,109.453125,109.65625,257227.0
2024-04-03 13:00:00+00:00,109.34375,109.5,109.296875,109.46875,273007.0
2024-04-03 14:00:00+00:00,109.578125,109.640625,109.34375,109.34375,417959.0
2024-04-03 15:00:00+00:00,109.65625,109.671875,109.515625,109.5625,181040.0
2024-04-03 16:00:00+00:00,109.75,109.84375,109.546875,109.671875,280036.0
2024-04-03 17:00:00+00:00,109.75,109.765625,109.6875,109.765625,88377.0
2024-04-03 18:00:00+00:00,109.796875,109.8125,109.75,109.75,95747.0
2024-04-03 19:00:00+00:00,109.859375,109.859375,109.78125,109.78125,88955.0
2024-04-03 20:00:00+00:00,109.859375,109.859375,109.828125,109.84375,0.0
2024-04-03 22:00:00+00:00,109.90625,109.921875,109.875,109.890625,11277.0
2024-04-03 23:00:00+00:00,109.875,109.90625,109.84375,109.890625,13836.0
2024-04-04 00:00:00+00:00,109.8125,109.890625,109.8125,109.890625,16913.0
2024-04-04 01:00:00+00:00,109.796875,109.84375,109.78125,109.8125,15833.0
2024-04-04 02:00:00+00:00,109.765625,109.8125,109.765625,109.796875,9994.0
2024-04-04 03:00:00+00:00,109.75,109.765625,109.71875,109.765625,15858.0
2024-04-04 04:00:00+00:00,109.734375,109.75,109.71875,109.75,6229.0
2024-04-04 05:00:00+00:00,109.71875,109.765625,109.71875,109.734375,7659.0
2024-04-04 06:00:00+00:00,109.71875,109.765625,109.6875,109.734375,42850.0
2024-04-04 07:00:00+00:00,109.71875,109.78125,109.6875,109.734375,50302.0
2024-04-04 08:00:00+00:00,109.765625,109.8125,109.6875,109.71875,65972.0
2024-04-04 09:00:00+00:00,109.75,109.765625,109.734375,109.765625,23880.0
2024-04-04 10:00:00+00:00,109.8125,109.8125,109.71875,109.75,41184.0
2024-04-04 11:00:00+00:00,109.71875,109.8125,109.703125,109.796875,70397.0
2024-04-04 12:00:00+00:00,109.921875,109.96875,109.625,109.71875,251725.0
2024-04-04 13:00:00+00:00,109.9375,110.03125,109.875,109.9375,217630.0
2024-04-04 14:00:00+00:00,109.875,110.0,109.8125,109.9375,189311.0
2024-04-04 15:00:00+00:00,109.828125,109.890625,109.8125,109.875,78927.0
2024-04-04 16:00:00+00:00,109.8125,109.84375,109.796875,109.828125,57039.0
2024-04-04 17:00:00+00:00,109.796875,109.8125,109.765625,109.8125,74921.0
2024-04-04 18:00:00+00:00,110.140625,110.140625,109.765625,109.78125,339580.0
2024-04-04 19:00:00+00:00,110.15625,110.1875,110.0,110.125,376129.0
2024-04-04 20:00:00+00:00,110.078125,110.171875,110.078125,110.15625,0.0
2024-04-04 22:00:00+00:00,110.140625,110.140625,110.046875,110.09375,16939.0
2024-04-04 23:00:00+00:00,110.125,110.171875,110.109375,110.125,12136.0
2024-04-05 00:00:00+00:00,110.078125,110.125,110.0625,110.125,19291.0
2024-04-05 01:00:00+00:00,110.125,110.140625,110.03125,110.078125,25791.0
2024-04-05 02:00:00+00:00,110.125,110.125,110.078125,110.109375,5981.0
2024-04-05 03:00:00+00:00,110.078125,110.140625,110.0625,110.125,8505.0
2024-04-05 04:00:00+00:00,110.109375,110.109375,110.078125,110.078125,6517.0
2024-04-05 05:00:00+00:00,110.09375,110.140625,110.078125,110.109375,13994.0
2024-04-05 06:00:00+00:00,110.046875,110.125,110.0,110.109375,52693.0
2024-04-05 07:00:00+00:00,110.046875,110.109375,110.015625,110.046875,58484.0
2024-04-05 08:00:00+00:00,109.96875,110.0625,109.90625,110.0469970703125,81471.0
2024-04-05 09:00:00+00:00,109.90625,109.96875,109.90625,109.96875,36086.0
2024-04-05 10:00:00+00:00,109.953125,109.96875,109.90625,109.93800354003906,57850.0
2024-04-05 11:00:00+00:00,109.96875,109.96875,109.90625,109.96875,65368.0
2024-04-05 12:00:00+00:00,109.578125,110.046875,109.46875,109.96875,565293.0
2024-04-05 13:00:00+00:00,109.734375,109.765625,109.5,109.578125,327407.0
2024-04-05 14:00:00+00:00,109.6875,109.9375,109.65625,109.75,289819.0
2024-04-05 15:00:00+00:00,109.734375,109.734375,109.578125,109.671875,167071.0
2024-04-05 16:00:00+00:00,109.734375,109.75,109.6875,109.71875,73674.0
2024-04-05 17:00:00+00:00,109.6875,109.734375,109.671875,109.734375,72917.0
2024-04-05 18:00:00+00:00,109.640625,109.703125,109.640625,109.6875,69836.0
2024-04-05 19:00:00+00:00,109.53125,109.65625,109.515625,109.65625,152457.0
2024-04-05 20:00:00+00:00,109.453125,109.53125,109.4530029296875,109.53125,69883.0
2024-04-07 22:00:00+00:00,109.390625,109.40625,109.25,109.40625,25610.0
2024-04-07 23:00:00+00:00,109.390625,109.421875,109.359375,109.375,13070.0
2024-04-08 00:00:00+00:00,109.34375,109.421875,109.34375,109.40625,40198.0
2024-04-08 01:00:00+00:00,109.3125,109.359375,109.28125,109.34375,47227.0
2024-04-08 02:00:00+00:00,109.34375,109.375,109.296875,109.328125,14193.0
2024-04-08 03:00:00+00:00,109.328125,109.375,109.328125,109.359375,8676.0
2024-04-08 04:00:00+00:00,109.28125,109.34375,109.265625,109.328125,18744.0
2024-04-08 05:00:00+00:00,109.265625,109.3125,109.234375,109.28125,22594.0
2024-04-08 06:00:00+00:00,109.25,109.265625,109.1875,109.25,44366.0
2024-04-08 07:00:00+00:00,109.265625,109.296875,109.21875,109.25,69578.0
2024-04-08 08:00:00+00:00,109.15625,109.265625,109.125,109.265625,73124.0
2024-04-08 09:00:00+00:00,109.171875,109.203125,109.140625,109.140625,49074.0
2024-04-08 10:00:00+00:00,109.1875,109.234375,109.171875,109.18800354003906,51553.0
2024-04-08 11:00:00+00:00,109.09375,109.1875,109.078125,109.1875,75779.0
2024-04-08 12:00:00+00:00,109.125,109.15625,109.0625,109.109375,161988.0
2024-04-08 13:00:00+00:00,109.359375,109.40625,109.125,109.125,292309.0
2024-04-08 14:00:00+00:00,109.203125,109.375,109.203125,109.359375,245926.0
2024-04-08 15:00:00+00:00,109.25,109.28125,109.1875,109.21875,118700.0
2024-04-08 16:00:00+00:00,109.234375,109.25,109.15625,109.234375,80928.0
2024-04-08 17:00:00+00:00,109.28125,109.34375,109.21875,109.21875,81413.0
2024-04-08 18:00:00+00:00,109.25,109.359375,109.21875,109.296875,111059.0
2024-04-08 19:00:00+00:00,109.25,109.3125,109.25,109.25,82449.0
2024-04-08 20:00:00+00:00,109.265625,109.296875,109.25,109.25,0.0
2024-04-08 22:00:00+00:00,109.28125,109.3125,109.265625,109.265625,7306.0
2024-04-08 23:00:00+00:00,109.25,109.296875,109.25,109.296875,4917.0
2024-04-09 00:00:00+00:00,109.21875,109.265625,109.203125,109.25,17309.0
2024-04-09 01:00:00+00:00,109.28125,109.296875,109.203125,109.21875,16951.0
2024-04-09 02:00:00+00:00,109.34375,109.40625,109.28125,109.296875,36721.0
2024-04-09 03:00:00+00:00,109.328125,109.359375,109.3125,109.34375,10296.0
2024-04-09 04:00:00+00:00,109.328125,109.359375,109.3125,109.34375,8921.0
2024-04-09 05:00:00+00:00,109.34375,109.375,109.3125,109.328125,13283.0
2024-04-09 06:00:00+00:00,109.359375,109.40625,109.328125,109.34375,42890.0
2024-04-09 07:00:00+00:00,109.421875,109.484375,109.296875,109.359375,92565.0
2024-04-09 08:00:00+00:00,109.46875,109.484375,109.359375,109.39099884033203,54919.0
2024-04-09 09:00:00+00:00,109.4375,109.53125,109.4375,109.46875,52476.0
2024-04-09 10:00:00+00:00,109.484375,109.5,109.421875,109.4375,43275.0
2024-04-09 11:00:00+00:00,109.5,109.515625,109.421875,109.484375,68986.0
2024-04-09 12:00:00+00:00,109.5625,109.609375,109.46875,109.484375,185655.0
2024-04-09 13:00:00+00:00,109.578125,109.625,109.453125,109.5625,159521.0
2024-04-09 14:00:00+00:00,109.609375,109.65625,109.5625,109.5625,162290.0
2024-04-09 15:00:00+00:00,109.625,109.640625,109.59375,109.59375,102220.0
2024-04-09 16:00:00+00:00,109.6875,109.703125,109.59375,109.609375,69872.0
2024-04-09 17:00:00+00:00,109.6875,109.703125,109.578125,109.671875,118608.0
2024-04-09 18:00:00+00:00,109.640625,109.6875,109.609375,109.671875,96116.0
2024-04-09 19:00:00+00:00,109.640625,109.671875,109.59375,109.640625,110413.0
2024-04-09 20:00:00+00:00,109.65625,109.71875,109.625,109.65625,87896.0
2024-04-09 22:00:00+00:00,109.65625,109.65625,109.625,109.640625,0.0
2024-04-09 23:00:00+00:00,109.640625,109.671875,109.640625,109.640625,5471.0
2024-04-10 00:00:00+00:00,109.671875,109.671875,109.609375,109.65625,20576.0
2024-04-10 01:00:00+00:00,109.6875,109.6875,109.640625,109.671875,12447.0
2024-04-10 02:00:00+00:00,109.703125,109.71875,109.671875,109.6875,8484.0
2024-04-10 03:00:00+00:00,109.71875,109.71875,109.703125,109.703125,6948.0
2024-04-10 04:00:00+00:00,109.703125,109.71875,109.703125,109.71875,3424.0
2024-04-10 05:00:00+00:00,109.640625,109.71875,109.640625,109.71875,22326.0
2024-04-10 06:00:00+00:00,109.640625,109.6875,109.640625,109.65625,29572.0
2024-04-10 07:00:00+00:00,109.640625,109.6875,109.625,109.640625,37027.0
2024-04-10 08:00:00+00:00,109.703125,109.71875,109.640625,109.65599822998047,30464.0
2024-04-10 09:00:00+00:00,109.6875,109.71875,109.65625,109.71875,33467.0
2024-04-10 10:00:00+00:00,109.6875,109.703125,109.671875,109.6875,30361.0
2024-04-10 11:00:00+00:00,109.78125,109.796875,109.6875,109.703125,77714.0
2024-04-10 12:00:00+00:00,108.65625,109.828125,108.546875,109.796875,796005.0
2024-04-10 13:00:00+00:00,108.59375,108.796875,108.5,108.65625,513898.0
2024-04-10 14:00:00+00:00,108.59375,108.671875,108.484375,108.59375,301614.0
2024-04-10 15:00:00+00:00,108.546875,108.65625,108.515625,108.59375,215472.0
2024-04-10 16:00:00+00:00,108.421875,108.578125,108.390625,108.53125,177831.0
2024-04-10 17:00:00+00:00,108.421875,108.46875,108.171875,108.40625,483752.0
2024-04-10 18:00:00+00:00,108.21875,108.453125,108.1875,108.40625,290867.0
2024-04-10 19:00:00+00:00,108.296875,108.3125,108.203125,108.203125,198660.0
2024-04-10 20:00:00+00:00,108.28125,108.3125,108.25,108.28125,0.0
2024-04-10 22:00:00+00:00,108.34375,108.34375,108.28125,108.28125,14256.0
2024-04-10 23:00:00+00:00,108.296875,108.375,108.28125,108.328125,27590.0
2024-04-11 00:00:00+00:00,108.234375,108.375,108.203125,108.296875,47654.0
2024-04-11 01:00:00+00:00,108.375,108.390625,108.234375,108.234375,32307.0
2024-04-11 02:00:00+00:00,108.375,108.40625,108.359375,108.390625,16165.0
2024-04-11 03:00:00+00:00,108.359375,108.421875,108.34375,108.375,19893.0
2024-04-11 04:00:00+00:00,108.390625,108.390625,108.328125,108.359375,17194.0
2024-04-11 05:00:00+00:00,108.328125,108.390625,108.3125,108.375,15709.0
2024-04-11 06:00:00+00:00,108.25,108.328125,108.21875,108.328125,48933.0
2024-04-11 07:00:00+00:00,108.171875,108.28125,108.15625,108.25,95237.0
2024-04-11 08:00:00+00:00,108.203125,108.234375,108.140625,108.171875,69160.0
2024-04-11 09:00:00+00:00,108.28125,108.296875,108.15625,108.1875,69725.0
2024-04-11 10:00:00+00:00,108.328125,108.328125,108.25,108.31199645996094,48155.0
2024-04-11 11:00:00+00:00,108.15625,108.328125,108.140625,108.3125,100642.0
2024-04-11 12:00:00+00:00,108.453125,108.484375,107.859375,108.140625,484678.0
2024-04-11 13:00:00+00:00,108.265625,108.515625,108.265625,108.453125,345511.0
2024-04-11 14:00:00+00:00,108.171875,108.28125,108.03125,108.265625,276243.0
2024-04-11 15:00:00+00:00,108.171875,108.234375,108.0625,108.171875,222879.0
2024-04-11 16:00:00+00:00,108.171875,108.1875,108.046875,108.15625,139346.0
2024-04-11 17:00:00+00:00,108.28125,108.296875,108.078125,108.171875,153524.0
2024-04-11 18:00:00+00:00,108.078125,108.421875,108.078125,108.28125,298752.0
2024-04-11 19:00:00+00:00,108.140625,108.234375,108.078125,108.09375,235711.0
2024-04-11 20:00:00+00:00,108.03125,108.171875,108.015625,108.140625,0.0
2024-04-11 22:00:00+00:00,108.09375,108.109375,108.015625,108.03125,13075.0
2024-04-11 23:00:00+00:00,108.078125,108.125,108.0625,108.109375,12377.0
2024-04-12 00:00:00+00:00,108.15625,108.171875,108.078125,108.09375,19301.0
2024-04-12 01:00:00+00:00,108.21875,108.234375,108.15625,108.171875,16257.0
2024-04-12 02:00:00+00:00,108.1875,108.21875,108.171875,108.21875,12525.0
2024-04-12 03:00:00+00:00,108.171875,108.203125,108.125,108.203125,22610.0
2024-04-12 04:00:00+00:00,108.125,108.171875,108.125,108.15625,10208.0
2024-04-12 05:00:00+00:00,108.203125,108.203125,108.125,108.140625,19706.0
2024-04-12 06:00:00+00:00,108.234375,108.265625,108.140625,108.1875,50181.0
2024-04-12 07:00:00+00:00,108.390625,108.40625,108.1875,108.234375,105715.0
2024-04-12 08:00:00+00:00,108.34375,108.390625,108.328125,108.375,58462.0
2024-04-12 09:00:00+00:00,108.390625,108.40625,108.3125,108.34375,38370.0
2024-04-12 10:00:00+00:00,108.390625,108.421875,108.3125,108.35900115966797,66843.0
2024-04-12 11:00:00+00:00,108.5,108.5,108.390625,108.40625,134491.0
2024-04-12 12:00:00+00:00,108.640625,108.75,108.40625,108.484375,350026.0
2024-04-12 13:00:00+00:00,108.609375,108.6875,108.5,108.640625,233958.0
2024-04-12 14:00:00+00:00,108.65625,108.765625,108.515625,108.59375,331360.0
2024-04-12 15:00:00+00:00,108.59375,108.6875,108.53125,108.65625,195797.0
2024-04-12 16:00:00+00:00,108.671875,108.6875,108.5625,108.578125,125564.0
2024-04-12 17:00:00+00:00,108.765625,108.796875,108.640625,108.671875,195057.0
2024-04-12 18:00:00+00:00,108.671875,108.765625,108.640625,108.75,148605.0
2024-04-12 19:00:00+00:00,108.5625,108.6875,108.53125,108.671875,125446.0
2024-04-12 20:00:00+00:00,108.515625,108.59375,108.5,108.546875,83152.0
2024-04-14 22:00:00+00:00,108.40625,108.6875,108.390625,108.671875,58023.0
2024-04-14 23:00:00+00:00,108.484375,108.515625,108.375,108.40625,27640.0
2024-04-15 00:00:00+00:00,108.484375,108.578125,108.421875,108.484375,32290.0
2024-04-15 01:00:00+00:00,108.421875,108.546875,108.421875,108.484375,21790.0
2024-04-15 02:00:00+00:00,108.359375,108.484375,108.359375,108.421875,17782.0
2024-04-15 03:00:00+00:00,108.359375,108.375,108.328125,108.359375,13229.0
2024-04-15 04:00:00+00:00,108.3125,108.390625,108.28125,108.359375,17715.0
2024-04-15 05:00:00+00:00,108.34375,108.375,108.265625,108.296875,25822.0
2024-04-15 06:00:00+00:00,108.3125,108.40625,108.28125,108.328125,50249.0
2024-04-15 07:00:00+00:00,108.3125,108.40625,108.28125,108.3125,78572.0
2024-04-15 08:00:00+00:00,108.28125,108.328125,108.1875,108.3125,78873.0
2024-04-15 09:00:00+00:00,108.296875,108.34375,108.25,108.265625,59857.0
2024-04-15 10:00:00+00:00,108.203125,108.3125,108.171875,108.296875,65410.0
2024-04-15 11:00:00+00:00,108.15625,108.25,108.109375,108.1875,102741.0
2024-04-15 12:00:00+00:00,107.9375,108.1875,107.8125,108.171875,435983.0
2024-04-15 13:00:00+00:00,107.828125,108.015625,107.75,107.953125,274066.0
2024-04-15 14:00:00+00:00,107.8125,108.015625,107.578125,107.828125,621480.0
2024-04-15 15:00:00+00:00,107.796875,107.90625,107.734375,107.796875,263361.0
2024-04-15 16:00:00+00:00,107.8125,107.921875,107.765625,107.796875,205939.0
2024-04-15 17:00:00+00:00,107.953125,107.953125,107.8125,107.8125,169965.0
2024-04-15 18:00:00+00:00,107.875,107.953125,107.8125,107.953125,181164.0
2024-04-15 19:00:00+00:00,107.953125,108.0,107.84375,107.875,160154.0
2024-04-15 20:00:00+00:00,108.03125,108.046875,107.9375,107.953125,111873.0
2024-04-15 22:00:00+00:00,108.046875,108.09375,108.03125,108.046875,0.0
2024-04-15 23:00:00+00:00,107.96875,108.0625,107.953125,108.046875,16974.0
2024-04-16 00:00:00+00:00,108.046875,108.0625,107.96875,107.96875,23486.0
2024-04-16 01:00:00+00:00,108.03125,108.125,108.0,108.046875,34696.0
2024-04-16 02:00:00+00:00,108.015625,108.03125,107.9375,108.015625,34452.0
2024-04-16 03:00:00+00:00,107.984375,108.015625,107.953125,108.015625,13653.0
2024-04-16 04:00:00+00:00,107.984375,108.0,107.953125,107.984375,9625.0
2024-04-16 05:00:00+00:00,107.984375,108.03125,107.953125,108.0,17881.0
2024-04-16 06:00:00+00:00,107.828125,108.03125,107.8125,107.984375,85133.0
2024-04-16 07:00:00+00:00,107.859375,107.90625,107.78125,107.8125,76135.0
2024-04-16 08:00:00+00:00,107.828125,107.90625,107.8125,107.84375,59304.0
2024-04-16 09:00:00+00:00,107.734375,107.828125,107.71875,107.828125,66425.0
2024-04-16 10:00:00+00:00,107.75,107.78125,107.71875,107.734375,46853.0
2024-04-16 11:00:00+00:00,107.8125,107.828125,107.65625,107.765625,85720.0
2024-04-16 12:00:00+00:00,107.78125,107.921875,107.71875,107.8125,216431.0
2024-04-16 13:00:00+00:00,107.59375,107.796875,107.46875,107.796875,387397.0
2024-04-16 14:00:00+00:00,107.734375,107.765625,107.578125,107.578125,305137.0
2024-04-16 15:00:00+00:00,107.6875,107.796875,107.65625,107.71875,194405.0
2024-04-16 16:00:00+00:00,107.609375,107.734375,107.59375,107.671875,112809.0
2024-04-16 17:00:00+00:00,107.5625,107.625,107.421875,107.609375,309261.0
2024-04-16 18:00:00+00:00,107.671875,107.75,107.53125,107.546875,280793.0
2024-04-16 19:00:00+00:00,107.640625,107.6875,107.5625,107.6875,211817.0
2024-04-16 20:00:00+00:00,107.578125,107.6875,107.5625,107.640625,96412.0
2024-04-16 22:00:00+00:00,107.578125,107.609375,107.5625,107.578125,0.0
2024-04-16 23:00:00+00:00,107.546875,107.59375,107.53125,107.578125,8159.0
2024-04-17 00:00:00+00:00,107.609375,107.609375,107.484375,107.546875,26849.0
2024-04-17 01:00:00+00:00,107.625,107.640625,107.5625,107.609375,14261.0
2024-04-17 02:00:00+00:00,107.640625,107.671875,107.625,107.625,11105.0
2024-04-17 03:00:00+00:00,107.59375,107.65625,107.59375,107.640625,9338.0
2024-04-17 04:00:00+00:00,107.625,107.625,107.578125,107.59375,14167.0
2024-04-17 05:00:00+00:00,107.578125,107.640625,107.5625,107.625,15998.0
2024-04-17 06:00:00+00:00,107.671875,107.6875,107.5,107.578125,78120.0
2024-04-17 07:00:00+00:00,107.734375,107.765625,107.609375,107.671875,92791.0
2024-04-17 08:00:00+00:00,107.8125,107.84375,107.703125,107.734375,71248.0
2024-04-17 09:00:00+00:00,107.828125,107.859375,107.765625,107.8125,68348.0
2024-04-17 10:00:00+00:00,107.75,107.828125,107.71875,107.828125,57700.0
2024-04-17 11:00:00+00:00,107.75,107.78125,107.671875,107.734375,61415.0
2024-04-17 12:00:00+00:00,107.84375,107.859375,107.65625,107.734375,190309.0
2024-04-17 13:00:00+00:00,107.84375,108.0,107.8125,107.828125,284187.0
2024-04-17 14:00:00+00:00,107.875,107.90625,107.78125,107.84375,176259.0
2024-04-17 15:00:00+00:00,108.015625,108.03125,107.875,107.875,170472.0
2024-04-17 16:00:00+00:00,108.0625,108.09375,107.984375,108.0,152488.0
2024-04-17 17:00:00+00:00,108.203125,108.21875,108.03125,108.0625,246539.0
2024-04-17 18:00:00+00:00,108.15625,108.25,108.140625,108.1875,161797.0
2024-04-17 19:00:00+00:00,108.140625,108.171875,108.09375,108.140625,180146.0
2024-04-17 20:00:00+00:00,108.125,108.203125,108.109375,108.15625,92023.0
2024-04-17 22:00:00+00:00,108.125,108.140625,108.09375,108.109375,0.0
2024-04-17 23:00:00+00:00,108.125,108.171875,108.109375,108.125,17539.0
2024-04-18 00:00:00+00:00,108.125,108.15625,108.0625,108.125,25208.0
2024-04-18 01:00:00+00:00,108.21875,108.234375,108.109375,108.125,23133.0
2024-04-18 02:00:00+00:00,108.203125,108.25,108.1875,108.21875,12216.0
2024-04-18 03:00:00+00:00,108.28125,108.296875,108.1875,108.203125,30170.0
2024-04-18 04:00:00+00:00,108.265625,108.296875,108.234375,108.265625,21630.0
2024-04-18 05:00:00+00:00,108.25,108.265625,108.21875,108.25,16420.0
2024-04-18 06:00:00+00:00,108.234375,108.328125,108.21875,108.25,49635.0
2024-04-18 07:00:00+00:00,108.21875,108.265625,108.140625,108.25,87900.0
2024-04-18 08:00:00+00:00,108.25,108.296875,108.203125,108.21875,61837.0
2024-04-18 09:00:00+00:00,108.234375,108.265625,108.203125,108.265625,44705.0
2024-04-18 10:00:00+00:00,108.1875,108.265625,108.171875,108.21875,43680.0
2024-04-18 11:00:00+00:00,108.140625,108.21875,108.125,108.171875,83887.0
2024-04-18 12:00:00+00:00,108.046875,108.15625,107.90625,108.140625,289620.0
2024-04-18 13:00:00+00:00,107.796875,108.078125,107.78125,108.0625,304692.0
2024-04-18 14:00:00+00:00,107.796875,107.890625,107.765625,107.796875,215543.0
2024-04-18 15:00:00+00:00,107.75,107.84375,107.71875,107.78125,175735.0
2024-04-18 16:00:00+00:00,107.671875,107.78125,107.640625,107.75,165316.0
2024-04-18 17:00:00+00:00,107.71875,107.75,107.671875,107.671875,132711.0
2024-04-18 18:00:00+00:00,107.703125,107.75,107.6875,107.71875,121289.0
2024-04-18 19:00:00+00:00,107.75,107.78125,107.703125,107.703125,94965.0
2024-04-18 20:00:00+00:00,107.78125,107.796875,107.75,107.75,0.0
2024-04-18 22:00:00+00:00,107.8125,107.8125,107.765625,107.78125,5622.0
2024-04-18 23:00:00+00:00,107.84375,107.859375,107.796875,107.8125,10561.0
2024-04-19 00:00:00+00:00,107.953125,107.96875,107.765625,107.828125,37126.0
2024-04-19 01:00:00+00:00,108.390625,108.609375,107.921875,107.953125,273457.0
2024-04-19 02:00:00+00:00,108.5,108.703125,108.40625,108.40625,174582.0
2024-04-19 03:00:00+00:00,108.265625,108.5,108.1875,108.5,136166.0
2024-04-19 04:00:00+00:00,108.34375,108.34375,108.21875,108.265625,38897.0
2024-04-19 05:00:00+00:00,108.234375,108.359375,108.1875,108.34375,36755.0
2024-04-19 06:00:00+00:00,108.109375,108.3125,108.078125,108.25,90881.0
2024-04-19 07:00:00+00:00,108.015625,108.140625,107.9375,108.09375,88566.0
2024-04-19 08:00:00+00:00,108.09375,108.109375,108.015625,108.015625,63641.0
2024-04-19 09:00:00+00:00,108.125,108.15625,108.046875,108.09375,55884.0
2024-04-19 10:00:00+00:00,108.171875,108.203125,108.09375,108.125,65848.0
2024-04-19 11:00:00+00:00,107.984375,108.171875,107.921875,108.15625,100074.0
2024-04-19 12:00:00+00:00,107.953125,108.109375,107.890625,107.96875,185850.0
2024-04-19 13:00:00+00:00,107.828125,107.984375,107.8125,107.9375,151669.0
2024-04-19 14:00:00+00:00,107.890625,107.90625,107.78125,107.828125,130100.0
2024-04-19 15:00:00+00:00,107.96875,107.984375,107.84375,107.890625,96424.0
2024-04-19 16:00:00+00:00,107.875,107.96875,107.875,107.96875,79365.0
2024-04-19 17:00:00+00:00,107.84375,107.890625,107.796875,107.875,63537.0
2024-04-19 18:00:00+00:00,107.921875,107.921875,107.828125,107.84375,100698.0
2024-04-19 19:00:00+00:00,107.90625,107.921875,107.84375,107.90625,91514.0
2024-04-19 20:00:00+00:00,107.84375,107.90625,107.8125,107.90625,54697.0
2024-04-21 22:00:00+00:00,107.71875,107.78125,107.625,107.6875,21801.0
2024-04-21 23:00:00+00:00,107.765625,107.796875,107.71875,107.734375,17518.0
2024-04-22 00:00:00+00:00,107.671875,107.796875,107.609375,107.765625,39776.0
2024-04-22 01:00:00+00:00,107.640625,107.6875,107.59375,107.671875,24024.0
2024-04-22 02:00:00+00:00,107.609375,107.671875,107.59375,107.65625,12239.0
2024-04-22 03:00:00+00:00,107.578125,107.609375,107.546875,107.609375,13571.0
2024-04-22 04:00:00+00:00,107.59375,107.59375,107.5625,107.59375,6405.0
2024-04-22 05:00:00+00:00,107.6875,107.6875,107.578125,107.59375,21433.0
2024-04-22 06:00:00+00:00,107.65625,107.6875,107.609375,107.671875,32427.0
2024-04-22 07:00:00+00:00,107.71900177001953,107.765625,107.671875,107.671875,60541.0
2024-04-22 08:00:00+00:00,107.65625,107.78125,107.625,107.71875,42167.0
2024-04-22 09:00:00+00:00,107.625,107.703125,107.609375,107.640625,43548.0
2024-04-22 10:00:00+00:00,107.609375,107.65625,107.59375,107.625,36187.0
2024-04-22 11:00:00+00:00,107.609375,107.640625,107.578125,107.59375,46375.0
2024-04-22 12:00:00+00:00,107.703125,107.78125,107.59375,107.609375,144992.0
2024-04-22 13:00:00+00:00,107.78125,107.796875,107.6875,107.71875,145166.0
2024-04-22 14:00:00+00:00,107.875,107.921875,107.734375,107.78125,177868.0
2024-04-22 15:00:00+00:00,107.9375,107.9375,107.84375,107.875,86481.0
2024-04-22 16:00:00+00:00,107.875,107.96875,107.875,107.9375,91313.0
2024-04-22 17:00:00+00:00,107.84375,107.890625,107.84375,107.890625,47719.0
2024-04-22 18:00:00+00:00,107.84375,107.859375,107.8125,107.859375,64508.0
2024-04-22 19:00:00+00:00,107.890625,107.90625,107.84375,107.84375,87126.0
2024-04-22 20:00:00+00:00,107.921875,107.9375,107.875,107.875,0.0
2024-04-22 22:00:00+00:00,107.921875,107.953125,107.90625,107.921875,6084.0
2024-04-22 23:00:00+00:00,107.90625,107.953125,107.890625,107.9375,11054.0
2024-04-23 00:00:00+00:00,107.890625,107.953125,107.890625,107.890625,11541.0
2024-04-23 01:00:00+00:00,107.890625,107.90625,107.859375,107.90625,12164.0
2024-04-23 02:00:00+00:00,107.875,107.890625,107.84375,107.890625,7823.0
2024-04-23 03:00:00+00:00,107.921875,107.9375,107.875,107.875,10160.0
2024-04-23 04:00:00+00:00,107.875,107.9375,107.875,107.9375,8325.0
2024-04-23 05:00:00+00:00,107.9375,107.9375,107.859375,107.875,15295.0
2024-04-23 06:00:00+00:00,107.890625,107.96875,107.875,107.921875,27697.0
2024-04-23 07:00:00+00:00,107.828125,107.90625,107.765625,107.890625,87129.0
2024-04-23 08:00:00+00:00,107.796875,107.84375,107.765625,107.81199645996094,43862.0
2024-04-23 09:00:00+00:00,107.828125,107.84375,107.765625,107.78125,27901.0
2024-04-23 10:00:00+00:00,107.828125,107.921875,107.8280029296875,107.828125,34624.0
2024-04-23 11:00:00+00:00,107.671875,107.84375,107.65625,107.84375,82476.0
2024-04-23 12:00:00+00:00,107.703125,107.75,107.640625,107.671875,148166.0
2024-04-23 13:00:00+00:00,108.125,108.1875,107.671875,107.703125,366896.0
2024-04-23 14:00:00+00:00,108.125,108.234375,108.046875,108.125,390139.0
2024-04-23 15:00:00+00:00,108.109375,108.140625,108.0625,108.109375,124084.0
2024-04-23 16:00:00+00:00,108.15625,108.1875,108.078125,108.109375,92451.0
2024-04-23 17:00:00+00:00,108.109375,108.25,108.078125,108.171875,119248.0
2024-04-23 18:00:00+00:00,108.078125,108.140625,108.046875,108.09375,117771.0
2024-04-23 19:00:00+00:00,108.046875,108.09375,108.0,108.0625,141552.0
2024-04-23 20:00:00+00:00,108.03125,108.078125,108.015625,108.046875,0.0
2024-04-23 22:00:00+00:00,108.046875,108.046875,108.0,108.03125,4900.0
2024-04-23 23:00:00+00:00,108.046875,108.0625,108.03125,108.046875,4865.0
2024-04-24 00:00:00+00:00,108.0,108.0625,107.984375,108.0625,15286.0
2024-04-24 01:00:00+00:00,107.96875,108.046875,107.9375,108.015625,29218.0
2024-04-24 02:00:00+00:00,107.921875,107.96875,107.90625,107.96875,20874.0
2024-04-24 03:00:00+00:00,107.9375,107.953125,107.921875,107.921875,7254.0
2024-04-24 04:00:00+00:00,107.921875,107.9375,107.90625,107.9375,9263.0
2024-04-24 05:00:00+00:00,107.9375,107.9375,107.890625,107.921875,12057.0
2024-04-24 06:00:00+00:00,107.890625,107.9375,107.875,107.9375,21545.0
2024-04-24 07:00:00+00:00,107.921875,107.9375,107.875,107.875,34225.0
2024-04-24 08:00:00+00:00,107.875,107.921875,107.84375,107.921875,51442.0
2024-04-24 09:00:00+00:00,107.8125,107.875,107.796875,107.875,43559.0
2024-04-24 10:00:00+00:00,107.796875,107.828125,107.78125,107.7969970703125,46712.0
2024-04-24 11:00:00+00:00,107.765625,107.8125,107.71875,107.796875,65170.0
2024-04-24 12:00:00+00:00,107.734375,107.875,107.671875,107.78125,238888.0
2024-04-24 13:00:00+00:00,107.75,107.859375,107.71875,107.734375,212262.0
2024-04-24 14:00:00+00:00,107.71875,107.765625,107.625,107.75,257684.0
2024-04-24 15:00:00+00:00,107.71875,107.796875,107.703125,107.71875,201819.0
2024-04-24 16:00:00+00:00,107.765625,107.8125,107.71875,107.734375,116747.0
2024-04-24 17:00:00+00:00,107.71875,107.8125,107.671875,107.75,146789.0
2024-04-24 18:00:00+00:00,107.734375,107.75,107.671875,107.71875,148028.0
2024-04-24 19:00:00+00:00,107.8125,107.8125,107.734375,107.75,142344.0
2024-04-24 20:00:00+00:00,107.8125,107.828125,107.765625,107.8125,86215.0
2024-04-24 22:00:00+00:00,107.8125,107.84375,107.796875,107.8125,0.0
2024-04-24 23:00:00+00:00,107.8125,107.828125,107.78125,107.8125,7687.0
2024-04-25 00:00:00+00:00,107.8125,107.8125,107.765625,107.8125,13437.0
2024-04-25 01:00:00+00:00,107.8125,107.828125,107.796875,107.8125,10123.0
2024-04-25 02:00:00+00:00,107.78125,107.828125,107.734375,107.828125,7315.0
2024-04-25 03:00:00+00:00,107.765625,107.78125,107.765625,107.78125,3994.0
2024-04-25 04:00:00+00:00,107.765625,107.78125,107.765625,107.765625,2020.0
2024-04-25 05:00:00+00:00,107.765625,107.78125,107.71875,107.78125,9287.0
2024-04-25 06:00:00+00:00,107.765625,107.796875,107.71875,107.765625,26411.0
2024-04-25 07:00:00+00:00,107.8125,107.84375,107.75,107.765625,36662.0
2024-04-25 08:00:00+00:00,107.8125,107.828125,107.734375,107.828125,35747.0
2024-04-25 09:00:00+00:00,107.828125,107.84375,107.796875,107.828125,41581.0
2024-04-25 10:00:00+00:00,107.8125,107.84375,107.796875,107.828125,34680.0
2024-04-25 11:00:00+00:00,107.765625,107.8125,107.75,107.796875,40874.0
2024-04-25 12:00:00+00:00,107.265625,108.03125,107.234375,107.765625,619424.0
2024-04-25 13:00:00+00:00,107.1875,107.359375,107.125,107.265625,482301.0
2024-04-25 14:00:00+00:00,107.328125,107.390625,107.171875,107.203125,248259.0
2024-04-25 15:00:00+00:00,107.40625,107.421875,107.3125,107.328125,180710.0
2024-04-25 16:00:00+00:00,107.40625,107.46875,107.34375,107.390625,150567.0
2024-04-25 17:00:00+00:00,107.40625,107.4375,107.328125,107.40625,204739.0
2024-04-25 18:00:00+00:00,107.359375,107.40625,107.34375,107.40625,120078.0
2024-04-25 19:00:00+00:00,107.390625,107.40625,107.359375,107.359375,92170.0
2024-04-25 20:00:00+00:00,107.34375,107.40625,107.34375,107.375,0.0
2024-04-25 22:00:00+00:00,107.375,107.390625,107.34375,107.359375,8320.0
2024-04-25 23:00:00+00:00,107.328125,107.375,107.296875,107.375,15348.0
2024-04-26 00:00:00+00:00,107.359375,107.375,107.28125,107.3125,19500.0
2024-04-26 01:00:00+00:00,107.375,107.40625,107.328125,107.359375,22087.0
2024-04-26 02:00:00+00:00,107.359375,107.390625,107.359375,107.375,6549.0
2024-04-26 03:00:00+00:00,107.390625,107.421875,107.328125,107.359375,20354.0
2024-04-26 04:00:00+00:00,107.390625,107.421875,107.375,107.375,7994.0
2024-04-26 05:00:00+00:00,107.40625,107.421875,107.359375,107.40625,15202.0
2024-04-26 06:00:00+00:00,107.515625,107.5625,107.390625,107.421875,65791.0
2024-04-26 07:00:00+00:00,107.53125,107.546875,107.4375,107.515625,58902.0
2024-04-26 08:00:00+00:00,107.484375,107.546875,107.453125,107.53125,40986.0
2024-04-26 09:00:00+00:00,107.46875,107.5,107.453125,107.46875,22960.0
2024-04-26 10:00:00+00:00,107.421875,107.484375,107.390625,107.453125,33483.0
2024-04-26 11:00:00+00:00,107.46875,107.5,107.40625,107.40625,44341.0
2024-04-26 12:00:00+00:00,107.625,107.859375,107.40625,107.46875,399360.0
2024-04-26 13:00:00+00:00,107.671875,107.734375,107.515625,107.609375,267005.0
2024-04-26 14:00:00+00:00,107.609375,107.734375,107.59375,107.6875,185127.0
2024-04-26 15:00:00+00:00,107.59375,107.640625,107.5625,107.609375,131137.0
2024-04-26 16:00:00+00:00,107.59375,107.625,107.546875,107.59375,90095.0
2024-04-26 17:00:00+00:00,107.546875,107.59375,107.53125,107.578125,54273.0
2024-04-26 18:00:00+00:00,107.578125,107.609375,107.53125,107.546875,78216.0
2024-04-26 19:00:00+00:00,107.59375,107.59375,107.546875,107.5625,58017.0
2024-04-26 20:00:00+00:00,107.578125,107.625,107.5780029296875,107.59375,56165.0
2024-04-28 22:00:00+00:00,107.6875,107.703125,107.578125,107.578125,6362.0
2024-04-28 23:00:00+00:00,107.71875,107.734375,107.65625,107.671875,8828.0
2024-04-29 00:00:00+00:00,107.671875,107.734375,107.671875,107.703125,8849.0
2024-04-29 01:00:00+00:00,107.609375,107.671875,107.578125,107.671875,17008.0
2024-04-29 02:00:00+00:00,107.640625,107.65625,107.609375,107.609375,7229.0
2024-04-29 03:00:00+00:00,107.640625,107.65625,107.625,107.625,2913.0
2024-04-29 04:00:00+00:00,107.6875,107.6875,107.625,107.625,12876.0
2024-04-29 05:00:00+00:00,107.65625,107.6875,107.640625,107.671875,6515.0
2024-04-29 06:00:00+00:00,107.734375,107.75,107.625,107.65625,30825.0
2024-04-29 07:00:00+00:00,107.75,107.765625,107.703125,107.75,48256.0
2024-04-29 08:00:00+00:00,107.828125,107.859375,107.703125,107.75,45130.0
2024-04-29 09:00:00+00:00,107.84375,107.875,107.796875,107.84375,44733.0
2024-04-29 10:00:00+00:00,107.8125,107.875,107.8125,107.84375,29175.0
2024-04-29 11:00:00+00:00,107.890625,107.90625,107.796875,107.828125,52707.0
2024-04-29 12:00:00+00:00,107.796875,107.890625,107.75,107.890625,159061.0
2024-04-29 13:00:00+00:00,107.734375,107.828125,107.703125,107.78125,152117.0
2024-04-29 14:00:00+00:00,107.90625,107.921875,107.734375,107.75,135069.0
2024-04-29 15:00:00+00:00,107.84375,107.9375,107.8125,107.90625,117052.0
2024-04-29 16:00:00+00:00,107.921875,107.96875,107.828125,107.828125,104788.0
2024-04-29 17:00:00+00:00,107.921875,107.96875,107.875,107.9375,119053.0
2024-04-29 18:00:00+00:00,107.96875,107.96875,107.90625,107.90625,106244.0
2024-04-29 19:00:00+00:00,107.90625,107.96875,107.8125,107.953125,252272.0
2024-04-29 20:00:00+00:00,107.9375,107.984375,107.90625,107.921875,0.0
2024-04-29 22:00:00+00:00,107.9375,107.953125,107.90625,107.921875,4741.0
2024-04-29 23:00:00+00:00,107.9375,107.96875,107.9375,107.9375,7331.0
2024-04-30 00:00:00+00:00,107.90625,107.96875,107.890625,107.953125,16957.0
2024-04-30 01:00:00+00:00,107.953125,107.96875,107.890625,107.90625,12157.0
2024-04-30 02:00:00+00:00,107.984375,108.015625,107.953125,107.96875,16954.0
2024-04-30 03:00:00+00:00,107.953125,107.984375,107.953125,107.96875,7037.0
2024-04-30 04:00:00+00:00,107.96875,108.0,107.953125,107.96875,7949.0
2024-04-30 05:00:00+00:00,107.953125,107.96875,107.921875,107.96875,10852.0
2024-04-30 06:00:00+00:00,107.84375,107.953125,107.84375,107.953125,57346.0
2024-04-30 07:00:00+00:00,107.796875,107.890625,107.796875,107.859375,50247.0
2024-04-30 08:00:00+00:00,107.859375,107.875,107.796875,107.796875,34724.0
2024-04-30 09:00:00+00:00,107.84375,107.875,107.796875,107.84375,48081.0
2024-04-30 10:00:00+00:00,107.828125,107.875,107.78125,107.84375,41505.0
2024-04-30 11:00:00+00:00,107.890625,107.921875,107.8125,107.8125,47028.0
2024-04-30 12:00:00+00:00,107.609375,107.9375,107.5,107.890625,413821.0
2024-04-30 13:00:00+00:00,107.578125,107.65625,107.515625,107.609375,271606.0
2024-04-30 14:00:00+00:00,107.578125,107.703125,107.5625,107.578125,190248.0
2024-04-30 15:00:00+00:00,107.640625,107.65625,107.53125,107.578125,157873.0
2024-04-30 16:00:00+00:00,107.578125,107.65625,107.5625,107.640625,94723.0
2024-04-30 17:00:00+00:00,107.578125,107.609375,107.5625,107.59375,75280.0
2024-04-30 18:00:00+00:00,107.4375,107.609375,107.421875,107.578125,226405.0
2024-04-30 19:00:00+00:00,107.46875,107.5,107.390625,107.4375,518275.0
2024-04-30 20:00:00+00:00,107.4375,107.484375,107.390625,107.46875,0.0
2024-04-30 22:00:00+00:00,107.453125,107.515625,107.4375,107.453125,13183.0
2024-04-30 23:00:00+00:00,107.4375,107.484375,107.40625,107.46875,12768.0
2024-05-01 00:00:00+00:00,107.515625,107.53125,107.4375,107.4375,13440.0
2024-05-01 01:00:00+00:00,107.5625,107.5625,107.484375,107.515625,19125.0
2024-05-01 02:00:00+00:00,107.546875,107.578125,107.53125,107.5625,10814.0
2024-05-01 03:00:00+00:00,107.5,107.546875,107.5,107.546875,4746.0
2024-05-01 04:00:00+00:00,107.46875,107.53125,107.46875,107.515625,5385.0
2024-05-01 05:00:00+00:00,107.4375,107.46875,107.421875,107.46875,11846.0
2024-05-01 06:00:00+00:00,107.4375,107.453125,107.421875,107.4375,9850.0
2024-05-01 07:00:00+00:00,107.484375,107.5,107.40625,107.4375,17735.0
2024-05-01 08:00:00+00:00,107.40625,107.5,107.40625,107.48400115966797,28434.0
2024-05-01 09:00:00+00:00,107.421875,107.4375,107.390625,107.421875,20683.0
2024-05-01 10:00:00+00:00,107.421875,107.4375,107.390625,107.4375,26183.0
2024-05-01 11:00:00+00:00,107.484375,107.515625,107.421875,107.4375,43804.0
2024-05-01 12:00:00+00:00,107.609375,107.671875,107.4375,107.5,206035.0
2024-05-01 13:00:00+00:00,107.640625,107.75,107.578125,107.59375,180031.0
2024-05-01 14:00:00+00:00,107.640625,107.8125,107.53125,107.65625,258646.0
2024-05-01 15:00:00+00:00,107.640625,107.671875,107.59375,107.625,74848.0
2024-05-01 16:00:00+00:00,107.640625,107.671875,107.609375,107.625,64462.0
2024-05-01 17:00:00+00:00,107.640625,107.6875,107.59375,107.625,74406.0
2024-05-01 18:00:00+00:00,108.109375,108.203125,107.4375,107.625,571508.0
2024-05-01 19:00:00+00:00,107.84375,108.125,107.828125,108.125,328339.0
2024-05-01 20:00:00+00:00,107.859375,107.890625,107.796875,107.859375,0.0
2024-05-01 22:00:00+00:00,107.859375,107.90625,107.84375,107.890625,10388.0
2024-05-01 23:00:00+00:00,107.859375,107.921875,107.84375,107.859375,16960.0
2024-05-02 00:00:00+00:00,107.828125,107.890625,107.796875,107.859375,38520.0
2024-05-02 01:00:00+00:00,107.9375,107.9375,107.828125,107.828125,20237.0
2024-05-02 02:00:00+00:00,107.9375,107.953125,107.921875,107.9375,12005.0
2024-05-02 03:00:00+00:00,107.953125,107.96875,107.90625,107.9375,6148.0
2024-05-02 04:00:00+00:00,107.953125,107.96875,107.9375,107.953125,2899.0
2024-05-02 05:00:00+00:00,108.0,108.0,107.96875,107.96875,17844.0
2024-05-02 06:00:00+00:00,108.015625,108.046875,107.953125,107.984375,35271.0
2024-05-02 07:00:00+00:00,108.078125,108.140625,107.953125,108.015625,72214.0
2024-05-02 08:00:00+00:00,108.0,108.078125,107.953125,108.0625,56779.0
2024-05-02 09:00:00+00:00,108.015625,108.046875,107.984375,108.015625,30261.0
2024-05-02 10:00:00+00:00,108.046875,108.046875,107.953125,108.015625,31637.0
2024-05-02 11:00:00+00:00,108.046875,108.140625,108.03125,108.03125,65926.0
2024-05-02 12:00:00+00:00,107.890625,108.109375,107.859375,108.046875,193230.0
2024-05-02 13:00:00+00:00,107.921875,107.96875,107.78125,107.90625,232722.0
2024-05-02 14:00:00+00:00,108.015625,108.015625,107.859375,107.921875,193901.0
2024-05-02 15:00:00+00:00,108.140625,108.1875,107.984375,108.0,220439.0
2024-05-02 16:00:00+00:00,108.203125,108.21875,108.125,108.15625,145991.0
2024-05-02 17:00:00+00:00,108.328125,108.328125,108.1875,108.203125,167657.0
2024-05-02 18:00:00+00:00,108.359375,108.375,108.28125,108.328125,169030.0
2024-05-02 19:00:00+00:00,108.296875,108.359375,108.28125,108.34375,116732.0
2024-05-02 20:00:00+00:00,108.265625,108.328125,108.21875,108.296875,0.0
2024-05-02 22:00:00+00:00,108.234375,108.265625,108.203125,108.234375,13177.0
2024-05-02 23:00:00+00:00,108.25,108.265625,108.21875,108.25,5909.0
2024-05-03 00:00:00+00:00,108.25,108.28125,108.234375,108.25,9101.0
2024-05-03 01:00:00+00:00,108.296875,108.34375,108.25,108.265625,13130.0
2024-05-03 02:00:00+00:00,108.28125,108.34375,108.28125,108.296875,8620.0
2024-05-03 03:00:00+00:00,108.296875,108.328125,108.28125,108.296875,5884.0
2024-05-03 04:00:00+00:00,108.3125,108.3125,108.296875,108.3125,2060.0
2024-05-03 05:00:00+00:00,108.3125,108.34375,108.296875,108.3125,7180.0
2024-05-03 06:00:00+00:00,108.21875,108.34375,108.21875,108.328125,36146.0
2024-05-03 07:00:00+00:00,108.25,108.296875,108.1875,108.234375,51359.0
2024-05-03 08:00:00+00:00,108.296875,108.328125,108.234375,108.25,35109.0
2024-05-03 09:00:00+00:00,108.328125,108.34375,108.28125,108.296875,39866.0
2024-05-03 10:00:00+00:00,108.328125,108.390625,108.328125,108.34400177001953,35766.0
2024-05-03 11:00:00+00:00,108.4375,108.46875,108.296875,108.328125,91424.0
2024-05-03 12:00:00+00:00,108.953125,109.296875,108.390625,108.421875,718924.0
2024-05-03 13:00:00+00:00,108.796875,109.046875,108.75,108.953125,443016.0
2024-05-03 14:00:00+00:00,108.703125,109.09375,108.578125,108.8125,546850.0
2024-05-03 15:00:00+00:00,108.828125,108.828125,108.6875,108.6875,189684.0
2024-05-03 16:00:00+00:00,108.765625,108.859375,108.734375,108.8125,123149.0
2024-05-03 17:00:00+00:00,108.796875,108.828125,108.734375,108.765625,76838.0
2024-05-03 18:00:00+00:00,108.859375,108.875,108.78125,108.78125,114985.0
2024-05-03 19:00:00+00:00,108.8125,108.875,108.78125,108.84375,133898.0
2024-05-03 20:00:00+00:00,108.75,108.859375,108.75,108.8125,70619.0
2024-05-05 22:00:00+00:00,108.796875,108.8125,108.734375,108.78125,8301.0
2024-05-05 23:00:00+00:00,108.71875,108.796875,108.71875,108.796875,10265.0
2024-05-06 00:00:00+00:00,108.78125,108.796875,108.71875,108.71875,7692.0
2024-05-06 01:00:00+00:00,108.765625,108.8125,108.75,108.78125,11324.0
2024-05-06 02:00:00+00:00,108.796875,108.8125,108.75,108.765625,8690.0
2024-05-06 03:00:00+00:00,108.796875,108.8125,108.765625,108.78125,4871.0
2024-05-06 04:00:00+00:00,108.8125,108.8125,108.765625,108.78125,4542.0
2024-05-06 05:00:00+00:00,108.875,108.890625,108.796875,108.8125,17499.0
2024-05-06 06:00:00+00:00,108.953125,108.96875,108.875,108.875,17986.0
2024-05-06 07:00:00+00:00,108.953125,109.015625,108.921875,108.953125,34024.0
2024-05-06 08:00:00+00:00,108.96875,109.0,108.90625,108.953125,25417.0
2024-05-06 09:00:00+00:00,109.0,109.0,108.96875,108.984375,15078.0
2024-05-06 10:00:00+00:00,108.984375,109.03125,108.9375,109.03099822998047,34522.0
2024-05-06 11:00:00+00:00,108.921875,109.015625,108.890625,108.984375,49088.0
2024-05-06 12:00:00+00:00,109.015625,109.046875,108.890625,108.921875,128078.0
2024-05-06 13:00:00+00:00,108.8125,109.015625,108.796875,109.015625,155412.0
2024-05-06 14:00:00+00:00,108.796875,108.84375,108.78125,108.8125,74514.0
2024-05-06 15:00:00+00:00,108.859375,108.859375,108.75,108.796875,101823.0
2024-05-06 16:00:00+00:00,108.890625,108.890625,108.796875,108.84375,89043.0
2024-05-06 17:00:00+00:00,108.9375,108.953125,108.875,108.890625,88712.0
2024-05-06 18:00:00+00:00,108.890625,108.96875,108.84375,108.921875,114969.0
2024-05-06 19:00:00+00:00,108.875,108.90625,108.828125,108.890625,116592.0
2024-05-06 20:00:00+00:00,108.859375,108.890625,108.84375,108.875,0.0
2024-05-06 22:00:00+00:00,108.875,108.90625,108.859375,108.890625,3238.0
2024-05-06 23:00:00+00:00,108.828125,108.90625,108.8125,108.859375,7912.0
2024-05-07 00:00:00+00:00,108.875,108.90625,108.8125,108.828125,18163.0
2024-05-07 01:00:00+00:00,108.859375,108.890625,108.84375,108.875,11806.0
2024-05-07 02:00:00+00:00,108.859375,108.859375,108.8125,108.859375,8055.0
2024-05-07 03:00:00+00:00,108.875,108.890625,108.828125,108.859375,16389.0
2024-05-07 04:00:00+00:00,108.953125,108.984375,108.875,108.875,22409.0
2024-05-07 05:00:00+00:00,108.9375,108.984375,108.9375,108.96875,18601.0
2024-05-07 06:00:00+00:00,108.9375,108.984375,108.921875,108.9375,26453.0
2024-05-07 07:00:00+00:00,109.0625,109.09375,108.90625,108.953125,74541.0
2024-05-07 08:00:00+00:00,109.03125,109.078125,109.0,109.0625,45027.0
2024-05-07 09:00:00+00:00,108.984375,109.0625,108.96875,109.03125,31083.0
2024-05-07 10:00:00+00:00,109.015625,109.046875,108.9375,108.984375,42535.0
2024-05-07 11:00:00+00:00,108.96875,109.078125,108.9375,109.03125,56003.0
2024-05-07 12:00:00+00:00,109.109375,109.125,108.890625,108.96875,135770.0
2024-05-07 13:00:00+00:00,109.109375,109.1875,109.078125,109.09375,206892.0
2024-05-07 14:00:00+00:00,109.171875,109.21875,109.109375,109.109375,163426.0
2024-05-07 15:00:00+00:00,109.25,109.28125,109.171875,109.171875,158748.0
2024-05-07 16:00:00+00:00,109.203125,109.25,109.15625,109.234375,102994.0
2024-05-07 17:00:00+00:00,109.09375,109.203125,109.09375,109.203125,77276.0
2024-05-07 18:00:00+00:00,109.015625,109.109375,108.984375,109.09375,155155.0
2024-05-07 19:00:00+00:00,109.046875,109.046875,108.96875,109.015625,146682.0
2024-05-07 20:00:00+00:00,109.015625,109.0625,109.0,109.03125,0.0
2024-05-07 22:00:00+00:00,109.046875,109.0625,108.984375,109.015625,8965.0
2024-05-07 23:00:00+00:00,109.03125,109.078125,109.03125,109.046875,8861.0
2024-05-08 00:00:00+00:00,108.984375,109.09375,108.96875,109.046875,24020.0
2024-05-08 01:00:00+00:00,108.984375,109.015625,108.96875,108.984375,13194.0
2024-05-08 02:00:00+00:00,108.921875,109.0,108.921875,109.0,27989.0
2024-05-08 03:00:00+00:00,108.90625,108.9375,108.890625,108.921875,17946.0
2024-05-08 04:00:00+00:00,108.9375,108.953125,108.90625,108.90625,11545.0
2024-05-08 05:00:00+00:00,108.953125,108.953125,108.90625,108.9375,23917.0
2024-05-08 06:00:00+00:00,108.921875,109.0,108.90625,108.9375,67204.0
2024-05-08 07:00:00+00:00,108.96875,109.03125,108.90625,108.90625,55455.0
2024-05-08 08:00:00+00:00,108.953125,108.96900177001953,108.921875,108.953125,30072.0
2024-05-08 09:00:00+00:00,108.890625,108.953125,108.859375,108.9375,61581.0
2024-05-08 10:00:00+00:00,108.90625,108.921875,108.875,108.890625,27211.0
2024-05-08 11:00:00+00:00,108.859375,108.90625,108.8125,108.90625,55318.0
2024-05-08 12:00:00+00:00,108.828125,108.921875,108.796875,108.859375,146718.0
2024-05-08 13:00:00+00:00,108.859375,108.90625,108.8125,108.8125,134388.0
2024-05-08 14:00:00+00:00,108.875,108.953125,108.84375,108.84375,166757.0
2024-05-08 15:00:00+00:00,108.890625,108.921875,108.84375,108.890625,104427.0
2024-05-08 16:00:00+00:00,108.890625,108.921875,108.84375,108.890625,100467.0
2024-05-08 17:00:00+00:00,108.84375,108.90625,108.8125,108.890625,125759.0
2024-05-08 18:00:00+00:00,108.8125,108.859375,108.8125,108.84375,74898.0
2024-05-08 19:00:00+00:00,108.796875,108.859375,108.765625,108.8125,131790.0
2024-05-08 20:00:00+00:00,108.8125,108.84375,108.765625,108.8125,0.0
2024-05-08 22:00:00+00:00,108.765625,108.8125,108.765625,108.8125,9485.0
2024-05-08 23:00:00+00:00,108.78125,108.796875,108.75,108.765625,13619.0
2024-05-09 00:00:00+00:00,108.75,108.796875,108.71875,108.78125,27179.0
2024-05-09 01:00:00+00:00,108.75,108.765625,108.71875,108.734375,11061.0
2024-05-09 02:00:00+00:00,108.734375,108.75,108.71875,108.75,11678.0
2024-05-09 03:00:00+00:00,108.703125,108.734375,108.6875,108.71875,15737.0
2024-05-09 04:00:00+00:00,108.703125,108.703125,108.671875,108.6875,10881.0
2024-05-09 05:00:00+00:00,108.703125,108.71875,108.6875,108.703125,10547.0
2024-05-09 06:00:00+00:00,108.71875,108.75,108.65625,108.703125,34637.0
2024-05-09 07:00:00+00:00,108.65625,108.75,108.640625,108.71875,59577.0
2024-05-09 08:00:00+00:00,108.640625,108.671875,108.609375,108.65625,55682.0
2024-05-09 09:00:00+00:00,108.671875,108.6875,108.625,108.640625,31735.0
2024-05-09 10:00:00+00:00,108.671875,108.703125,108.640625,108.65625,39438.0
2024-05-09 11:00:00+00:00,108.65625,108.734375,108.640625,108.671875,72001.0
2024-05-09 12:00:00+00:00,108.828125,108.953125,108.625,108.640625,292907.0
2024-05-09 13:00:00+00:00,108.765625,108.84375,108.734375,108.84375,231857.0
2024-05-09 14:00:00+00:00,108.84375,108.890625,108.75,108.765625,130122.0
2024-05-09 15:00:00+00:00,108.859375,108.921875,108.84375,108.859375,111874.0
2024-05-09 16:00:00+00:00,108.890625,108.890625,108.828125,108.875,77164.0
2024-05-09 17:00:00+00:00,109.015625,109.046875,108.828125,108.890625,203154.0
2024-05-09 18:00:00+00:00,109.09375,109.109375,109.0,109.03125,144249.0
2024-05-09 19:00:00+00:00,109.03125,109.09375,109.015625,109.078125,100223.0
2024-05-09 20:00:00+00:00,109.015625,109.09375,109.0,109.03125,0.0
2024-05-09 22:00:00+00:00,109.015625,109.03125,108.984375,109.015625,7465.0
2024-05-09 23:00:00+00:00,108.984375,109.03125,108.96875,109.015625,6698.0
2024-05-10 00:00:00+00:00,109.046875,109.078125,108.984375,108.984375,31044.0
2024-05-10 01:00:00+00:00,109.03125,109.09375,109.015625,109.0625,21774.0
2024-05-10 02:00:00+00:00,109.0,109.046875,108.96875,109.03125,18024.0
2024-05-10 03:00:00+00:00,108.984375,109.015625,108.96875,109.0,10549.0
2024-05-10 04:00:00+00:00,108.984375,109.015625,108.96875,108.984375,7528.0
2024-05-10 05:00:00+00:00,108.984375,109.0,108.96875,108.984375,22298.0
2024-05-10 06:00:00+00:00,109.046875,109.046875,108.96875,108.984375,29984.0
2024-05-10 07:00:00+00:00,109.046875,109.09375,109.015625,109.046875,52489.0
2024-05-10 08:00:00+00:00,109.078125,109.109375,109.03125,109.046875,32722.0
2024-05-10 09:00:00+00:00,109.046875,109.109375,109.03125,109.09375,30717.0
2024-05-10 10:00:00+00:00,109.015625,109.0625,109.0,109.046875,25153.0
2024-05-10 11:00:00+00:00,108.9375,109.015625,108.90625,109.015625,48596.0
2024-05-10 12:00:00+00:00,108.8125,108.9375,108.78125,108.9375,224068.0
2024-05-10 13:00:00+00:00,108.828125,108.859375,108.796875,108.8125,102645.0
2024-05-10 14:00:00+00:00,108.71875,108.859375,108.703125,108.828125,209482.0
2024-05-10 15:00:00+00:00,108.75,108.765625,108.703125,108.71875,91643.0
2024-05-10 16:00:00+00:00,108.703125,108.75,108.671875,108.75,108063.0
2024-05-10 17:00:00+00:00,108.703125,108.765625,108.703125,108.703125,75902.0
2024-05-10 18:00:00+00:00,108.703125,108.734375,108.6875,108.703125,130773.0
2024-05-10 19:00:00+00:00,108.703125,108.71875,108.671875,108.703125,67822.0
2024-05-10 20:00:00+00:00,108.71875,108.734375,108.703125,108.703125,32224.0
2024-05-12 22:00:00+00:00,108.75,108.75,108.71875,108.734375,7230.0
2024-05-12 23:00:00+00:00,108.78125,108.78125,108.734375,108.75,4734.0
2024-05-13 00:00:00+00:00,108.796875,108.796875,108.765625,108.78125,14770.0
2024-05-13 01:00:00+00:00,108.75,108.78125,108.734375,108.78125,12191.0
2024-05-13 02:00:00+00:00,108.765625,108.765625,108.75,108.765625,4435.0
2024-05-13 03:00:00+00:00,108.75,108.78125,108.75,108.765625,9018.0
2024-05-13 04:00:00+00:00,108.75,108.765625,108.734375,108.75,7252.0
2024-05-13 05:00:00+00:00,108.75,108.765625,108.734375,108.75,7086.0
2024-05-13 06:00:00+00:00,108.8125,108.828125,108.75,108.75,24131.0
2024-05-13 07:00:00+00:00,108.78125,108.828125,108.75,108.8125,35726.0
2024-05-13 08:00:00+00:00,108.75,108.796875,108.734375,108.796875,35933.0
2024-05-13 09:00:00+00:00,108.8125,108.8125,108.75,108.765625,32491.0
2024-05-13 10:00:00+00:00,108.828125,108.859375,108.796875,108.8125,23223.0
2024-05-13 11:00:00+00:00,108.828125,108.859375,108.78125,108.828125,47363.0
2024-05-13 12:00:00+00:00,108.90625,108.921875,108.796875,108.8125,110858.0
2024-05-13 13:00:00+00:00,108.890625,109.0,108.859375,108.90625,147891.0
2024-05-13 14:00:00+00:00,108.890625,108.9375,108.859375,108.890625,87296.0
2024-05-13 15:00:00+00:00,108.796875,108.90625,108.78125,108.890625,154497.0
2024-05-13 16:00:00+00:00,108.875,108.875,108.796875,108.796875,66397.0
2024-05-13 17:00:00+00:00,108.890625,108.890625,108.859375,108.859375,50598.0
2024-05-13 18:00:00+00:00,108.84375,108.890625,108.8125,108.875,100425.0
2024-05-13 19:00:00+00:00,108.78125,108.84375,108.765625,108.84375,116362.0
2024-05-13 20:00:00+00:00,108.828125,108.828125,108.75,108.78125,57085.0
2024-05-13 22:00:00+00:00,108.765625,108.78125,108.765625,108.765625,0.0
2024-05-13 23:00:00+00:00,108.796875,108.8125,108.765625,108.765625,5067.0
2024-05-14 00:00:00+00:00,108.78125,108.8125,108.765625,108.796875,12812.0
2024-05-14 01:00:00+00:00,108.796875,108.8125,108.75,108.765625,14752.0
2024-05-14 02:00:00+00:00,108.78125,108.828125,108.78125,108.796875,8142.0
2024-05-14 03:00:00+00:00,108.796875,108.8125,108.78125,108.78125,6093.0
2024-05-14 04:00:00+00:00,108.78125,108.8125,108.78125,108.796875,3506.0
2024-05-14 05:00:00+00:00,108.78125,108.796875,108.78125,108.78125,8725.0
2024-05-14 06:00:00+00:00,108.8125,108.828125,108.78125,108.796875,22767.0
2024-05-14 07:00:00+00:00,108.859375,108.890625,108.796875,108.8125,44762.0
2024-05-14 08:00:00+00:00,108.875,108.90625,108.84375,108.859375,41659.0
2024-05-14 09:00:00+00:00,108.890625,108.890625,108.8125,108.875,30148.0
2024-05-14 10:00:00+00:00,108.859375,108.875,108.84375,108.875,36964.0
2024-05-14 11:00:00+00:00,108.84375,108.890625,108.828125,108.875,43645.0
2024-05-14 12:00:00+00:00,108.796875,108.875,108.46875,108.84375,384205.0
2024-05-14 13:00:00+00:00,108.984375,109.078125,108.765625,108.796875,304745.0
2024-05-14 14:00:00+00:00,108.953125,109.03125,108.875,109.0,202223.0
2024-05-14 15:00:00+00:00,108.90625,109.0,108.859375,108.96875,163009.0
2024-05-14 16:00:00+00:00,109.03125,109.046875,108.875,108.890625,99965.0
2024-05-14 17:00:00+00:00,109.015625,109.0625,108.984375,109.046875,55657.0
2024-05-14 18:00:00+00:00,109.09375,109.09375,109.0,109.015625,95920.0
2024-05-14 19:00:00+00:00,109.046875,109.09375,109.03125,109.09375,92276.0
2024-05-14 20:00:00+00:00,109.09375,109.109375,109.03125,109.03125,0.0
2024-05-14 22:00:00+00:00,109.0625,109.109375,109.046875,109.09375,13899.0
2024-05-14 23:00:00+00:00,109.046875,109.0625,109.015625,109.0625,9676.0
2024-05-15 00:00:00+00:00,109.078125,109.078125,109.03125,109.03125,9319.0
2024-05-15 01:00:00+00:00,109.078125,109.09375,109.0625,109.0625,5774.0
2024-05-15 02:00:00+00:00,109.078125,109.09375,109.0625,109.078125,9678.0
2024-05-15 03:00:00+00:00,109.078125,109.09375,109.0625,109.078125,3259.0
2024-05-15 04:00:00+00:00,109.09375,109.09375,109.0625,109.09375,10479.0
2024-05-15 05:00:00+00:00,109.15625,109.171875,109.078125,109.09375,20371.0
2024-05-15 06:00:00+00:00,109.15625,109.203125,109.15625,109.171875,35328.0
2024-05-15 07:00:00+00:00,109.203125,109.203125,109.140625,109.171875,46625.0
2024-05-15 08:00:00+00:00,109.21875,109.234375,109.15625,109.203125,55265.0
2024-05-15 09:00:00+00:00,109.234375,109.25,109.1875,109.21875,50501.0
2024-05-15 10:00:00+00:00,109.21875,109.25,109.21875,109.234375,35081.0
2024-05-15 11:00:00+00:00,109.28125,109.328125,109.21875,109.21875,89071.0
2024-05-15 12:00:00+00:00,109.671875,109.828125,109.15625,109.28125,636633.0
2024-05-15 13:00:00+00:00,109.484375,109.703125,109.4375,109.671875,412575.0
2024-05-15 14:00:00+00:00,109.5625,109.609375,109.453125,109.484375,242859.0
2024-05-15 15:00:00+00:00,109.625,109.65625,109.5625,109.5625,135314.0
2024-05-15 16:00:00+00:00,109.765625,109.78125,109.578125,109.625,184040.0
2024-05-15 17:00:00+00:00,109.765625,109.796875,109.734375,109.765625,112332.0
2024-05-15 18:00:00+00:00,109.71875,109.78125,109.65625,109.765625,148750.0
2024-05-15 19:00:00+00:00,109.734375,109.75,109.671875,109.703125,208358.0
2024-05-15 20:00:00+00:00,109.78125,109.796875,109.71875,109.71875,0.0
2024-05-15 22:00:00+00:00,109.78125,109.796875,109.75,109.765625,9647.0
2024-05-15 23:00:00+00:00,109.8125,109.84375,109.765625,109.796875,13890.0
2024-05-16 00:00:00+00:00,109.984375,109.984375,109.796875,109.8125,40405.0
2024-05-16 01:00:00+00:00,109.921875,109.984375,109.875,109.984375,50385.0
2024-05-16 02:00:00+00:00,109.859375,109.921875,109.859375,109.921875,15568.0
2024-05-16 03:00:00+00:00,109.953125,109.96875,109.859375,109.875,25745.0
2024-05-16 04:00:00+00:00,109.890625,109.953125,109.890625,109.953125,21202.0
2024-05-16 05:00:00+00:00,109.890625,109.921875,109.875,109.890625,13154.0
2024-05-16 06:00:00+00:00,109.828125,109.90625,109.796875,109.890625,45496.0
2024-05-16 07:00:00+00:00,109.84375,109.875,109.765625,109.828125,53508.0
2024-05-16 08:00:00+00:00,109.765625,109.859375,109.765625,109.859375,37891.0
2024-05-16 09:00:00+00:00,109.8125,109.8125,109.75,109.78125,33905.0
2024-05-16 10:00:00+00:00,109.78125,109.8125,109.75,109.7969970703125,32006.0
2024-05-16 11:00:00+00:00,109.8125,109.84375,109.703125,109.78125,79754.0
2024-05-16 12:00:00+00:00,109.65625,109.90625,109.625,109.796875,285481.0
2024-05-16 13:00:00+00:00,109.546875,109.6875,109.515625,109.65625,227654.0
2024-05-16 14:00:00+00:00,109.65625,109.65625,109.53125,109.546875,158784.0
2024-05-16 15:00:00+00:00,109.546875,109.65625,109.53125,109.65625,115017.0
2024-05-16 16:00:00+00:00,109.546875,109.546875,109.484375,109.546875,99319.0
2024-05-16 17:00:00+00:00,109.53125,109.5625,109.515625,109.53125,66384.0
2024-05-16 18:00:00+00:00,109.5,109.546875,109.46875,109.53125,97668.0
2024-05-16 19:00:00+00:00,109.46875,109.5,109.4375,109.5,132505.0
2024-05-16 20:00:00+00:00,109.5,109.5,109.453125,109.46875,64351.0
2024-05-16 22:00:00+00:00,109.53125,109.546875,109.484375,109.484375,0.0
2024-05-16 23:00:00+00:00,109.53125,109.546875,109.515625,109.515625,11897.0
2024-05-17 00:00:00+00:00,109.546875,109.5625,109.515625,109.53125,13221.0
2024-05-17 01:00:00+00:00,109.5625,109.578125,109.53125,109.546875,13000.0
2024-05-17 02:00:00+00:00,109.546875,109.578125,109.53125,109.578125,21908.0
2024-05-17 03:00:00+00:00,109.53125,109.546875,109.515625,109.53125,7465.0
2024-05-17 04:00:00+00:00,109.53125,109.546875,109.515625,109.53125,3779.0
2024-05-17 05:00:00+00:00,109.5,109.546875,109.5,109.546875,3088.0
2024-05-17 06:00:00+00:00,109.53125,109.546875,109.46875,109.515625,24607.0
2024-05-17 07:00:00+00:00,109.453125,109.5625,109.4375,109.546875,29320.0
2024-05-17 08:00:00+00:00,109.421875,109.46875,109.40625,109.453125,41446.0
2024-05-17 09:00:00+00:00,109.40625,109.4375,109.390625,109.4375,36536.0
2024-05-17 10:00:00+00:00,109.390625,109.4219970703125,109.375,109.40625,29301.0
2024-05-17 11:00:00+00:00,109.359375,109.40625,109.328125,109.390625,44848.0
2024-05-17 12:00:00+00:00,109.328125,109.40625,109.3125,109.375,119590.0
2024-05-17 13:00:00+00:00,109.328125,109.359375,109.28125,109.328125,141765.0
2024-05-17 14:00:00+00:00,109.390625,109.40625,109.328125,109.34375,113469.0
2024-05-17 15:00:00+00:00,109.265625,109.40625,109.25,109.390625,136138.0
2024-05-17 16:00:00+00:00,109.171875,109.296875,109.171875,109.265625,108769.0
2024-05-17 17:00:00+00:00,109.15625,109.21875,109.15625,109.171875,89947.0
2024-05-17 18:00:00+00:00,109.171875,109.21875,109.15625,109.15625,125458.0
2024-05-17 19:00:00+00:00,109.171875,109.1875,109.15625,109.1875,47373.0
2024-05-17 20:00:00+00:00,109.15625,109.1875,109.15599822998047,109.15625,54642.0
2024-05-19 22:00:00+00:00,109.21875,109.21875,109.171875,109.171875,6965.0
2024-05-19 23:00:00+00:00,109.21875,109.234375,109.203125,109.203125,5007.0
2024-05-20 00:00:00+00:00,109.25,109.265625,109.15625,109.203125,16919.0
2024-05-20 01:00:00+00:00,109.265625,109.28125,109.25,109.265625,4858.0
2024-05-20 02:00:00+00:00,109.21875,109.265625,109.1875,109.25,11468.0
2024-05-20 03:00:00+00:00,109.21875,109.234375,109.203125,109.21875,7895.0
2024-05-20 04:00:00+00:00,109.203125,109.234375,109.203125,109.21875,3490.0
2024-05-20 05:00:00+00:00,109.171875,109.21875,109.171875,109.203125,7077.0
2024-05-20 06:00:00+00:00,109.203125,109.203125,109.125,109.171875,30343.0
2024-05-20 07:00:00+00:00,109.140625,109.21875,109.140625,109.203125,38570.0
2024-05-20 08:00:00+00:00,109.15625,109.1875,109.140625,109.140625,22944.0
2024-05-20 09:00:00+00:00,109.21900177001953,109.25,109.15625,109.15625,21418.0
2024-05-20 10:00:00+00:00,109.1875,109.21875,109.15625,109.203125,13322.0
2024-05-20 11:00:00+00:00,109.234375,109.25,109.1875,109.203125,36285.0
2024-05-20 12:00:00+00:00,109.0,109.234375,108.953125,109.234375,196042.0
2024-05-20 13:00:00+00:00,109.09375,109.109375,108.984375,108.984375,137250.0
2024-05-20 14:00:00+00:00,109.0625,109.109375,109.0,109.09375,126444.0
2024-05-20 15:00:00+00:00,109.03125,109.078125,109.0,109.0625,63894.0
2024-05-20 16:00:00+00:00,109.046875,109.0625,109.015625,109.03125,62830.0
2024-05-20 17:00:00+00:00,109.078125,109.09375,109.046875,109.0625,61810.0
2024-05-20 18:00:00+00:00,109.09375,109.125,109.0625,109.078125,66959.0
2024-05-20 19:00:00+00:00,109.03125,109.09375,109.0,109.078125,93682.0
2024-05-20 20:00:00+00:00,109.015625,109.03125,108.984375,109.015625,0.0
2024-05-20 22:00:00+00:00,109.03125,109.0625,109.0,109.0,3113.0
2024-05-20 23:00:00+00:00,109.015625,109.0625,109.015625,109.046875,6861.0
2024-05-21 00:00:00+00:00,109.0625,109.0625,109.0,109.03125,11778.0
2024-05-21 01:00:00+00:00,109.046875,109.046875,108.984375,109.046875,20686.0
2024-05-21 02:00:00+00:00,109.03125,109.046875,109.0,109.046875,9041.0
2024-05-21 03:00:00+00:00,109.015625,109.03125,109.0,109.015625,2280.0
2024-05-21 04:00:00+00:00,109.03125,109.046875,109.0,109.0,6535.0
2024-05-21 05:00:00+00:00,109.046875,109.046875,109.03125,109.03125,6770.0
2024-05-21 06:00:00+00:00,109.046875,109.078125,109.03125,109.046875,21366.0
2024-05-21 07:00:00+00:00,109.078125,109.125,109.03125,109.046875,43024.0
2024-05-21 08:00:00+00:00,109.125,109.140625,109.078125,109.078125,29827.0
2024-05-21 09:00:00+00:00,109.15625,109.171875,109.125,109.125,32208.0
2024-05-21 10:00:00+00:00,109.15625,109.1875,109.125,109.140625,28693.0
2024-05-21 11:00:00+00:00,109.1875,109.203125,109.140625,109.15625,32970.0
2024-05-21 12:00:00+00:00,109.21875,109.234375,109.09375,109.1875,138265.0
2024-05-21 13:00:00+00:00,109.28125,109.328125,109.0625,109.203125,335604.0
2024-05-21 14:00:00+00:00,109.21875,109.3125,109.203125,109.28125,232897.0
2024-05-21 15:00:00+00:00,109.28125,109.28125,109.203125,109.21875,124160.0
2024-05-21 16:00:00+00:00,109.296875,109.3125,109.234375,109.28125,58144.0
2024-05-21 17:00:00+00:00,109.234375,109.296875,109.21875,109.28125,51698.0
2024-05-21 18:00:00+00:00,109.234375,109.25,109.21875,109.234375,81083.0
2024-05-21 19:00:00+00:00,109.25,109.265625,109.1875,109.21875,87751.0
2024-05-21 20:00:00+00:00,109.234375,109.25,109.21875,109.234375,56050.0
2024-05-21 22:00:00+00:00,109.21875,109.234375,109.203125,109.21875,0.0
2024-05-21 23:00:00+00:00,109.21875,109.234375,109.21875,109.234375,1933.0
2024-05-22 00:00:00+00:00,109.203125,109.25,109.1875,109.21875,14412.0
2024-05-22 01:00:00+00:00,109.25,109.25,109.171875,109.203125,9505.0
2024-05-22 02:00:00+00:00,109.203125,109.25,109.203125,109.234375,8828.0
2024-05-22 03:00:00+00:00,109.21875,109.234375,109.203125,109.203125,5268.0
2024-05-22 04:00:00+00:00,109.1875,109.234375,109.1875,109.234375,6199.0
2024-05-22 05:00:00+00:00,109.171875,109.1875,109.140625,109.1875,18766.0
2024-05-22 06:00:00+00:00,109.015625,109.15625,109.0,109.15625,90630.0
2024-05-22 07:00:00+00:00,109.015625,109.0625,108.984375,109.015625,61085.0
2024-05-22 08:00:00+00:00,109.046875,109.0625,109.015625,109.015625,37688.0
2024-05-22 09:00:00+00:00,109.03125,109.0625,108.984375,109.046875,30734.0
2024-05-22 10:00:00+00:00,109.015625,109.0625,108.984375,109.03125,32715.0
2024-05-22 11:00:00+00:00,108.921875,109.03125,108.890625,109.015625,107143.0
2024-05-22 12:00:00+00:00,108.953125,108.984375,108.890625,108.921875,157458.0
2024-05-22 13:00:00+00:00,109.078125,109.109375,108.9375,108.96875,290753.0
2024-05-22 14:00:00+00:00,109.171875,109.171875,109.03125,109.078125,279007.0
2024-05-22 15:00:00+00:00,109.140625,109.1875,109.078125,109.171875,186546.0
2024-05-22 16:00:00+00:00,109.125,109.15625,109.09375,109.125,140415.0
2024-05-22 17:00:00+00:00,109.15625,109.1875,109.078125,109.125,129206.0
2024-05-22 18:00:00+00:00,109.015625,109.15625,109.015625,109.15625,207761.0
2024-05-22 19:00:00+00:00,109.078125,109.09375,109.015625,109.03125,165009.0
2024-05-22 20:00:00+00:00,109.078125,109.09375,109.046875,109.0625,0.0
2024-05-22 22:00:00+00:00,109.03125,109.09375,109.03125,109.078125,6740.0
2024-05-22 23:00:00+00:00,109.0625,109.078125,109.03125,109.046875,4972.0
2024-05-23 00:00:00+00:00,109.0625,109.09375,109.0,109.078125,20395.0
2024-05-23 01:00:00+00:00,109.109375,109.125,109.046875,109.0625,12140.0
2024-05-23 02:00:00+00:00,109.09375,109.125,109.078125,109.109375,7690.0
2024-05-23 03:00:00+00:00,109.0625,109.09375,109.046875,109.09375,6985.0
2024-05-23 04:00:00+00:00,109.0625,109.078125,109.03125,109.078125,7127.0
2024-05-23 05:00:00+00:00,109.03125,109.0625,109.015625,109.046875,7330.0
2024-05-23 06:00:00+00:00,109.0625,109.078125,108.984375,109.015625,47091.0
2024-05-23 07:00:00+00:00,109.0,109.15625,108.984375,109.0625,83893.0
2024-05-23 08:00:00+00:00,108.984375,109.015625,108.921875,109.0,82358.0
2024-05-23 09:00:00+00:00,109.140625,109.171875,108.953125,108.984375,70303.0
2024-05-23 10:00:00+00:00,109.109375,109.1875,109.078125,109.15625,51107.0
2024-05-23 11:00:00+00:00,109.09375,109.140625,109.0625,109.109375,62931.0
2024-05-23 12:00:00+00:00,108.96875,109.1875,108.96875,109.09375,239425.0
2024-05-23 13:00:00+00:00,108.734375,109.09375,108.671875,108.984375,833739.0
2024-05-23 14:00:00+00:00,108.640625,108.796875,108.546875,108.75,543157.0
2024-05-23 15:00:00+00:00,108.625,108.65625,108.5625,108.625,251392.0
2024-05-23 16:00:00+00:00,108.671875,108.6875,108.625,108.625,165385.0
2024-05-23 17:00:00+00:00,108.71875,108.71875,108.609375,108.65625,285733.0
2024-05-23 18:00:00+00:00,108.71875,108.765625,108.6875,108.71875,763874.0
2024-05-23 19:00:00+00:00,108.703125,108.734375,108.671875,108.71875,228833.0
2024-05-23 20:00:00+00:00,108.6875,108.71875,108.6875,108.6875,0.0
2024-05-23 22:00:00+00:00,108.703125,108.71875,108.6875,108.6875,4179.0
2024-05-23 23:00:00+00:00,108.71875,108.734375,108.6875,108.71875,9301.0
2024-05-24 00:00:00+00:00,108.78125,108.796875,108.6875,108.703125,39289.0
2024-05-24 01:00:00+00:00,108.75,108.796875,108.734375,108.765625,35975.0
2024-05-24 02:00:00+00:00,108.765625,108.78125,108.71875,108.734375,16448.0
2024-05-24 03:00:00+00:00,108.75,108.78125,108.734375,108.75,9255.0
2024-05-24 04:00:00+00:00,108.75,108.765625,108.734375,108.75,27990.0
2024-05-24 05:00:00+00:00,108.734375,108.75,108.703125,108.75,13135.0
2024-05-24 06:00:00+00:00,108.78125,108.78125,108.703125,108.734375,30145.0
2024-05-24 07:00:00+00:00,108.734375,108.78125,108.734375,108.765625,49097.0
2024-05-24 08:00:00+00:00,108.796875,108.796875,108.71875,108.734375,84341.0
2024-05-24 09:00:00+00:00,108.703125,108.796875,108.703125,108.796875,81034.0
2024-05-24 10:00:00+00:00,108.71875,108.75,108.703125,108.703125,54140.0
2024-05-24 11:00:00+00:00,108.640625,108.734375,108.625,108.71875,126700.0
2024-05-24 12:00:00+00:00,108.546875,108.65625,108.515625,108.640625,300871.0
2024-05-24 13:00:00+00:00,108.609375,108.625,108.5,108.546875,453872.0
2024-05-24 14:00:00+00:00,108.671875,108.75,108.609375,108.609375,308976.0
2024-05-24 15:00:00+00:00,108.703125,108.75,108.640625,108.671875,1163558.0
2024-05-24 16:00:00+00:00,108.703125,108.75,108.671875,108.6875,271197.0
2024-05-24 17:00:00+00:00,108.71875,108.765625,108.6875,108.6875,160215.0
2024-05-24 18:00:00+00:00,108.765625,108.78125,108.71875,108.734375,98793.0
2024-05-24 19:00:00+00:00,108.75,108.765625,108.734375,108.765625,59603.0
2024-05-24 20:00:00+00:00,108.78125,108.796875,108.75,108.765625,38645.0
2024-05-26 22:00:00+00:00,108.78125,108.796875,108.765625,108.78125,6744.0
2024-05-26 23:00:00+00:00,108.8125,108.8125,108.78125,108.796875,13389.0
2024-05-27 00:00:00+00:00,108.8125,108.84375,108.796875,108.8125,10914.0
2024-05-27 01:00:00+00:00,108.796875,108.84375,108.796875,108.8125,11917.0
2024-05-27 02:00:00+00:00,108.78125,108.8125,108.78125,108.796875,8145.0
2024-05-27 03:00:00+00:00,108.796875,108.8125,108.78125,108.796875,8647.0
2024-05-28 04:00:00+00:00,108.765625,108.78125,108.75,108.765625,16780.0
2024-05-28 05:00:00+00:00,108.765625,108.8125,108.765625,108.78125,11859.0
2024-05-28 06:00:00+00:00,108.796875,108.828125,108.734375,108.765625,36250.0
2024-05-28 07:00:00+00:00,108.84375,108.875,108.796875,108.796875,209960.0
2024-05-28 08:00:00+00:00,108.84375,108.875,108.828125,108.859375,101251.0
2024-05-28 09:00:00+00:00,108.8125,108.859375,108.796875,108.828125,77085.0
2024-05-28 10:00:00+00:00,108.765625,108.8125,108.75,108.8125,105995.0
2024-05-28 11:00:00+00:00,108.75,108.8125,108.734375,108.78125,130218.0
2024-05-28 12:00:00+00:00,108.828125,108.90625,108.71875,108.734375,506457.0
2024-05-28 13:00:00+00:00,108.765625,108.90625,108.75,108.828125,302007.0
2024-05-28 14:00:00+00:00,108.671875,108.765625,108.609375,108.765625,331427.0
2024-05-28 15:00:00+00:00,108.546875,108.671875,108.53125,108.65625,293563.0
2024-05-28 16:00:00+00:00,108.5,108.578125,108.484375,108.546875,189588.0
2024-05-28 17:00:00+00:00,108.296875,108.5,108.265625,108.5,320691.0
2024-05-28 18:00:00+00:00,108.296875,108.328125,108.25,108.296875,346476.0
2024-05-28 19:00:00+00:00,108.28125,108.328125,108.265625,108.28125,1084159.0
2024-05-28 20:00:00+00:00,108.203125,108.296875,108.203125,108.28125,0.0
2024-05-28 22:00:00+00:00,108.25,108.265625,108.203125,108.21875,8859.0
2024-05-28 23:00:00+00:00,108.25,108.265625,108.234375,108.25,3946.0
2024-05-29 00:00:00+00:00,108.21875,108.265625,108.203125,108.25,17894.0
2024-05-29 01:00:00+00:00,108.1875,108.21875,108.140625,108.21875,32656.0
2024-05-29 02:00:00+00:00,108.15625,108.203125,108.140625,108.171875,37316.0
2024-05-29 03:00:00+00:00,108.109375,108.171875,108.09375,108.15625,15547.0
2024-05-29 04:00:00+00:00,108.125,108.140625,108.09375,108.09375,10962.0
2024-05-29 05:00:00+00:00,108.125,108.140625,108.09375,108.125,10860.0
2024-05-29 06:00:00+00:00,108.15625,108.1875,108.09375,108.109375,74785.0
2024-05-29 07:00:00+00:00,108.09375,108.171875,108.0625,108.15625,56152.0
2024-05-29 08:00:00+00:00,108.171875,108.203125,108.09375,108.09375,83529.0
2024-05-29 09:00:00+00:00,108.125,108.1875,108.125,108.171875,80433.0
2024-05-29 10:00:00+00:00,108.125,108.1875,108.09375,108.125,28191.0
2024-05-29 11:00:00+00:00,108.09375,108.15625,108.046875,108.125,41309.0
2024-05-29 12:00:00+00:00,108.15625,108.203125,108.0625,108.078125,132274.0
2024-05-29 13:00:00+00:00,108.015625,108.171875,107.921875,108.140625,419047.0
2024-05-29 14:00:00+00:00,107.890625,108.046875,107.859375,108.03125,165030.0
2024-05-29 15:00:00+00:00,107.8125,107.921875,107.796875,107.890625,355096.0
2024-05-29 16:00:00+00:00,107.78125,107.828125,107.75,107.828125,101984.0
2024-05-29 17:00:00+00:00,107.796875,107.828125,107.671875,107.78125,122515.0
2024-05-29 18:00:00+00:00,107.765625,107.84375,107.75,107.8125,175710.0
2024-05-29 19:00:00+00:00,107.828125,107.84375,107.75,107.75,108709.0
2024-05-29 20:00:00+00:00,107.8125,107.84375,107.78125,107.828125,70030.0
2024-05-29 22:00:00+00:00,107.796875,107.84375,107.796875,107.828125,0.0
2024-05-29 23:00:00+00:00,107.78125,107.8125,107.78125,107.796875,4405.0
2024-05-30 00:00:00+00:00,107.765625,107.796875,107.71875,107.78125,7058.0
2024-05-30 01:00:00+00:00,107.75,107.796875,107.75,107.765625,5303.0
2024-05-30 02:00:00+00:00,107.796875,107.796875,107.734375,107.75,4299.0
2024-05-30 03:00:00+00:00,107.796875,107.796875,107.765625,107.78125,5159.0
2024-05-30 04:00:00+00:00,107.828125,107.828125,107.78125,107.8125,10928.0
2024-05-30 05:00:00+00:00,107.90625,107.90625,107.8125,107.828125,46911.0
2024-05-30 06:00:00+00:00,107.90625,107.9375,107.859375,107.890625,20225.0
2024-05-30 07:00:00+00:00,107.953125,107.984375,107.90625,107.90625,42883.0
2024-05-30 08:00:00+00:00,108.25,108.296875,107.921875,107.9375,249956.0
2024-05-30 09:00:00+00:00,108.25,108.265625,107.921875,108.25,36222.0
2024-05-30 10:00:00+00:00,108.25,108.265625,107.90625,108.25,46143.0
2024-05-30 11:00:00+00:00,108.265625,108.28125,107.921875,108.234375,96079.0
2024-05-30 12:00:00+00:00,108.4375,108.4375,107.90625,108.25,258960.0
2024-05-30 13:00:00+00:00,108.453125,108.515625,108.078125,108.125,240929.0
2024-05-30 14:00:00+00:00,108.46875,108.5,108.125,108.453125,178711.0
2024-05-30 15:00:00+00:00,108.578125,108.59375,108.171875,108.46875,200050.0
2024-05-30 16:00:00+00:00,108.265625,108.578125,108.234375,108.265625,0.0
2024-05-30 17:00:00+00:00,108.5625,108.609375,108.25,108.578125,1160610.0
2024-05-30 18:00:00+00:00,108.546875,108.59375,108.21875,108.28125,118964.0
2024-05-30 19:00:00+00:00,108.5625,108.578125,108.1875,108.53125,151929.0
2024-05-30 20:00:00+00:00,108.546875,108.578125,108.234375,108.578125,0.0
2024-05-30 22:00:00+00:00,108.5625,108.609375,108.25,108.578125,12978.0
2024-05-30 23:00:00+00:00,108.5625,108.578125,108.265625,108.5625,6727.0
2024-05-31 00:00:00+00:00,108.640625,108.640625,108.28125,108.578125,27822.0
2024-05-31 01:00:00+00:00,108.625,108.65625,108.3125,108.625,16044.0
2024-05-31 02:00:00+00:00,108.59375,108.640625,108.296875,108.640625,21960.0
2024-05-31 03:00:00+00:00,108.609375,108.609375,108.28125,108.59375,16339.0
2024-05-31 04:00:00+00:00,108.5625,108.609375,108.28125,108.59375,9090.0
2024-05-31 05:00:00+00:00,108.515625,108.578125,108.21875,108.5625,16664.0
2024-05-31 06:00:00+00:00,108.5,108.578125,108.234375,108.53125,44926.0
2024-05-31 07:00:00+00:00,108.46875,108.53125,108.15625,108.515625,55153.0
2024-05-31 08:00:00+00:00,108.453125,108.5,108.140625,108.46875,51827.0
2024-05-31 09:00:00+00:00,108.453125,108.5,108.109375,108.4375,78670.0
2024-05-31 10:00:00+00:00,108.453125,108.484375,108.15625,108.46875,34782.0
2024-05-31 11:00:00+00:00,108.515625,108.546875,108.15625,108.453125,58247.0
2024-05-31 12:00:00+00:00,108.78125,108.828125,108.1875,108.515625,361557.0
2024-05-31 13:00:00+00:00,108.90625,108.921875,108.453125,108.78125,263023.0
2024-05-31 14:00:00+00:00,108.953125,109.0,108.578125,108.90625,255941.0
2024-05-31 15:00:00+00:00,108.859375,108.96875,108.515625,108.953125,186346.0
2024-05-31 16:00:00+00:00,108.78125,108.859375,108.5,108.84375,131866.0
2024-05-31 17:00:00+00:00,108.8125,108.84375,108.46875,108.796875,77308.0
2024-05-31 18:00:00+00:00,108.796875,108.875,108.484375,108.8125,186646.0
2024-05-31 19:00:00+00:00,108.96875,108.984375,108.484375,108.78125,473470.0
2024-05-31 20:00:00+00:00,108.890625,108.984375,108.8125,108.984375,329655.0
2024-06-02 22:00:00+00:00,108.890625,108.96875,108.859375,108.859375,27516.0
2024-06-02 23:00:00+00:00,108.9375,108.96875,108.890625,108.890625,13368.0
2024-06-03 00:00:00+00:00,108.921875,108.953125,108.875,108.9375,31359.0
2024-06-03 01:00:00+00:00,108.9375,108.96875,108.921875,108.9375,12375.0
2024-06-03 02:00:00+00:00,108.90625,108.953125,108.90625,108.953125,10346.0
2024-06-03 03:00:00+00:00,108.96875,108.96875,108.90625,108.921875,9183.0
2024-06-03 04:00:00+00:00,108.953125,108.984375,108.953125,108.96875,8293.0
2024-06-03 05:00:00+00:00,108.921875,108.984375,108.921875,108.96875,13456.0
2024-06-03 06:00:00+00:00,108.921875,109.0,108.921875,108.9375,36007.0
2024-06-03 07:00:00+00:00,108.953125,108.96875,108.875,108.90625,50731.0
2024-06-03 08:00:00+00:00,109.015625,109.078125,108.953125,108.96875,62740.0
2024-06-03 09:00:00+00:00,109.015625,109.03125,108.96875,109.015625,32890.0
2024-06-03 10:00:00+00:00,109.078125,109.078125,109.0,109.015625,31320.0
2024-06-03 11:00:00+00:00,109.140625,109.15625,109.0625,109.0625,81990.0
2024-06-03 12:00:00+00:00,109.125,109.15625,109.046875,109.140625,133234.0
2024-06-03 13:00:00+00:00,109.171875,109.1875,109.046875,109.125,172887.0
2024-06-03 14:00:00+00:00,109.46875,109.53125,109.1875,109.1875,467940.0
2024-06-03 15:00:00+00:00,109.53125,109.546875,109.453125,109.484375,161771.0
2024-06-03 16:00:00+00:00,109.515625,109.53125,109.484375,109.53125,83177.0
2024-06-03 17:00:00+00:00,109.546875,109.5625,109.515625,109.53125,62062.0
2024-06-03 18:00:00+00:00,109.546875,109.609375,109.515625,109.5625,150985.0
2024-06-03 19:00:00+00:00,109.546875,109.5625,109.5,109.5625,86784.0
2024-06-03 20:00:00+00:00,109.609375,109.625,109.53125,109.5625,0.0
2024-06-03 22:00:00+00:00,109.578125,109.625,109.578125,109.625,7192.0
2024-06-03 23:00:00+00:00,109.578125,109.59375,109.5625,109.578125,6302.0
2024-06-04 00:00:00+00:00,109.515625,109.578125,109.515625,109.578125,19702.0
2024-06-04 01:00:00+00:00,109.515625,109.53125,109.484375,109.53125,27972.0
2024-06-04 02:00:00+00:00,109.515625,109.515625,109.484375,109.515625,15812.0
2024-06-04 03:00:00+00:00,109.5,109.515625,109.484375,109.515625,22376.0
2024-06-04 04:00:00+00:00,109.484375,109.515625,109.46875,109.5,12896.0
2024-06-04 05:00:00+00:00,109.5,109.515625,109.484375,109.5,15195.0
2024-06-04 06:00:00+00:00,109.5,109.546875,109.46875,109.5,52523.0
2024-06-04 07:00:00+00:00,109.6875,109.703125,109.484375,109.5,102818.0
2024-06-04 08:00:00+00:00,109.6875,109.71875,109.65625,109.6875,51842.0
2024-06-04 09:00:00+00:00,109.625,109.6875,109.5625,109.6875,80512.0
2024-06-04 10:00:00+00:00,109.640625,109.703125,109.625,109.625,50167.0
2024-06-04 11:00:00+00:00,109.71875,109.71875,109.625,109.65625,76648.0
2024-06-04 12:00:00+00:00,109.84375,109.890625,109.703125,109.71875,208765.0
2024-06-04 13:00:00+00:00,109.890625,109.9375,109.78125,109.859375,219954.0
2024-06-04 14:00:00+00:00,109.875,110.078125,109.78125,109.90625,482865.0
2024-06-04 15:00:00+00:00,110.0,110.0,109.875,109.890625,159374.0
2024-06-04 16:00:00+00:00,110.03125,110.0625,109.953125,110.0,140622.0
2024-06-04 17:00:00+00:00,110.109375,110.15625,110.015625,110.046875,169702.0
2024-06-04 18:00:00+00:00,110.0,110.109375,109.984375,110.109375,138912.0
2024-06-04 19:00:00+00:00,110.046875,110.0625,109.96875,110.015625,94027.0
2024-06-04 20:00:00+00:00,110.046875,110.078125,110.015625,110.0625,0.0
2024-06-04 22:00:00+00:00,110.046875,110.0625,110.015625,110.03125,5431.0
2024-06-04 23:00:00+00:00,110.03125,110.078125,110.015625,110.046875,11749.0
2024-06-05 00:00:00+00:00,109.984375,110.046875,109.96875,110.046875,24839.0
2024-06-05 01:00:00+00:00,109.984375,110.015625,109.953125,110.0,25520.0
2024-06-05 02:00:00+00:00,110.0,110.015625,109.953125,109.96875,17205.0
2024-06-05 03:00:00+00:00,109.96875,110.0,109.96875,110.0,9192.0
2024-06-05 04:00:00+00:00,109.953125,109.984375,109.9375,109.984375,8216.0
2024-06-05 05:00:00+00:00,109.953125,109.96875,109.921875,109.96875,17385.0
2024-06-05 06:00:00+00:00,109.859375,109.984375,109.84375,109.953125,69631.0
2024-06-05 07:00:00+00:00,109.875,109.90625,109.828125,109.859375,66969.0
2024-06-05 08:00:00+00:00,109.90625,109.921875,109.84375,109.859375,73091.0
2024-06-05 09:00:00+00:00,109.921875,109.9375,109.890625,109.90625,33167.0
2024-06-05 10:00:00+00:00,109.953125,109.96875,109.921875,109.9375,46892.0
2024-06-05 11:00:00+00:00,110.09375,110.109375,109.953125,109.96875,75316.0
2024-06-05 12:00:00+00:00,110.09375,110.1875,109.984375,110.078125,259301.0
2024-06-05 13:00:00+00:00,110.34375,110.390625,110.046875,110.09375,283286.0
2024-06-05 14:00:00+00:00,110.109375,110.34375,109.859375,110.328125,652018.0
2024-06-05 15:00:00+00:00,110.25,110.3125,110.09375,110.109375,263458.0
2024-06-05 16:00:00+00:00,110.234375,110.265625,110.203125,110.25,115036.0
2024-06-05 17:00:00+00:00,110.234375,110.265625,110.203125,110.234375,65268.0
2024-06-05 18:00:00+00:00,110.28125,110.296875,110.203125,110.234375,125959.0
2024-06-05 19:00:00+00:00,110.328125,110.359375,110.265625,110.296875,121025.0
2024-06-05 20:00:00+00:00,110.375,110.390625,110.3125,110.328125,0.0
2024-06-05 22:00:00+00:00,110.328125,110.375,110.3125,110.375,12094.0
2024-06-05 23:00:00+00:00,110.296875,110.359375,110.296875,110.34375,8967.0
2024-06-06 00:00:00+00:00,110.3125,110.34375,110.28125,110.296875,9969.0
2024-06-06 01:00:00+00:00,110.234375,110.34375,110.21875,110.328125,36612.0
2024-06-06 02:00:00+00:00,110.234375,110.28125,110.21875,110.234375,17119.0
2024-06-06 03:00:00+00:00,110.25,110.296875,110.234375,110.234375,9616.0
2024-06-06 04:00:00+00:00,110.265625,110.28125,110.234375,110.25,11863.0
2024-06-06 05:00:00+00:00,110.265625,110.265625,110.234375,110.25,8882.0
2024-06-06 06:00:00+00:00,110.234375,110.3125,110.203125,110.25,46962.0
2024-06-06 07:00:00+00:00,110.203125,110.25,110.171875,110.234375,64692.0
2024-06-06 08:00:00+00:00,110.1875,110.21875,110.15625,110.1875,48585.0
2024-06-06 09:00:00+00:00,110.265625,110.28125,110.171875,110.1875,38529.0
2024-06-06 10:00:00+00:00,110.265625,110.3125,110.234375,110.265625,33399.0
2024-06-06 11:00:00+00:00,110.171875,110.265625,110.140625,110.265625,87547.0
2024-06-06 12:00:00+00:00,110.171875,110.359375,110.09375,110.171875,329003.0
2024-06-06 13:00:00+00:00,110.265625,110.359375,110.09375,110.15625,294384.0
2024-06-06 14:00:00+00:00,110.203125,110.296875,110.15625,110.265625,164319.0
2024-06-06 15:00:00+00:00,110.265625,110.328125,110.203125,110.21875,107392.0
2024-06-06 16:00:00+00:00,110.296875,110.3125,110.234375,110.265625,75498.0
2024-06-06 17:00:00+00:00,110.34375,110.375,110.28125,110.296875,119153.0
2024-06-06 18:00:00+00:00,110.359375,110.390625,110.328125,110.328125,94053.0
2024-06-06 19:00:00+00:00,110.3125,110.40625,110.3125,110.375,89401.0
2024-06-06 20:00:00+00:00,110.296875,110.359375,110.296875,110.3125,0.0
2024-06-06 22:00:00+00:00,110.3125,110.3125,110.28125,110.296875,6959.0
2024-06-06 23:00:00+00:00,110.28125,110.3125,110.265625,110.296875,8324.0
2024-06-07 00:00:00+00:00,110.265625,110.3125,110.25,110.28125,13019.0
2024-06-07 01:00:00+00:00,110.25,110.28125,110.21875,110.265625,23715.0
2024-06-07 02:00:00+00:00,110.234375,110.265625,110.234375,110.265625,12241.0
2024-06-07 03:00:00+00:00,110.234375,110.25,110.21875,110.234375,5596.0
2024-06-07 04:00:00+00:00,110.234375,110.25,110.21875,110.21875,4787.0
2024-06-07 05:00:00+00:00,110.203125,110.25,110.203125,110.25,16926.0
2024-06-07 06:00:00+00:00,110.203125,110.265625,110.1875,110.203125,30163.0
2024-06-07 07:00:00+00:00,110.234375,110.28125,110.203125,110.21875,33292.0
2024-06-07 08:00:00+00:00,110.28125,110.296875,110.1875,110.234375,53319.0
2024-06-07 09:00:00+00:00,110.234375,110.28125,110.203125,110.28125,35246.0
2024-06-07 10:00:00+00:00,110.25,110.28125,110.21875,110.234375,33213.0
2024-06-07 11:00:00+00:00,110.25,110.28125,110.171875,110.25,70634.0
2024-06-07 12:00:00+00:00,109.359375,110.65625,109.296875,110.25,750973.0
2024-06-07 13:00:00+00:00,109.328125,109.5,109.28125,109.34375,410506.0
2024-06-07 14:00:00+00:00,109.375,109.4375,109.296875,109.328125,207566.0
2024-06-07 15:00:00+00:00,109.375,109.4375,109.34375,109.359375,114853.0
2024-06-07 16:00:00+00:00,109.375,109.421875,109.34375,109.375,121419.0
2024-06-07 17:00:00+00:00,109.3125,109.375,109.296875,109.359375,84645.0
2024-06-07 18:00:00+00:00,109.3125,109.34375,109.296875,109.3125,130948.0
2024-06-07 19:00:00+00:00,109.296875,109.34375,109.265625,109.3125,102043.0
2024-06-07 20:00:00+00:00,109.265625,109.3125,109.25,109.28125,49686.0
2024-06-09 22:00:00+00:00,109.15625,109.265625,109.125,109.25,17925.0
2024-06-09 23:00:00+00:00,109.15625,109.171875,109.140625,109.140625,10055.0
2024-06-10 00:00:00+00:00,109.21875,109.21875,109.125,109.171875,20240.0
2024-06-10 01:00:00+00:00,109.203125,109.21875,109.171875,109.21875,10823.0
2024-06-10 02:00:00+00:00,109.171875,109.21875,109.15625,109.1875,6395.0
2024-06-10 03:00:00+00:00,109.171875,109.1875,109.15625,109.171875,13925.0
2024-06-10 04:00:00+00:00,109.15625,109.203125,109.15625,109.15625,9652.0
2024-06-10 05:00:00+00:00,109.1875,109.203125,109.15625,109.171875,14167.0
2024-06-10 06:00:00+00:00,109.125,109.1875,109.109375,109.1875,46993.0
2024-06-10 07:00:00+00:00,109.09375,109.21875,109.0625,109.140625,84416.0
2024-06-10 08:00:00+00:00,109.078125,109.171875,109.0625,109.09375,47389.0
2024-06-10 09:00:00+00:00,109.15625,109.21875,109.078125,109.078125,67762.0
2024-06-10 10:00:00+00:00,109.125,109.21875,109.078125,109.1719970703125,58021.0
2024-06-10 11:00:00+00:00,109.109375,109.171875,109.0625,109.125,54924.0
2024-06-10 12:00:00+00:00,109.109375,109.234375,109.078125,109.109375,112785.0
2024-06-10 13:00:00+00:00,109.109375,109.203125,109.078125,109.109375,130516.0
2024-06-10 14:00:00+00:00,109.140625,109.203125,109.109375,109.109375,105461.0
2024-06-10 15:00:00+00:00,109.15625,109.171875,109.09375,109.125,71424.0
2024-06-10 16:00:00+00:00,109.09375,109.15625,109.078125,109.15625,112784.0
2024-06-10 17:00:00+00:00,109.046875,109.125,109.015625,109.09375,87467.0
2024-06-10 18:00:00+00:00,109.09375,109.125,109.046875,109.046875,76184.0
2024-06-10 19:00:00+00:00,109.109375,109.140625,109.09375,109.109375,82128.0
2024-06-10 20:00:00+00:00,109.109375,109.125,109.078125,109.109375,0.0
2024-06-10 22:00:00+00:00,109.125,109.140625,109.078125,109.078125,4465.0
2024-06-10 23:00:00+00:00,109.125,109.140625,109.109375,109.125,4287.0
2024-06-11 00:00:00+00:00,109.171875,109.171875,109.125,109.140625,10117.0
2024-06-11 01:00:00+00:00,109.234375,109.25,109.15625,109.171875,21489.0
2024-06-11 02:00:00+00:00,109.21875,109.25,109.203125,109.234375,7633.0
2024-06-11 03:00:00+00:00,109.234375,109.25,109.203125,109.203125,7573.0
2024-06-11 04:00:00+00:00,109.21875,109.234375,109.21875,109.21875,7716.0
2024-06-11 05:00:00+00:00,109.1875,109.21875,109.15625,109.21875,14853.0
2024-06-11 06:00:00+00:00,109.25,109.28125,109.15625,109.171875,36583.0
2024-06-11 07:00:00+00:00,109.234375,109.28125,109.203125,109.25,45446.0
2024-06-11 08:00:00+00:00,109.390625,109.40625,109.234375,109.234375,83984.0
2024-06-11 09:00:00+00:00,109.34375,109.40625,109.328125,109.390625,74374.0
2024-06-11 10:00:00+00:00,109.421875,109.4375,109.3125,109.3280029296875,97380.0
2024-06-11 11:00:00+00:00,109.40625,109.4375,109.3125,109.421875,77948.0
2024-06-11 12:00:00+00:00,109.296875,109.4375,109.28125,109.40625,182636.0
2024-06-11 13:00:00+00:00,109.296875,109.3125,109.21875,109.28125,151438.0
2024-06-11 14:00:00+00:00,109.265625,109.3125,109.21875,109.28125,109436.0
2024-06-11 15:00:00+00:00,109.25,109.28125,109.21875,109.25,124753.0
2024-06-11 16:00:00+00:00,109.203125,109.265625,109.1875,109.265625,103935.0
2024-06-11 17:00:00+00:00,109.5,109.53125,109.203125,109.21875,218061.0
2024-06-11 18:00:00+00:00,109.546875,109.546875,109.46875,109.5,172012.0
2024-06-11 19:00:00+00:00,109.578125,109.59375,109.515625,109.53125,107696.0
2024-06-11 20:00:00+00:00,109.53125,109.59375,109.5,109.578125,52684.0
2024-06-11 22:00:00+00:00,109.515625,109.546875,109.5,109.515625,0.0
2024-06-11 23:00:00+00:00,109.515625,109.53125,109.484375,109.515625,4533.0
2024-06-12 00:00:00+00:00,109.5,109.53125,109.484375,109.515625,11887.0
2024-06-12 01:00:00+00:00,109.53125,109.546875,109.484375,109.5,10668.0
2024-06-12 02:00:00+00:00,109.515625,109.546875,109.515625,109.546875,4265.0
2024-06-12 03:00:00+00:00,109.484375,109.53125,109.484375,109.53125,4381.0
2024-06-12 04:00:00+00:00,109.5,109.515625,109.484375,109.5,8486.0
2024-06-12 05:00:00+00:00,109.5625,109.578125,109.5,109.515625,13911.0
2024-06-12 06:00:00+00:00,109.515625,109.625,109.515625,109.546875,59669.0
2024-06-12 07:00:00+00:00,109.546875,109.546875,109.5,109.53125,38071.0
2024-06-12 08:00:00+00:00,109.53125,109.578125,109.5,109.546875,37118.0
2024-06-12 09:00:00+00:00,109.546875,109.609375,109.53125,109.546875,34708.0
2024-06-12 10:00:00+00:00,109.5625,109.578125,109.53125,109.5625,27434.0
2024-06-12 11:00:00+00:00,109.59375,109.625,109.546875,109.5625,65719.0
2024-06-12 12:00:00+00:00,110.375,110.5,109.5625,109.59375,603100.0
2024-06-12 13:00:00+00:00,110.53125,110.546875,110.265625,110.375,363994.0
2024-06-12 14:00:00+00:00,110.515625,110.578125,110.453125,110.53125,252680.0
2024-06-12 15:00:00+00:00,110.546875,110.578125,110.5,110.5,146351.0
2024-06-12 16:00:00+00:00,110.640625,110.671875,110.515625,110.546875,132739.0
2024-06-12 17:00:00+00:00,110.609375,110.65625,110.515625,110.640625,130671.0
2024-06-12 18:00:00+00:00,110.28125,110.640625,110.203125,110.609375,509075.0
2024-06-12 19:00:00+00:00,110.078125,110.3125,110.046875,110.296875,195281.0
2024-06-12 20:00:00+00:00,110.15625,110.171875,110.046875,110.078125,62980.0
2024-06-12 22:00:00+00:00,110.21875,110.21875,110.15625,110.171875,0.0
2024-06-12 23:00:00+00:00,110.25,110.25,110.1875,110.21875,7353.0
2024-06-13 00:00:00+00:00,110.25,110.265625,110.21875,110.234375,22062.0
2024-06-13 01:00:00+00:00,110.203125,110.28125,110.15625,110.234375,30720.0
2024-06-13 02:00:00+00:00,110.21875,110.234375,110.15625,110.203125,14611.0
2024-06-13 03:00:00+00:00,110.1875,110.21875,110.15625,110.21875,14689.0
2024-06-13 04:00:00+00:00,110.15625,110.1875,110.140625,110.171875,4493.0
2024-06-13 05:00:00+00:00,110.125,110.15625,110.09375,110.15625,13024.0
2024-06-13 06:00:00+00:00,110.15625,110.21875,110.109375,110.109375,46800.0
2024-06-13 07:00:00+00:00,110.15625,110.203125,110.109375,110.15625,50912.0
2024-06-13 08:00:00+00:00,110.1875,110.21875,110.125,110.140625,46603.0
2024-06-13 09:00:00+00:00,110.21875,110.25,110.15625,110.1875,44958.0
2024-06-13 10:00:00+00:00,110.21875,110.25,110.1875,110.21875,31690.0
2024-06-13 11:00:00+00:00,110.203125,110.234375,110.15625,110.234375,64239.0
2024-06-13 12:00:00+00:00,110.515625,110.765625,110.171875,110.203125,502836.0
2024-06-13 13:00:00+00:00,110.4375,110.578125,110.40625,110.515625,279231.0
2024-06-13 14:00:00+00:00,110.453125,110.515625,110.390625,110.453125,144996.0
2024-06-13 15:00:00+00:00,110.65625,110.6875,110.4375,110.46875,176368.0
2024-06-13 16:00:00+00:00,110.671875,110.734375,110.625,110.640625,160825.0
2024-06-13 17:00:00+00:00,110.671875,110.84375,110.65625,110.65625,196294.0
2024-06-13 18:00:00+00:00,110.71875,110.75,110.625,110.65625,183971.0
2024-06-13 19:00:00+00:00,110.703125,110.734375,110.671875,110.703125,116575.0
2024-06-13 20:00:00+00:00,110.65625,110.71875,110.640625,110.703125,0.0
2024-06-13 22:00:00+00:00,110.6875,110.703125,110.640625,110.640625,6877.0
2024-06-13 23:00:00+00:00,110.625,110.6875,110.609375,110.6875,10507.0
2024-06-14 00:00:00+00:00,110.59375,110.671875,110.578125,110.625,32454.0
2024-06-14 01:00:00+00:00,110.546875,110.609375,110.5,110.59375,36819.0
2024-06-14 02:00:00+00:00,110.53125,110.546875,110.484375,110.53125,19732.0
2024-06-14 03:00:00+00:00,110.578125,110.609375,110.5,110.53125,43905.0
2024-06-14 04:00:00+00:00,110.484375,110.59375,110.46875,110.578125,27323.0
2024-06-14 05:00:00+00:00,110.5,110.515625,110.453125,110.484375,25298.0
2024-06-14 06:00:00+00:00,110.640625,110.703125,110.5,110.5,79888.0
2024-06-14 07:00:00+00:00,110.734375,110.765625,110.59375,110.65625,96081.0
2024-06-14 08:00:00+00:00,110.78125,110.796875,110.71875,110.734375,86006.0
2024-06-14 09:00:00+00:00,110.890625,110.921875,110.78125,110.78125,127687.0
2024-06-14 10:00:00+00:00,110.859375,110.96875,110.85900115966797,110.90625,110817.0
2024-06-14 11:00:00+00:00,110.953125,110.984375,110.84375,110.859375,146088.0
2024-06-14 12:00:00+00:00,110.828125,111.03125,110.6875,110.953125,349663.0
2024-06-14 13:00:00+00:00,110.828125,110.875,110.734375,110.84375,211013.0
2024-06-14 14:00:00+00:00,110.84375,110.9375,110.765625,110.828125,231848.0
2024-06-14 15:00:00+00:00,110.8125,110.90625,110.78125,110.84375,115179.0
2024-06-14 16:00:00+00:00,110.78125,110.84375,110.765625,110.8125,100503.0
2024-06-14 17:00:00+00:00,110.8125,110.828125,110.75,110.78125,60413.0
2024-06-14 18:00:00+00:00,110.84375,110.859375,110.765625,110.796875,96914.0
2024-06-14 19:00:00+00:00,110.84375,110.875,110.8125,110.859375,87436.0
2024-06-14 20:00:00+00:00,110.765625,110.859375,110.765625,110.859375,57613.0
2024-06-16 22:00:00+00:00,110.59375,110.75,110.578125,110.734375,15458.0
2024-06-16 23:00:00+00:00,110.625,110.640625,110.578125,110.578125,10783.0
2024-06-17 00:00:00+00:00,110.625,110.671875,110.609375,110.640625,21230.0
2024-06-17 01:00:00+00:00,110.625,110.671875,110.625,110.640625,10096.0
2024-06-17 02:00:00+00:00,110.625,110.65625,110.609375,110.640625,5987.0
2024-06-17 03:00:00+00:00,110.625,110.640625,110.59375,110.640625,7212.0
2024-06-17 04:00:00+00:00,110.640625,110.65625,110.609375,110.609375,7230.0
2024-06-17 05:00:00+00:00,110.609375,110.65625,110.578125,110.640625,13978.0
2024-06-17 06:00:00+00:00,110.671875,110.703125,110.59375,110.625,54535.0
2024-06-17 07:00:00+00:00,110.671875,110.734375,110.640625,110.671875,61803.0
2024-06-17 08:00:00+00:00,110.65625,110.703125,110.640625,110.671875,54249.0
2024-06-17 09:00:00+00:00,110.6875,110.71875,110.609375,110.65625,47879.0
2024-06-17 10:00:00+00:00,110.703125,110.75,110.65625,110.703125,44418.0
2024-06-17 11:00:00+00:00,110.515625,110.71875,110.515625,110.71875,83487.0
2024-06-17 12:00:00+00:00,110.46875,110.59375,110.421875,110.53125,171276.0
2024-06-17 13:00:00+00:00,110.375,110.515625,110.328125,110.46875,158542.0
2024-06-17 14:00:00+00:00,110.359375,110.390625,110.296875,110.375,131141.0
2024-06-17 15:00:00+00:00,110.34375,110.375,110.28125,110.359375,110556.0
2024-06-17 16:00:00+00:00,110.40625,110.453125,110.34375,110.34375,69255.0
2024-06-17 17:00:00+00:00,110.4375,110.46875,110.390625,110.40625,58831.0
2024-06-17 18:00:00+00:00,110.390625,110.46875,110.390625,110.4375,88912.0
2024-06-17 19:00:00+00:00,110.40625,110.421875,110.359375,110.40625,137771.0
2024-06-17 20:00:00+00:00,110.359375,110.40625,110.328125,110.40625,0.0
2024-06-17 22:00:00+00:00,110.390625,110.390625,110.34375,110.34375,5398.0
2024-06-17 23:00:00+00:00,110.40625,110.4375,110.375,110.390625,10240.0
2024-06-18 00:00:00+00:00,110.46875,110.484375,110.40625,110.40625,18158.0
2024-06-18 01:00:00+00:00,110.46875,110.5,110.4375,110.46875,13181.0
2024-06-18 02:00:00+00:00,110.453125,110.484375,110.421875,110.453125,16000.0
2024-06-18 03:00:00+00:00,110.4375,110.46875,110.4375,110.4375,7055.0
2024-06-18 04:00:00+00:00,110.421875,110.453125,110.40625,110.4375,9279.0
2024-06-18 05:00:00+00:00,110.359375,110.4375,110.34375,110.4375,19289.0
2024-06-18 06:00:00+00:00,110.359375,110.40625,110.34375,110.359375,28734.0
2024-06-18 07:00:00+00:00,110.296875,110.390625,110.28125,110.375,51416.0
2024-06-18 08:00:00+00:00,110.265625,110.3125,110.21875,110.296875,48161.0
2024-06-18 09:00:00+00:00,110.296875,110.3125,110.203125,110.25,43319.0
2024-06-18 10:00:00+00:00,110.3125,110.3125,110.25,110.28125,26850.0
2024-06-18 11:00:00+00:00,110.28125,110.3125,110.25,110.296875,50592.0
2024-06-18 12:00:00+00:00,110.609375,110.703125,110.25,110.28125,357320.0
2024-06-18 13:00:00+00:00,110.609375,110.671875,110.546875,110.609375,197317.0
2024-06-18 14:00:00+00:00,110.59375,110.625,110.515625,110.609375,134653.0
2024-06-18 15:00:00+00:00,110.71875,110.75,110.5625,110.609375,150642.0
2024-06-18 16:00:00+00:00,110.765625,110.8125,110.6875,110.703125,99108.0
2024-06-18 17:00:00+00:00,110.734375,110.890625,110.734375,110.765625,135362.0
2024-06-18 18:00:00+00:00,110.796875,110.8125,110.703125,110.734375,120782.0
2024-06-18 19:00:00+00:00,110.78125,110.8125,110.75,110.796875,97516.0
2024-06-18 20:00:00+00:00,110.734375,110.796875,110.71875,110.78125,0.0
2024-06-18 22:00:00+00:00,110.734375,110.765625,110.703125,110.71875,8370.0
2024-06-18 23:00:00+00:00,110.703125,110.734375,110.703125,110.734375,3987.0
2024-06-19 00:00:00+00:00,110.71875,110.734375,110.6875,110.703125,10925.0
2024-06-19 01:00:00+00:00,110.6875,110.71875,110.671875,110.71875,5232.0
2024-06-19 02:00:00+00:00,110.703125,110.703125,110.671875,110.671875,3031.0
2024-06-19 03:00:00+00:00,110.6875,110.703125,110.671875,110.703125,4684.0
2024-06-20 04:00:00+00:00,110.546875,110.546875,110.515625,110.546875,10341.0
2024-06-20 05:00:00+00:00,110.53125,110.5625,110.53125,110.546875,8015.0
2024-06-20 06:00:00+00:00,110.53125,110.578125,110.515625,110.546875,31039.0
2024-06-20 07:00:00+00:00,110.5625,110.65625,110.5,110.53125,49509.0
2024-06-20 08:00:00+00:00,110.515625,110.5625,110.5,110.546875,31752.0
2024-06-20 09:00:00+00:00,110.515625,110.5625,110.5,110.53125,29287.0
2024-06-20 10:00:00+00:00,110.5625,110.5625,110.515625,110.51599884033203,24056.0
2024-06-20 11:00:00+00:00,110.546875,110.625,110.515625,110.546875,64992.0
2024-06-20 12:00:00+00:00,110.359375,110.71875,110.34375,110.546875,283106.0
2024-06-20 13:00:00+00:00,110.375,110.453125,110.265625,110.359375,182396.0
2024-06-20 14:00:00+00:00,110.375,110.40625,110.328125,110.375,124110.0
2024-06-20 15:00:00+00:00,110.375,110.46875,110.359375,110.359375,111065.0
2024-06-20 16:00:00+00:00,110.4375,110.46875,110.375,110.375,90635.0
2024-06-20 17:00:00+00:00,110.5,110.515625,110.4375,110.4375,74289.0
2024-06-20 18:00:00+00:00,110.546875,110.5625,110.484375,110.5,118590.0
2024-06-20 19:00:00+00:00,110.53125,110.578125,110.515625,110.546875,55681.0
2024-06-20 20:00:00+00:00,110.484375,110.546875,110.46875,110.546875,0.0
2024-06-20 22:00:00+00:00,110.46875,110.484375,110.453125,110.453125,2858.0
2024-06-20 23:00:00+00:00,110.46875,110.46875,110.453125,110.46875,5106.0
2024-06-21 00:00:00+00:00,110.4375,110.5,110.421875,110.46875,12925.0
2024-06-21 01:00:00+00:00,110.4375,110.453125,110.390625,110.4375,14216.0
2024-06-21 02:00:00+00:00,110.46875,110.46875,110.421875,110.421875,4930.0
2024-06-21 03:00:00+00:00,110.453125,110.46875,110.4375,110.46875,4300.0
2024-06-21 04:00:00+00:00,110.484375,110.484375,110.421875,110.453125,6619.0
2024-06-21 05:00:00+00:00,110.46875,110.5,110.46875,110.484375,4845.0
2024-06-21 06:00:00+00:00,110.578125,110.578125,110.453125,110.46875,48799.0
2024-06-21 07:00:00+00:00,110.6875,110.71875,110.53125,110.5625,100886.0
2024-06-21 08:00:00+00:00,110.703125,110.703125,110.640625,110.703125,59995.0
2024-06-21 09:00:00+00:00,110.703125,110.703125,110.640625,110.703125,23971.0
2024-06-21 10:00:00+00:00,110.703125,110.734375,110.65625,110.703125,38122.0
2024-06-21 11:00:00+00:00,110.734375,110.734375,110.671875,110.703125,43452.0
2024-06-21 12:00:00+00:00,110.734375,110.796875,110.703125,110.734375,87393.0
2024-06-21 13:00:00+00:00,110.5625,110.78125,110.5,110.734375,249414.0
2024-06-21 14:00:00+00:00,110.40625,110.5625,110.359375,110.546875,217862.0
2024-06-21 15:00:00+00:00,110.390625,110.453125,110.390625,110.40625,104307.0
2024-06-21 16:00:00+00:00,110.453125,110.484375,110.375,110.390625,56560.0
2024-06-21 17:00:00+00:00,110.5,110.5,110.4375,110.453125,48729.0
2024-06-21 18:00:00+00:00,110.5,110.5,110.46875,110.484375,58319.0
2024-06-21 19:00:00+00:00,110.515625,110.53125,110.484375,110.5,87858.0
2024-06-21 20:00:00+00:00,110.484375,110.515625,110.46875,110.5,55329.0
2024-06-23 22:00:00+00:00,110.46875,110.484375,110.421875,110.453125,8640.0
2024-06-23 23:00:00+00:00,110.5,110.515625,110.453125,110.453125,7838.0
2024-06-24 00:00:00+00:00,110.5,110.515625,110.46875,110.484375,8211.0
2024-06-24 01:00:00+00:00,110.53125,110.5625,110.484375,110.484375,12209.0
2024-06-24 02:00:00+00:00,110.53125,110.5625,110.515625,110.53125,23922.0
2024-06-24 03:00:00+00:00,110.546875,110.546875,110.515625,110.53125,2292.0
2024-06-24 04:00:00+00:00,110.515625,110.546875,110.515625,110.53125,2766.0
2024-06-24 05:00:00+00:00,110.53125,110.546875,110.515625,110.515625,4483.0
2024-06-24 06:00:00+00:00,110.5,110.53125,110.46875,110.53125,28661.0
2024-06-24 07:00:00+00:00,110.546875,110.5625,110.5,110.5,28412.0
2024-06-24 08:00:00+00:00,110.5625,110.59375,110.53125,110.5780029296875,33973.0
2024-06-24 09:00:00+00:00,110.484375,110.5625,110.46875,110.5625,37422.0
2024-06-24 10:00:00+00:00,110.4375,110.515625,110.421875,110.484375,32778.0
2024-06-24 11:00:00+00:00,110.40625,110.453125,110.390625,110.4375,50663.0
2024-06-24 12:00:00+00:00,110.421875,110.46875,110.359375,110.40625,110729.0
2024-06-24 13:00:00+00:00,110.484375,110.53125,110.421875,110.421875,96317.0
2024-06-24 14:00:00+00:00,110.421875,110.5625,110.40625,110.5,86827.0
2024-06-24 15:00:00+00:00,110.421875,110.46875,110.390625,110.421875,77957.0
2024-06-24 16:00:00+00:00,110.453125,110.46875,110.390625,110.4375,72183.0
2024-06-24 17:00:00+00:00,110.46875,110.484375,110.4375,110.46875,86243.0
2024-06-24 18:00:00+00:00,110.53125,110.546875,110.46875,110.484375,91822.0
2024-06-24 19:00:00+00:00,110.5625,110.578125,110.484375,110.53125,108681.0
2024-06-24 20:00:00+00:00,110.625,110.6875,110.546875,110.546875,0.0
2024-06-24 22:00:00+00:00,110.65625,110.671875,110.625,110.640625,5488.0
2024-06-24 23:00:00+00:00,110.609375,110.65625,110.59375,110.65625,7722.0
2024-06-25 00:00:00+00:00,110.640625,110.640625,110.609375,110.609375,7705.0
2024-06-25 01:00:00+00:00,110.625,110.640625,110.59375,110.640625,9416.0
2024-06-25 02:00:00+00:00,110.65625,110.671875,110.609375,110.625,12183.0
2024-06-25 03:00:00+00:00,110.609375,110.65625,110.609375,110.65625,9186.0
2024-06-25 04:00:00+00:00,110.65625,110.65625,110.625,110.625,3417.0
2024-06-25 05:00:00+00:00,110.625,110.65625,110.609375,110.65625,10066.0
2024-06-25 06:00:00+00:00,110.625,110.640625,110.578125,110.609375,28558.0
2024-06-25 07:00:00+00:00,110.578125,110.625,110.546875,110.625,40000.0
2024-06-25 08:00:00+00:00,110.53125,110.578125,110.515625,110.5625,34636.0
2024-06-25 09:00:00+00:00,110.59375,110.609375,110.53125,110.53125,34065.0
2024-06-25 10:00:00+00:00,110.703125,110.71875,110.59375,110.59400177001953,50966.0
2024-06-25 11:00:00+00:00,110.765625,110.765625,110.640625,110.6875,71625.0
2024-06-25 12:00:00+00:00,110.546875,110.78125,110.53125,110.75,283810.0
2024-06-25 13:00:00+00:00,110.5,110.578125,110.46875,110.53125,178884.0
2024-06-25 14:00:00+00:00,110.546875,110.578125,110.453125,110.515625,137572.0
2024-06-25 15:00:00+00:00,110.5,110.546875,110.453125,110.546875,103487.0
2024-06-25 16:00:00+00:00,110.453125,110.5,110.4375,110.5,78688.0
2024-06-25 17:00:00+00:00,110.546875,110.578125,110.453125,110.453125,73159.0
2024-06-25 18:00:00+00:00,110.578125,110.59375,110.546875,110.546875,86554.0
2024-06-25 19:00:00+00:00,110.625,110.65625,110.5625,110.578125,158763.0
2024-06-25 20:00:00+00:00,110.5,110.625,110.484375,110.625,0.0
2024-06-25 22:00:00+00:00,110.53125,110.5625,110.515625,110.53125,7193.0
2024-06-25 23:00:00+00:00,110.53125,110.53125,110.5,110.53125,3204.0
2024-06-26 00:00:00+00:00,110.453125,110.546875,110.453125,110.515625,13338.0
2024-06-26 01:00:00+00:00,110.40625,110.484375,110.359375,110.46875,49882.0
2024-06-26 02:00:00+00:00,110.390625,110.40625,110.359375,110.40625,19200.0
2024-06-26 03:00:00+00:00,110.390625,110.4375,110.375,110.390625,12439.0
2024-06-26 04:00:00+00:00,110.390625,110.40625,110.375,110.40625,12010.0
2024-06-26 05:00:00+00:00,110.40625,110.40625,110.375,110.390625,9638.0
2024-06-26 06:00:00+00:00,110.421875,110.4375,110.359375,110.40625,50315.0
2024-06-26 07:00:00+00:00,110.328125,110.421875,110.328125,110.421875,59131.0
2024-06-26 08:00:00+00:00,110.328125,110.34375,110.296875,110.31199645996094,40361.0
2024-06-26 09:00:00+00:00,110.3125,110.359375,110.28125,110.328125,46065.0
2024-06-26 10:00:00+00:00,110.296875,110.328125,110.28125,110.3125,35279.0
2024-06-26 11:00:00+00:00,110.21875,110.3125,110.21875,110.296875,68302.0
2024-06-26 12:00:00+00:00,110.265625,110.3125,110.21875,110.21875,140845.0
2024-06-26 13:00:00+00:00,110.140625,110.28125,110.109375,110.28125,244559.0
2024-06-26 14:00:00+00:00,110.078125,110.203125,110.0625,110.140625,224471.0
2024-06-26 15:00:00+00:00,110.109375,110.109375,110.046875,110.078125,107064.0
2024-06-26 16:00:00+00:00,110.078125,110.140625,110.078125,110.09375,90984.0
2024-06-26 17:00:00+00:00,110.109375,110.171875,110.078125,110.078125,183194.0
2024-06-26 18:00:00+00:00,110.0625,110.109375,110.015625,110.109375,194588.0
2024-06-26 19:00:00+00:00,110.0625,110.078125,110.046875,110.0625,87005.0
2024-06-26 20:00:00+00:00,110.0,110.09375,109.96875,110.0625,0.0
2024-06-26 22:00:00+00:00,110.0,110.015625,109.984375,110.0,7494.0
2024-06-26 23:00:00+00:00,109.984375,110.015625,109.953125,110.015625,13652.0
2024-06-27 00:00:00+00:00,109.890625,109.984375,109.890625,109.984375,46129.0
2024-06-27 01:00:00+00:00,109.90625,109.96875,109.859375,109.890625,49612.0
2024-06-27 02:00:00+00:00,109.921875,109.921875,109.890625,109.90625,10246.0
2024-06-27 03:00:00+00:00,109.921875,109.921875,109.890625,109.921875,7188.0
2024-06-27 04:00:00+00:00,109.96875,109.96875,109.90625,109.90625,13013.0
2024-06-27 05:00:00+00:00,109.9375,109.96875,109.90625,109.96875,8712.0
2024-06-27 06:00:00+00:00,109.953125,109.96875,109.921875,109.9375,24009.0
2024-06-27 07:00:00+00:00,109.890625,109.96875,109.875,109.9375,60918.0
2024-06-27 08:00:00+00:00,109.953125,109.984375,109.890625,109.90625,51538.0
2024-06-27 09:00:00+00:00,109.9530029296875,109.96875,109.90625,109.953125,41638.0
2024-06-27 10:00:00+00:00,110.0,110.015625,109.921875,109.9375,57046.0
2024-06-27 11:00:00+00:00,109.96875,110.015625,109.90625,110.0,82738.0
2024-06-27 12:00:00+00:00,110.171875,110.203125,109.890625,109.984375,279046.0
2024-06-27 13:00:00+00:00,110.328125,110.34375,110.140625,110.15625,229374.0
2024-06-27 14:00:00+00:00,110.28125,110.359375,110.265625,110.328125,199952.0
2024-06-27 15:00:00+00:00,110.25,110.296875,110.21875,110.28125,132393.0
2024-06-27 16:00:00+00:00,110.265625,110.28125,110.234375,110.234375,101211.0
2024-06-27 17:00:00+00:00,110.28125,110.328125,110.25,110.265625,127754.0
2024-06-27 18:00:00+00:00,110.265625,110.296875,110.234375,110.265625,121074.0
2024-06-27 19:00:00+00:00,110.25,110.265625,110.234375,110.265625,106707.0
2024-06-27 20:00:00+00:00,110.265625,110.296875,110.25,110.265625,0.0
2024-06-27 22:00:00+00:00,110.265625,110.28125,110.21875,110.234375,7247.0
2024-06-27 23:00:00+00:00,110.265625,110.28125,110.25,110.25,5459.0
2024-06-28 00:00:00+00:00,110.15625,110.28125,110.15625,110.265625,17476.0
2024-06-28 01:00:00+00:00,110.078125,110.203125,110.015625,110.15625,56207.0
2024-06-28 02:00:00+00:00,110.125,110.140625,110.0625,110.078125,33749.0
2024-06-28 03:00:00+00:00,110.09375,110.125,110.078125,110.109375,9802.0
2024-06-28 04:00:00+00:00,110.125,110.140625,110.0625,110.09375,15176.0
2024-06-28 05:00:00+00:00,110.140625,110.15625,110.109375,110.125,11580.0
2024-06-28 06:00:00+00:00,110.1875,110.21875,110.125,110.140625,36089.0
2024-06-28 07:00:00+00:00,110.203125,110.265625,110.15625,110.203125,52625.0
2024-06-28 08:00:00+00:00,110.15625,110.234375,110.125,110.203125,37470.0
2024-06-28 09:00:00+00:00,110.15625,110.171875,110.109375,110.140625,30999.0
2024-06-28 10:00:00+00:00,110.125,110.15625,110.09375,110.15625,25811.0
2024-06-28 11:00:00+00:00,110.171875,110.203125,110.125,110.140625,51014.0
2024-06-28 12:00:00+00:00,110.421875,110.453125,110.015625,110.1875,319570.0
2024-06-28 13:00:00+00:00,110.4375,110.5,110.390625,110.421875,244632.0
2024-06-28 14:00:00+00:00,110.0625,110.5,110.046875,110.421875,388383.0
2024-06-28 15:00:00+00:00,109.96875,110.109375,109.921875,110.0625,302545.0
2024-06-28 16:00:00+00:00,109.890625,110.0,109.84375,109.984375,225570.0
2024-06-28 17:00:00+00:00,109.9375,109.96875,109.890625,109.90625,149883.0
2024-06-28 18:00:00+00:00,109.96875,110.03125,109.9375,109.9375,204594.0
2024-06-28 19:00:00+00:00,109.859375,109.984375,109.828125,109.96875,403173.0
2024-06-28 20:00:00+00:00,109.640625,109.859375,109.609375,109.859375,386069.0
2024-06-30 22:00:00+00:00,109.578125,109.625,109.46875,109.59375,31001.0
2024-06-30 23:00:00+00:00,109.578125,109.609375,109.515625,109.578125,16173.0
2024-07-01 00:00:00+00:00,109.640625,109.640625,109.5,109.578125,58479.0
2024-07-01 01:00:00+00:00,109.671875,109.71875,109.625,109.640625,34423.0
2024-07-01 02:00:00+00:00,109.71875,109.71875,109.65625,109.671875,19013.0
2024-07-01 03:00:00+00:00,109.734375,109.75,109.6875,109.703125,11974.0
2024-07-01 04:00:00+00:00,109.734375,109.75,109.703125,109.734375,11007.0
2024-07-01 05:00:00+00:00,109.703125,109.734375,109.65625,109.71875,21604.0
2024-07-01 06:00:00+00:00,109.703125,109.734375,109.640625,109.6875,48134.0
2024-07-01 07:00:00+00:00,109.640625,109.703125,109.625,109.6875,58565.0
2024-07-01 08:00:00+00:00,109.59375,109.65625,109.546875,109.640625,83553.0
2024-07-01 09:00:00+00:00,109.5625,109.609375,109.53125,109.59375,43639.0
2024-07-01 10:00:00+00:00,109.546875,109.609375,109.53125,109.5625,52571.0
2024-07-01 11:00:00+00:00,109.609375,109.609375,109.53125,109.546875,51434.0
2024-07-01 12:00:00+00:00,109.34375,109.59375,109.28125,109.59375,254447.0
2024-07-01 13:00:00+00:00,109.40625,109.421875,109.265625,109.359375,182863.0
2024-07-01 14:00:00+00:00,109.140625,109.578125,109.125,109.421875,367744.0
2024-07-01 15:00:00+00:00,109.140625,109.203125,109.109375,109.140625,190625.0
2024-07-01 16:00:00+00:00,109.109375,109.234375,109.109375,109.15625,125079.0
2024-07-01 17:00:00+00:00,109.125,109.171875,109.109375,109.125,70668.0
2024-07-01 18:00:00+00:00,109.171875,109.203125,109.078125,109.140625,144165.0
2024-07-01 19:00:00+00:00,109.171875,109.1875,109.140625,109.15625,122024.0
2024-07-01 20:00:00+00:00,109.265625,109.265625,109.15625,109.1875,0.0
2024-07-01 22:00:00+00:00,109.265625,109.28125,109.21875,109.25,8231.0
2024-07-01 23:00:00+00:00,109.296875,109.296875,109.25,109.265625,12321.0
2024-07-02 00:00:00+00:00,109.328125,109.328125,109.25,109.28125,19928.0
2024-07-02 01:00:00+00:00,109.3125,109.359375,109.3125,109.328125,22757.0
2024-07-02 02:00:00+00:00,109.328125,109.359375,109.3125,109.328125,11106.0
2024-07-02 03:00:00+00:00,109.3125,109.359375,109.3125,109.34375,7977.0
2024-07-02 04:00:00+00:00,109.375,109.390625,109.328125,109.328125,17272.0
2024-07-02 05:00:00+00:00,109.375,109.40625,109.359375,109.359375,20266.0
2024-07-02 06:00:00+00:00,109.375,109.40625,109.328125,109.375,34303.0
2024-07-02 07:00:00+00:00,109.328125,109.390625,109.296875,109.375,63445.0
2024-07-02 08:00:00+00:00,109.3125,109.390625,109.28125,109.328125,53564.0
2024-07-02 09:00:00+00:00,109.296875,109.328125,109.265625,109.3125,49450.0
2024-07-02 10:00:00+00:00,109.328125,109.359375,109.25,109.26599884033203,34170.0
2024-07-02 11:00:00+00:00,109.359375,109.390625,109.296875,109.34375,43154.0
2024-07-02 12:00:00+00:00,109.46875,109.515625,109.34375,109.359375,163018.0
2024-07-02 13:00:00+00:00,109.5625,109.609375,109.453125,109.46875,256619.0
2024-07-02 14:00:00+00:00,109.515625,109.578125,109.359375,109.578125,281315.0
2024-07-02 15:00:00+00:00,109.4375,109.53125,109.390625,109.5,140343.0
2024-07-02 16:00:00+00:00,109.390625,109.453125,109.375,109.4375,58782.0
2024-07-02 17:00:00+00:00,109.40625,109.4375,109.359375,109.390625,79608.0
2024-07-02 18:00:00+00:00,109.46875,109.46875,109.375,109.390625,74560.0
2024-07-02 19:00:00+00:00,109.46875,109.53125,109.421875,109.46875,114086.0
2024-07-02 20:00:00+00:00,109.453125,109.515625,109.421875,109.46875,0.0
2024-07-02 22:00:00+00:00,109.5,109.5,109.453125,109.453125,4545.0
2024-07-02 23:00:00+00:00,109.5,109.515625,109.484375,109.5,3469.0
2024-07-03 00:00:00+00:00,109.46875,109.53125,109.453125,109.515625,12451.0
2024-07-03 01:00:00+00:00,109.5,109.5,109.4375,109.46875,9881.0
2024-07-03 02:00:00+00:00,109.484375,109.515625,109.46875,109.484375,7641.0
2024-07-03 03:00:00+00:00,109.453125,109.484375,109.4375,109.46875,6062.0
2024-07-03 13:30:00+00:00,109.625,109.6875,109.578125,109.609375,153628.0
2024-07-03 14:30:00+00:00,110.09375,110.125,109.640625,109.640625,554034.0
2024-07-03 15:30:00+00:00,109.96875,110.09375,109.953125,110.09375,196244.0
2024-07-03 16:30:00+00:00,110.046875,110.0625,109.921875,109.96875,147767.0
2024-07-05 04:00:00+00:00,109.96875,110.0,109.96875,109.984375,134237.0
2024-07-05 05:00:00+00:00,109.984375,110.0,109.96875,109.984375,6513.0
2024-07-05 06:00:00+00:00,110.015625,110.046875,109.984375,109.984375,38277.0
2024-07-05 07:00:00+00:00,110.03125,110.046875,109.984375,110.03125,37681.0
2024-07-05 08:00:00+00:00,110.09375,110.125,110.03125,110.03125,57985.0
2024-07-05 09:00:00+00:00,110.078125,110.09375,110.046875,110.078125,39901.0
2024-07-05 10:00:00+00:00,110.09375,110.125,110.046875,110.0625,44799.0
2024-07-05 11:00:00+00:00,110.109375,110.15625,110.078125,110.09375,58785.0
2024-07-05 12:00:00+00:00,110.296875,110.546875,109.546875,110.109375,477617.0
2024-07-05 13:00:00+00:00,110.34375,110.421875,110.25,110.3125,206268.0
2024-07-05 14:00:00+00:00,110.484375,110.484375,110.265625,110.34375,161142.0
2024-07-05 15:00:00+00:00,110.5625,110.625,110.453125,110.484375,142448.0
2024-07-05 16:00:00+00:00,110.53125,110.578125,110.5,110.546875,76001.0
2024-07-05 17:00:00+00:00,110.53125,110.578125,110.515625,110.515625,43207.0
2024-07-05 18:00:00+00:00,110.625,110.625,110.515625,110.53125,99998.0
2024-07-05 19:00:00+00:00,110.5625,110.625,110.53125,110.625,83939.0
2024-07-05 20:00:00+00:00,110.546875,110.578125,110.546875,110.546875,35568.0
2024-07-07 22:00:00+00:00,110.5,110.640625,110.484375,110.5625,9934.0
2024-07-07 23:00:00+00:00,110.484375,110.515625,110.46875,110.5,8317.0
2024-07-08 00:00:00+00:00,110.390625,110.5,110.390625,110.5,39155.0
2024-07-08 01:00:00+00:00,110.4375,110.453125,110.359375,110.40625,27671.0
2024-07-08 02:00:00+00:00,110.4375,110.46875,110.40625,110.4375,17937.0
2024-07-08 03:00:00+00:00,110.453125,110.484375,110.421875,110.4375,6935.0
2024-07-08 04:00:00+00:00,110.46875,110.484375,110.4375,110.46875,9830.0
2024-07-08 05:00:00+00:00,110.4375,110.484375,110.421875,110.46875,13164.0
2024-07-08 06:00:00+00:00,110.40625,110.515625,110.40625,110.4375,41286.0
2024-07-08 07:00:00+00:00,110.421875,110.515625,110.375,110.40625,74519.0
2024-07-08 08:00:00+00:00,110.375,110.421875,110.359375,110.40625,42736.0
2024-07-08 09:00:00+00:00,110.328125,110.375,110.3125,110.375,33283.0
2024-07-08 10:00:00+00:00,110.421875,110.421875,110.328125,110.34375,27237.0
2024-07-08 11:00:00+00:00,110.375,110.421875,110.34375,110.421875,36033.0
2024-07-08 12:00:00+00:00,110.515625,110.578125,110.328125,110.375,148494.0
2024-07-08 13:00:00+00:00,110.515625,110.59375,110.40625,110.53125,136646.0
2024-07-08 14:00:00+00:00,110.5,110.578125,110.453125,110.53125,102633.0
2024-07-08 15:00:00+00:00,110.484375,110.53125,110.4375,110.5,79124.0
2024-07-08 16:00:00+00:00,110.53125,110.53125,110.453125,110.484375,36415.0
2024-07-08 17:00:00+00:00,110.59375,110.625,110.5,110.53125,78083.0
2024-07-08 18:00:00+00:00,110.609375,110.609375,110.5625,110.578125,85055.0
2024-07-08 19:00:00+00:00,110.5625,110.640625,110.546875,110.609375,97372.0
2024-07-08 20:00:00+00:00,110.515625,110.578125,110.5,110.5625,57264.0
2024-07-08 22:00:00+00:00,110.53125,110.53125,110.5,110.5,0.0
2024-07-08 23:00:00+00:00,110.5,110.53125,110.5,110.515625,4625.0
2024-07-09 00:00:00+00:00,110.546875,110.5625,110.484375,110.5,13346.0
2024-07-09 01:00:00+00:00,110.515625,110.546875,110.515625,110.53125,5888.0
2024-07-09 02:00:00+00:00,110.546875,110.546875,110.515625,110.53125,7424.0
2024-07-09 03:00:00+00:00,110.5,110.5625,110.484375,110.546875,11092.0
2024-07-09 04:00:00+00:00,110.484375,110.515625,110.484375,110.484375,9455.0
2024-07-09 05:00:00+00:00,110.484375,110.5,110.46875,110.484375,3310.0
2024-07-09 06:00:00+00:00,110.453125,110.515625,110.4375,110.484375,38771.0
2024-07-09 07:00:00+00:00,110.421875,110.484375,110.40625,110.453125,33712.0
2024-07-09 08:00:00+00:00,110.453125,110.484375,110.421875,110.4375,24956.0
2024-07-09 09:00:00+00:00,110.484375,110.515625,110.4375,110.453125,40561.0
2024-07-09 10:00:00+00:00,110.453125,110.46875,110.421875,110.46875,27804.0
2024-07-09 11:00:00+00:00,110.390625,110.46875,110.359375,110.453125,57600.0
2024-07-09 12:00:00+00:00,110.421875,110.453125,110.375,110.390625,100507.0
2024-07-09 13:00:00+00:00,110.46875,110.5,110.390625,110.4375,162089.0
2024-07-09 14:00:00+00:00,110.296875,110.546875,110.28125,110.46875,276331.0
2024-07-09 15:00:00+00:00,110.296875,110.34375,110.21875,110.3125,196636.0
2024-07-09 16:00:00+00:00,110.328125,110.375,110.28125,110.296875,118745.0
2024-07-09 17:00:00+00:00,110.40625,110.421875,110.328125,110.34375,99231.0
2024-07-09 18:00:00+00:00,110.421875,110.46875,110.375,110.40625,144794.0
2024-07-09 19:00:00+00:00,110.421875,110.453125,110.390625,110.421875,120948.0
2024-07-09 20:00:00+00:00,110.4375,110.453125,110.40625,110.453125,0.0
2024-07-09 22:00:00+00:00,110.421875,110.4375,110.40625,110.4375,3899.0
2024-07-09 23:00:00+00:00,110.421875,110.4375,110.40625,110.421875,5254.0
2024-07-10 00:00:00+00:00,110.390625,110.46875,110.390625,110.4375,18446.0
2024-07-10 01:00:00+00:00,110.328125,110.40625,110.3125,110.40625,36038.0
2024-07-10 02:00:00+00:00,110.375,110.375,110.328125,110.34375,12720.0
2024-07-10 03:00:00+00:00,110.375,110.390625,110.359375,110.375,10961.0
2024-07-10 04:00:00+00:00,110.375,110.390625,110.34375,110.390625,8612.0
2024-07-10 05:00:00+00:00,110.40625,110.40625,110.359375,110.375,7248.0
2024-07-10 06:00:00+00:00,110.4375,110.453125,110.390625,110.390625,31076.0
2024-07-10 07:00:00+00:00,110.453125,110.53125,110.4375,110.4375,70360.0
2024-07-10 08:00:00+00:00,110.484375,110.5,110.453125,110.453125,49410.0
2024-07-10 09:00:00+00:00,110.515625,110.515625,110.453125,110.484375,36341.0
2024-07-10 10:00:00+00:00,110.5625,110.578125,110.5,110.515625,56854.0
2024-07-10 11:00:00+00:00,110.59375,110.59375,110.546875,110.546875,62068.0
2024-07-10 12:00:00+00:00,110.546875,110.625,110.515625,110.578125,125355.0
2024-07-10 13:00:00+00:00,110.5,110.5625,110.453125,110.5625,135407.0
2024-07-10 14:00:00+00:00,110.421875,110.546875,110.40625,110.484375,145288.0
2024-07-10 15:00:00+00:00,110.453125,110.46875,110.375,110.421875,125052.0
2024-07-10 16:00:00+00:00,110.484375,110.53125,110.453125,110.453125,134806.0
2024-07-10 17:00:00+00:00,110.46875,110.5625,110.421875,110.484375,145466.0
2024-07-10 18:00:00+00:00,110.484375,110.5,110.4375,110.46875,108663.0
2024-07-10 19:00:00+00:00,110.484375,110.515625,110.453125,110.484375,161494.0
2024-07-10 20:00:00+00:00,110.484375,110.5,110.453125,110.46875,0.0
2024-07-10 22:00:00+00:00,110.484375,110.515625,110.46875,110.484375,3345.0
2024-07-10 23:00:00+00:00,110.46875,110.5,110.453125,110.484375,16171.0
2024-07-11 00:00:00+00:00,110.453125,110.5,110.453125,110.46875,11190.0
2024-07-11 01:00:00+00:00,110.453125,110.46875,110.4375,110.453125,4162.0
2024-07-11 02:00:00+00:00,110.453125,110.46875,110.4375,110.453125,5927.0
2024-07-11 03:00:00+00:00,110.4375,110.453125,110.4375,110.453125,10263.0
2024-07-11 04:00:00+00:00,110.453125,110.46875,110.4375,110.4375,3266.0
2024-07-11 05:00:00+00:00,110.40625,110.46875,110.40625,110.453125,14055.0
2024-07-11 06:00:00+00:00,110.453125,110.484375,110.40625,110.421875,35247.0
2024-07-11 07:00:00+00:00,110.4375,110.46875,110.40625,110.453125,53171.0
2024-07-11 08:00:00+00:00,110.46875,110.5,110.421875,110.4375,55694.0
2024-07-11 09:00:00+00:00,110.515625,110.53125,110.46875,110.484375,47705.0
2024-07-11 10:00:00+00:00,110.484375,110.53125,110.46875,110.53125,33461.0
2024-07-11 11:00:00+00:00,110.46875,110.515625,110.4375,110.5,63318.0
2024-07-11 12:00:00+00:00,111.109375,111.3125,110.40625,110.453125,639903.0
2024-07-11 13:00:00+00:00,111.265625,111.28125,111.09375,111.109375,433896.0
2024-07-11 14:00:00+00:00,111.265625,111.328125,111.15625,111.265625,287691.0
2024-07-11 15:00:00+00:00,111.296875,111.328125,111.21875,111.265625,196588.0
2024-07-11 16:00:00+00:00,111.28125,111.3125,111.234375,111.28125,97167.0
2024-07-11 17:00:00+00:00,111.109375,111.28125,111.09375,111.265625,163292.0
2024-07-11 18:00:00+00:00,111.15625,111.171875,111.09375,111.109375,190267.0
2024-07-11 19:00:00+00:00,111.09375,111.171875,111.0625,111.171875,124812.0
2024-07-11 20:00:00+00:00,111.03125,111.09375,111.015625,111.078125,0.0
2024-07-11 22:00:00+00:00,111.03125,111.046875,111.015625,111.015625,10059.0
2024-07-11 23:00:00+00:00,111.015625,111.078125,111.0,111.03125,23859.0
2024-07-12 00:00:00+00:00,110.953125,111.03125,110.9375,111.015625,46911.0
2024-07-12 01:00:00+00:00,110.921875,110.953125,110.90625,110.9375,20928.0
2024-07-12 02:00:00+00:00,110.921875,110.9375,110.875,110.921875,18070.0
2024-07-12 03:00:00+00:00,110.921875,110.953125,110.921875,110.921875,10253.0
2024-07-12 04:00:00+00:00,110.96875,110.984375,110.890625,110.921875,11909.0
2024-07-12 05:00:00+00:00,111.0,111.03125,110.96875,110.984375,22100.0
2024-07-12 06:00:00+00:00,110.984375,111.046875,110.984375,111.015625,33523.0
2024-07-12 07:00:00+00:00,110.953125,111.015625,110.9375,110.984375,49583.0
2024-07-12 08:00:00+00:00,110.953125,111.015625,110.921875,110.953125,45702.0
2024-07-12 09:00:00+00:00,110.90625,110.96875,110.890625,110.953125,26981.0
2024-07-12 10:00:00+00:00,110.953125,110.953125,110.875,110.90625,71158.0
2024-07-12 11:00:00+00:00,110.984375,111.015625,110.9375,110.9375,63851.0
2024-07-12 12:00:00+00:00,111.09375,111.171875,110.796875,111.0,361815.0
2024-07-12 13:00:00+00:00,111.109375,111.140625,111.03125,111.078125,198321.0
2024-07-12 14:00:00+00:00,111.0625,111.203125,111.0625,111.125,219227.0
2024-07-12 15:00:00+00:00,111.125,111.140625,111.046875,111.078125,110528.0
2024-07-12 16:00:00+00:00,111.125,111.15625,111.09375,111.140625,105831.0
2024-07-12 17:00:00+00:00,111.171875,111.1875,111.109375,111.125,62385.0
2024-07-12 18:00:00+00:00,111.203125,111.203125,111.140625,111.171875,141106.0
2024-07-12 19:00:00+00:00,111.265625,111.265625,111.171875,111.203125,144644.0
2024-07-12 20:00:00+00:00,111.21875,111.265625,111.1875,111.265625,63670.0
2024-07-14 22:00:00+00:00,110.875,111.0,110.765625,111.0,78168.0
2024-07-14 23:00:00+00:00,110.875,110.890625,110.8125,110.875,13039.0
2024-07-15 00:00:00+00:00,110.90625,110.9375,110.859375,110.890625,18534.0
2024-07-15 01:00:00+00:00,110.859375,110.90625,110.859375,110.90625,16815.0
2024-07-15 02:00:00+00:00,110.875,110.90625,110.859375,110.859375,5767.0
2024-07-15 03:00:00+00:00,110.90625,110.90625,110.875,110.890625,2795.0
2024-07-15 04:00:00+00:00,110.921875,110.9375,110.890625,110.90625,11660.0
2024-07-15 05:00:00+00:00,110.890625,110.921875,110.875,110.90625,7466.0
2024-07-15 06:00:00+00:00,110.96875,111.0,110.875,110.90625,47484.0
2024-07-15 07:00:00+00:00,111.09375,111.109375,110.984375,110.984375,69213.0
2024-07-15 08:00:00+00:00,111.125,111.140625,111.078125,111.09375,65217.0
2024-07-15 09:00:00+00:00,111.046875,111.140625,111.046875,111.125,57375.0
2024-07-15 10:00:00+00:00,111.03125,111.078125,110.984375,111.046875,46591.0
2024-07-15 11:00:00+00:00,110.890625,111.0625,110.859375,111.03125,88522.0
2024-07-15 12:00:00+00:00,110.96875,111.0,110.890625,110.890625,155339.0
2024-07-15 13:00:00+00:00,111.0,111.125,110.953125,110.96875,190065.0
2024-07-15 14:00:00+00:00,111.09375,111.09375,110.9375,111.015625,136195.0
2024-07-15 15:00:00+00:00,111.078125,111.125,111.03125,111.078125,111286.0
2024-07-15 16:00:00+00:00,111.03125,111.203125,111.0,111.078125,172334.0
2024-07-15 17:00:00+00:00,110.984375,111.03125,110.921875,111.015625,138593.0
2024-07-15 18:00:00+00:00,110.96875,111.03125,110.96875,110.984375,109783.0
2024-07-15 19:00:00+00:00,111.015625,111.03125,110.9375,110.984375,155843.0
2024-07-15 20:00:00+00:00,110.953125,111.015625,110.9375,111.0,0.0
2024-07-15 22:00:00+00:00,111.015625,111.015625,110.9375,110.9375,4361.0
2024-07-15 23:00:00+00:00,111.03125,111.046875,110.984375,111.015625,6565.0
2024-07-16 00:00:00+00:00,111.09375,111.09375,111.015625,111.03125,15664.0
2024-07-16 01:00:00+00:00,111.0625,111.09375,111.046875,111.078125,13071.0
2024-07-16 02:00:00+00:00,111.0625,111.078125,111.03125,111.0625,7364.0
2024-07-16 03:00:00+00:00,111.078125,111.09375,111.03125,111.046875,9944.0
2024-07-16 04:00:00+00:00,111.125,111.140625,111.046875,111.0625,13317.0
2024-07-16 05:00:00+00:00,111.140625,111.15625,111.09375,111.125,11611.0
2024-07-16 06:00:00+00:00,111.140625,111.171875,111.109375,111.140625,36564.0
2024-07-16 07:00:00+00:00,111.265625,111.296875,111.140625,111.140625,93881.0
2024-07-16 08:00:00+00:00,111.3125,111.328125,111.234375,111.265625,77952.0
2024-07-16 09:00:00+00:00,111.296875,111.3125,111.265625,111.296875,71347.0
2024-07-16 10:00:00+00:00,111.25,111.3125,111.25,111.296875,48362.0
2024-07-16 11:00:00+00:00,111.328125,111.359375,111.25,111.265625,77197.0
2024-07-16 12:00:00+00:00,111.0625,111.390625,111.015625,111.328125,405117.0
2024-07-16 13:00:00+00:00,111.0625,111.171875,111.03125,111.046875,189453.0
2024-07-16 14:00:00+00:00,111.109375,111.140625,111.03125,111.0625,147258.0
2024-07-16 15:00:00+00:00,111.203125,111.234375,111.09375,111.125,180862.0
2024-07-16 16:00:00+00:00,111.171875,111.21875,111.140625,111.203125,127597.0
2024-07-16 17:00:00+00:00,111.28125,111.28125,111.15625,111.171875,96883.0
2024-07-16 18:00:00+00:00,111.34375,111.359375,111.265625,111.28125,194438.0
2024-07-16 19:00:00+00:00,111.34375,111.375,111.296875,111.34375,171154.0
2024-07-16 20:00:00+00:00,111.40625,111.421875,111.328125,111.359375,0.0
2024-07-16 22:00:00+00:00,111.390625,111.40625,111.375,111.40625,6531.0
2024-07-16 23:00:00+00:00,111.375,111.40625,111.375,111.390625,6181.0
2024-07-17 00:00:00+00:00,111.296875,111.390625,111.28125,111.375,26629.0
2024-07-17 01:00:00+00:00,111.3125,111.3125,111.25,111.296875,20536.0
2024-07-17 02:00:00+00:00,111.34375,111.359375,111.296875,111.296875,21219.0
2024-07-17 03:00:00+00:00,111.328125,111.34375,111.3125,111.34375,5868.0
2024-07-17 04:00:00+00:00,111.328125,111.34375,111.296875,111.328125,8568.0
2024-07-17 05:00:00+00:00,111.3125,111.34375,111.296875,111.328125,8986.0
2024-07-17 06:00:00+00:00,111.234375,111.328125,111.21875,111.328125,40044.0
2024-07-17 07:00:00+00:00,111.25,111.296875,111.21875,111.25,32840.0
2024-07-17 08:00:00+00:00,111.359375,111.359375,111.25,111.25,62807.0
2024-07-17 09:00:00+00:00,111.265625,111.390625,111.265625,111.359375,72640.0
2024-07-17 10:00:00+00:00,111.21875,111.28125,111.203125,111.265625,55517.0
2024-07-17 11:00:00+00:00,111.203125,111.265625,111.1875,111.21875,63505.0
2024-07-17 12:00:00+00:00,111.140625,111.28125,111.140625,111.203125,170247.0
2024-07-17 13:00:00+00:00,111.25,111.3125,111.140625,111.15625,200576.0
2024-07-17 14:00:00+00:00,111.203125,111.265625,111.109375,111.234375,194969.0
2024-07-17 15:00:00+00:00,111.296875,111.375,111.1875,111.203125,147884.0
2024-07-17 16:00:00+00:00,111.375,111.390625,111.296875,111.296875,104775.0
2024-07-17 17:00:00+00:00,111.359375,111.4375,111.28125,111.375,122633.0
2024-07-17 18:00:00+00:00,111.4375,111.46875,111.359375,111.359375,146241.0
2024-07-17 19:00:00+00:00,111.40625,111.46875,111.390625,111.4375,119728.0
2024-07-17 20:00:00+00:00,111.375,111.453125,111.375,111.421875,83732.0
2024-07-17 22:00:00+00:00,111.34375,111.390625,111.34375,111.390625,0.0
2024-07-17 23:00:00+00:00,111.359375,111.390625,111.34375,111.34375,8060.0
2024-07-18 00:00:00+00:00,111.296875,111.359375,111.28125,111.359375,19183.0
2024-07-18 01:00:00+00:00,111.28125,111.296875,111.25,111.296875,16205.0
2024-07-18 02:00:00+00:00,111.28125,111.296875,111.265625,111.265625,12159.0
2024-07-18 03:00:00+00:00,111.265625,111.296875,111.265625,111.265625,7196.0
2024-07-18 04:00:00+00:00,111.28125,111.28125,111.25,111.265625,10224.0
2024-07-18 05:00:00+00:00,111.3125,111.3125,111.25,111.265625,12148.0
2024-07-18 06:00:00+00:00,111.3125,111.328125,111.28125,111.296875,27381.0
2024-07-18 07:00:00+00:00,111.265625,111.359375,111.265625,111.328125,45259.0
2024-07-18 08:00:00+00:00,111.1875,111.28125,111.171875,111.265625,80833.0
2024-07-18 09:00:00+00:00,111.203125,111.234375,111.171875,111.203125,48168.0
2024-07-18 10:00:00+00:00,111.1875,111.234375,111.1875,111.1875,33495.0
2024-07-18 11:00:00+00:00,111.203125,111.234375,111.171875,111.1875,55453.0
2024-07-18 12:00:00+00:00,111.234375,111.375,111.1875,111.203125,255543.0
2024-07-18 13:00:00+00:00,111.359375,111.359375,111.1875,111.21875,157921.0
2024-07-18 14:00:00+00:00,111.34375,111.421875,111.28125,111.34375,216301.0
2024-07-18 15:00:00+00:00,111.28125,111.390625,111.265625,111.328125,150859.0
2024-07-18 16:00:00+00:00,111.25,111.3125,111.234375,111.265625,102345.0
2024-07-18 17:00:00+00:00,111.265625,111.296875,111.21875,111.25,96919.0
2024-07-18 18:00:00+00:00,111.203125,111.296875,111.1875,111.265625,147583.0
2024-07-18 19:00:00+00:00,111.140625,111.21875,111.09375,111.21875,183433.0
2024-07-18 20:00:00+00:00,111.125,111.21875,111.09375,111.15625,0.0
2024-07-18 22:00:00+00:00,111.140625,111.171875,111.125,111.125,5466.0
2024-07-18 23:00:00+00:00,111.1875,111.1875,111.140625,111.15625,7085.0
2024-07-19 00:00:00+00:00,111.171875,111.234375,111.15625,111.1875,24619.0
2024-07-19 01:00:00+00:00,111.09375,111.1875,111.0625,111.15625,23886.0
2024-07-19 02:00:00+00:00,111.0,111.09375,110.953125,111.078125,52084.0
2024-07-19 03:00:00+00:00,111.03125,111.046875,110.984375,111.0,9945.0
2024-07-19 04:00:00+00:00,111.0625,111.0625,111.03125,111.03125,3219.0
2024-07-19 05:00:00+00:00,111.03125,111.046875,111.0,111.046875,13809.0
2024-07-19 06:00:00+00:00,111.1875,111.21875,111.015625,111.03125,60721.0
2024-07-19 07:00:00+00:00,111.109375,111.234375,111.046875,111.1875,104011.0
2024-07-19 08:00:00+00:00,111.125,111.140625,111.078125,111.109375,32995.0
2024-07-19 09:00:00+00:00,111.078125,111.1875,111.0625,111.140625,31025.0
2024-07-19 10:00:00+00:00,111.078125,111.09375,110.984375,111.09375,53501.0
2024-07-19 11:00:00+00:00,111.015625,111.09375,111.0,111.09375,48337.0
2024-07-19 12:00:00+00:00,110.828125,111.03125,110.828125,111.015625,228142.0
2024-07-19 13:00:00+00:00,110.796875,110.9375,110.78125,110.84375,200610.0
2024-07-19 14:00:00+00:00,110.921875,110.953125,110.78125,110.796875,136315.0
2024-07-19 15:00:00+00:00,110.875,110.953125,110.84375,110.921875,104035.0
2024-07-19 16:00:00+00:00,110.828125,110.890625,110.828125,110.875,65644.0
2024-07-19 17:00:00+00:00,110.859375,110.90625,110.828125,110.84375,50077.0
2024-07-19 18:00:00+00:00,110.828125,110.890625,110.828125,110.875,116853.0
2024-07-19 19:00:00+00:00,110.84375,110.84375,110.796875,110.84375,89861.0
2024-07-19 20:00:00+00:00,110.8125,110.859375,110.796875,110.828125,50820.0
2024-07-21 22:00:00+00:00,110.921875,110.9375,110.828125,110.9375,15416.0
2024-07-21 23:00:00+00:00,110.953125,110.953125,110.890625,110.90625,11560.0
2024-07-22 00:00:00+00:00,110.890625,110.953125,110.890625,110.9375,10315.0
2024-07-22 01:00:00+00:00,110.875,110.90625,110.84375,110.890625,13582.0
2024-07-22 02:00:00+00:00,110.890625,110.90625,110.84375,110.875,7044.0
2024-07-22 03:00:00+00:00,110.90625,110.921875,110.875,110.890625,4791.0
2024-07-22 04:00:00+00:00,110.875,110.921875,110.875,110.921875,3051.0
2024-07-22 05:00:00+00:00,110.9375,110.9375,110.875,110.890625,7500.0
2024-07-22 06:00:00+00:00,110.984375,111.015625,110.921875,110.9375,38712.0
2024-07-22 07:00:00+00:00,110.953125,111.03125,110.9375,110.984375,54603.0
2024-07-22 08:00:00+00:00,110.84375,110.984375,110.84375,110.953125,56532.0
2024-07-22 09:00:00+00:00,110.84375,110.859375,110.78125,110.84375,61330.0
2024-07-22 10:00:00+00:00,110.890625,110.90625,110.84375,110.84375,18334.0
2024-07-22 11:00:00+00:00,110.890625,110.9375,110.859375,110.890625,33040.0
2024-07-22 12:00:00+00:00,110.953125,110.96875,110.859375,110.890625,93267.0
2024-07-22 13:00:00+00:00,110.890625,110.984375,110.859375,110.953125,109836.0
2024-07-22 14:00:00+00:00,110.921875,110.953125,110.890625,110.890625,94503.0
2024-07-22 15:00:00+00:00,110.640625,110.921875,110.609375,110.90625,248084.0
2024-07-22 16:00:00+00:00,110.609375,110.65625,110.578125,110.640625,137419.0
2024-07-22 17:00:00+00:00,110.703125,110.71875,110.609375,110.609375,93187.0
2024-07-22 18:00:00+00:00,110.703125,110.734375,110.671875,110.703125,96685.0
2024-07-22 19:00:00+00:00,110.75,110.75,110.6875,110.703125,78804.0
2024-07-22 20:00:00+00:00,110.75,110.75,110.71875,110.71875,0.0
2024-07-22 22:00:00+00:00,110.734375,110.78125,110.734375,110.75,6643.0
2024-07-22 23:00:00+00:00,110.765625,110.765625,110.71875,110.75,7042.0
2024-07-23 00:00:00+00:00,110.8125,110.8125,110.734375,110.765625,18883.0
2024-07-23 01:00:00+00:00,110.796875,110.828125,110.78125,110.796875,11979.0
2024-07-23 02:00:00+00:00,110.8125,110.84375,110.796875,110.796875,10428.0
2024-07-23 03:00:00+00:00,110.84375,110.84375,110.8125,110.8125,6694.0
2024-07-23 04:00:00+00:00,110.828125,110.84375,110.8125,110.828125,5238.0
2024-07-23 05:00:00+00:00,110.796875,110.84375,110.796875,110.828125,8457.0
2024-07-23 06:00:00+00:00,110.734375,110.8125,110.71875,110.796875,38949.0
2024-07-23 07:00:00+00:00,110.828125,110.84375,110.71875,110.734375,44064.0
2024-07-23 08:00:00+00:00,110.84375,110.859375,110.796875,110.828125,34877.0
2024-07-23 09:00:00+00:00,110.859375,110.921875,110.8125,110.828125,45081.0
2024-07-23 10:00:00+00:00,110.890625,110.921875,110.84375,110.859375,30283.0
2024-07-23 11:00:00+00:00,110.859375,110.890625,110.8125,110.890625,86222.0
2024-07-23 12:00:00+00:00,110.875,110.921875,110.796875,110.84375,125006.0
2024-07-23 13:00:00+00:00,110.890625,110.9375,110.78125,110.875,146377.0
2024-07-23 14:00:00+00:00,110.875,110.96875,110.859375,110.890625,155763.0
2024-07-23 15:00:00+00:00,110.921875,110.96875,110.859375,110.890625,86059.0
2024-07-23 16:00:00+00:00,110.90625,110.9375,110.890625,110.9375,62693.0
2024-07-23 17:00:00+00:00,110.890625,111.0,110.859375,110.90625,101657.0
2024-07-23 18:00:00+00:00,110.875,110.890625,110.8125,110.875,103908.0
2024-07-23 19:00:00+00:00,110.796875,110.875,110.796875,110.875,114107.0
2024-07-23 20:00:00+00:00,110.78125,110.8125,110.75,110.8125,0.0
2024-07-23 22:00:00+00:00,110.75,110.765625,110.71875,110.75,12186.0
2024-07-23 23:00:00+00:00,110.765625,110.765625,110.734375,110.734375,4812.0
2024-07-24 00:00:00+00:00,110.75,110.78125,110.734375,110.765625,16248.0
2024-07-24 01:00:00+00:00,110.78125,110.796875,110.75,110.75,16555.0
2024-07-24 02:00:00+00:00,110.765625,110.796875,110.734375,110.78125,10690.0
2024-07-24 03:00:00+00:00,110.765625,110.78125,110.734375,110.75,13736.0
2024-07-24 04:00:00+00:00,110.796875,110.8125,110.75,110.765625,15701.0
2024-07-24 05:00:00+00:00,110.828125,110.84375,110.796875,110.8125,5398.0
2024-07-24 06:00:00+00:00,110.875,110.890625,110.828125,110.84375,40197.0
2024-07-24 07:00:00+00:00,110.953125,110.953125,110.84375,110.875,77342.0
2024-07-24 08:00:00+00:00,110.890625,110.96875,110.875,110.9375,51551.0
2024-07-24 09:00:00+00:00,110.84375,110.921875,110.84375,110.890625,38050.0
2024-07-24 10:00:00+00:00,110.875,110.890625,110.8125,110.859375,34325.0
2024-07-24 11:00:00+00:00,110.9375,110.96875,110.875,110.875,66466.0
2024-07-24 12:00:00+00:00,111.09375,111.109375,110.875,110.9375,170067.0
2024-07-24 13:00:00+00:00,110.953125,111.109375,110.890625,111.09375,356943.0
2024-07-24 14:00:00+00:00,111.125,111.140625,110.921875,110.9375,280286.0
2024-07-24 15:00:00+00:00,111.046875,111.140625,111.03125,111.109375,181558.0
2024-07-24 16:00:00+00:00,111.0,111.03125,110.953125,111.03125,141016.0
2024-07-24 17:00:00+00:00,110.78125,111.015625,110.75,110.984375,203922.0
2024-07-24 18:00:00+00:00,110.671875,110.78125,110.640625,110.765625,398286.0
2024-07-24 19:00:00+00:00,110.640625,110.75,110.625,110.65625,274874.0
2024-07-24 22:00:00+00:00,110.671875,110.6875,110.640625,110.640625,8828.0
2024-07-24 23:00:00+00:00,110.703125,110.703125,110.671875,110.671875,7324.0
2024-07-25 00:00:00+00:00,110.765625,110.796875,110.703125,110.703125,27396.0
2024-07-25 01:00:00+00:00,110.828125,110.828125,110.75,110.765625,22113.0
2024-07-25 02:00:00+00:00,110.78125,110.828125,110.765625,110.828125,30096.0
2024-07-25 03:00:00+00:00,110.84375,110.859375,110.78125,110.796875,18597.0
2024-07-25 04:00:00+00:00,110.859375,110.859375,110.796875,110.859375,24093.0
2024-07-25 05:00:00+00:00,110.828125,110.859375,110.8125,110.84375,25813.0
2024-07-25 06:00:00+00:00,110.875,110.9375,110.828125,110.828125,59446.0
2024-07-25 07:00:00+00:00,111.03125,111.0625,110.875,110.890625,127874.0
2024-07-25 08:00:00+00:00,111.03125,111.125,111.0,111.015625,121871.0
2024-07-25 09:00:00+00:00,111.109375,111.109375,111.0,111.046875,78447.0
2024-07-25 10:00:00+00:00,111.09375,111.171875,111.0780029296875,111.09375,88897.0
2024-07-25 11:00:00+00:00,111.078125,111.140625,111.03125,111.109375,114851.0
2024-07-25 12:00:00+00:00,110.921875,111.265625,110.90625,111.078125,491389.0
2024-07-25 13:00:00+00:00,111.0,111.015625,110.75,110.921875,383308.0
2024-07-25 14:00:00+00:00,111.03125,111.140625,110.984375,111.015625,336672.0
2024-07-25 15:00:00+00:00,110.984375,111.046875,110.96875,111.015625,145985.0
2024-07-25 16:00:00+00:00,110.9375,111.0,110.859375,110.984375,173684.0
2024-07-25 17:00:00+00:00,110.765625,111.015625,110.765625,110.9375,222243.0
2024-07-25 18:00:00+00:00,110.8125,110.828125,110.75,110.765625,151116.0
2024-07-25 19:00:00+00:00,110.828125,110.84375,110.734375,110.8125,156979.0
2024-07-25 20:00:00+00:00,110.90625,110.90625,110.828125,110.828125,78036.0
2024-07-25 22:00:00+00:00,110.921875,110.921875,110.84375,110.890625,0.0
2024-07-25 23:00:00+00:00,110.890625,110.9375,110.890625,110.90625,8554.0
2024-07-26 00:00:00+00:00,110.84375,110.9375,110.796875,110.90625,29943.0
2024-07-26 01:00:00+00:00,110.859375,110.890625,110.8125,110.84375,11848.0
2024-07-26 02:00:00+00:00,110.84375,110.875,110.828125,110.859375,10070.0
2024-07-26 03:00:00+00:00,110.890625,110.890625,110.84375,110.84375,8085.0
2024-07-26 04:00:00+00:00,110.875,110.875,110.84375,110.875,6520.0
2024-07-26 05:00:00+00:00,110.859375,110.875,110.84375,110.859375,5747.0
2024-07-26 06:00:00+00:00,110.8125,110.890625,110.78125,110.859375,33134.0
2024-07-26 07:00:00+00:00,110.828125,110.828125,110.75,110.8125,58854.0
2024-07-26 08:00:00+00:00,110.828125,110.84375,110.765625,110.8125,34123.0
2024-07-26 09:00:00+00:00,110.9375,110.9375,110.8125,110.828125,38960.0
2024-07-26 10:00:00+00:00,110.890625,110.953125,110.859375,110.9375,47396.0
2024-07-26 11:00:00+00:00,110.90625,110.953125,110.875,110.890625,56864.0
2024-07-26 12:00:00+00:00,111.0625,111.09375,110.734375,110.90625,307226.0
2024-07-26 13:00:00+00:00,111.25,111.265625,111.0625,111.0625,286313.0
2024-07-26 14:00:00+00:00,111.1875,111.25,111.15625,111.234375,186834.0
2024-07-26 15:00:00+00:00,111.15625,111.1875,111.09375,111.1875,135789.0
2024-07-26 16:00:00+00:00,111.15625,111.1875,111.125,111.140625,85358.0
2024-07-26 17:00:00+00:00,111.171875,111.203125,111.140625,111.15625,55680.0
2024-07-26 18:00:00+00:00,111.203125,111.21875,111.15625,111.171875,129982.0
2024-07-26 19:00:00+00:00,111.21875,111.265625,111.1875,111.203125,110001.0
2024-07-26 20:00:00+00:00,111.21875,111.25,111.21875,111.234375,69614.0
2024-07-28 22:00:00+00:00,111.234375,111.28125,111.203125,111.234375,10853.0
2024-07-28 23:00:00+00:00,111.25,111.265625,111.21875,111.21875,7589.0
2024-07-29 00:00:00+00:00,111.34375,111.359375,111.25,111.25,36237.0
2024-07-29 01:00:00+00:00,111.375,111.40625,111.328125,111.34375,30144.0
2024-07-29 02:00:00+00:00,111.375,111.40625,111.359375,111.375,11090.0
2024-07-29 03:00:00+00:00,111.34375,111.375,111.328125,111.359375,11925.0
2024-07-29 04:00:00+00:00,111.359375,111.359375,111.34375,111.359375,5783.0
2024-07-29 05:00:00+00:00,111.3125,111.375,111.296875,111.359375,12850.0
2024-07-29 06:00:00+00:00,111.359375,111.375,111.296875,111.3125,24797.0
2024-07-29 07:00:00+00:00,111.390625,111.4375,111.359375,111.375,60422.0
2024-07-29 08:00:00+00:00,111.4375,111.453125,111.390625,111.40625,47912.0
2024-07-29 09:00:00+00:00,111.453125,111.453125,111.40625,111.4375,37397.0
2024-07-29 10:00:00+00:00,111.453125,111.46875,111.421875,111.453125,39895.0
2024-07-29 11:00:00+00:00,111.484375,111.5,111.4375,111.46875,47699.0
2024-07-29 12:00:00+00:00,111.46875,111.515625,111.40625,111.484375,173214.0
2024-07-29 13:00:00+00:00,111.328125,111.46875,111.3125,111.46875,154821.0
2024-07-29 14:00:00+00:00,111.28125,111.359375,111.25,111.34375,187778.0
2024-07-29 15:00:00+00:00,111.34375,111.375,111.265625,111.28125,93992.0
2024-07-29 16:00:00+00:00,111.359375,111.359375,111.28125,111.34375,75986.0
2024-07-29 17:00:00+00:00,111.3125,111.375,111.3125,111.375,55909.0
2024-07-29 18:00:00+00:00,111.328125,111.359375,111.296875,111.3125,148556.0
2024-07-29 19:00:00+00:00,111.375,111.421875,111.328125,111.34375,177662.0
2024-07-29 20:00:00+00:00,111.3125,111.390625,111.3125,111.375,54219.0
2024-07-29 22:00:00+00:00,111.328125,111.34375,111.3125,111.328125,0.0
2024-07-29 23:00:00+00:00,111.28125,111.328125,111.28125,111.3125,10865.0
2024-07-30 00:00:00+00:00,111.296875,111.328125,111.28125,111.296875,11546.0
2024-07-30 01:00:00+00:00,111.3125,111.328125,111.25,111.296875,18568.0
2024-07-30 02:00:00+00:00,111.34375,111.34375,111.296875,111.3125,5046.0
2024-07-30 03:00:00+00:00,111.296875,111.34375,111.28125,111.34375,6250.0
2024-07-30 04:00:00+00:00,111.265625,111.328125,111.265625,111.296875,9598.0
2024-07-30 05:00:00+00:00,111.28125,111.296875,111.25,111.265625,12419.0
2024-07-30 06:00:00+00:00,111.3125,111.328125,111.25,111.28125,32360.0
2024-07-30 07:00:00+00:00,111.328125,111.359375,111.28125,111.328125,43895.0
2024-07-30 08:00:00+00:00,111.28125,111.34375,111.25,111.3125,39725.0
2024-07-30 09:00:00+00:00,111.34375,111.359375,111.25,111.28125,41287.0
2024-07-30 10:00:00+00:00,111.375,111.390625,111.328125,111.34375,31630.0
2024-07-30 11:00:00+00:00,111.359375,111.40625,111.34375,111.390625,44459.0
2024-07-30 12:00:00+00:00,111.328125,111.390625,111.265625,111.34375,119128.0
2024-07-30 13:00:00+00:00,111.46875,111.484375,111.328125,111.34375,209589.0
2024-07-30 14:00:00+00:00,111.40625,111.46875,111.28125,111.46875,247370.0
2024-07-30 15:00:00+00:00,111.40625,111.4375,111.34375,111.40625,123912.0
2024-07-30 16:00:00+00:00,111.578125,111.59375,111.375,111.40625,173670.0
2024-07-30 17:00:00+00:00,111.5625,111.65625,111.515625,111.578125,195085.0
2024-07-30 18:00:00+00:00,111.578125,111.609375,111.53125,111.5625,131985.0
2024-07-30 19:00:00+00:00,111.53125,111.578125,111.53125,111.5625,120440.0
2024-07-30 20:00:00+00:00,111.578125,111.59375,111.53125,111.546875,82003.0
2024-07-30 22:00:00+00:00,111.546875,111.59375,111.53125,111.5625,0.0
2024-07-30 23:00:00+00:00,111.515625,111.5625,111.5,111.546875,13565.0
2024-07-31 00:00:00+00:00,111.515625,111.53125,111.46875,111.515625,12291.0
2024-07-31 01:00:00+00:00,111.5625,111.59375,111.484375,111.515625,39699.0
2024-07-31 02:00:00+00:00,111.53125,111.578125,111.5,111.5625,19422.0
2024-07-31 03:00:00+00:00,111.5625,111.578125,111.484375,111.53125,19989.0
2024-07-31 04:00:00+00:00,111.609375,111.625,111.5625,111.609375,26934.0
2024-07-31 05:00:00+00:00,111.546875,111.625,111.515625,111.59375,14409.0
2024-07-31 06:00:00+00:00,111.53125,111.59375,111.53125,111.5625,33380.0
2024-07-31 07:00:00+00:00,111.609375,111.625,111.515625,111.53125,48020.0
2024-07-31 08:00:00+00:00,111.578125,111.65625,111.546875,111.59375,67177.0
2024-07-31 09:00:00+00:00,111.546875,111.578125,111.5,111.5625,34393.0
2024-07-31 10:00:00+00:00,111.59375,111.609375,111.53125,111.546875,24345.0
2024-07-31 11:00:00+00:00,111.609375,111.671875,111.578125,111.609375,63066.0
2024-07-31 12:00:00+00:00,111.78125,111.828125,111.578125,111.59375,230452.0
2024-07-31 13:00:00+00:00,111.859375,111.875,111.765625,111.78125,190444.0
2024-07-31 14:00:00+00:00,111.75,111.875,111.6875,111.84375,230648.0
2024-07-31 15:00:00+00:00,111.78125,111.8125,111.734375,111.75,149326.0
2024-07-31 16:00:00+00:00,111.796875,111.828125,111.765625,111.78125,93081.0
2024-07-31 17:00:00+00:00,111.703125,111.8125,111.671875,111.8125,147322.0
2024-07-31 18:00:00+00:00,111.8125,111.859375,111.546875,111.71875,405296.0
2024-07-31 19:00:00+00:00,112.21875,112.25,111.78125,111.796875,838839.0
2024-07-31 20:00:00+00:00,112.3125,112.328125,112.15625,112.21875,0.0
2024-07-31 22:00:00+00:00,112.203125,112.328125,112.1875,112.28125,22343.0
2024-07-31 23:00:00+00:00,112.125,112.21875,112.125,112.21875,18726.0
2024-08-01 00:00:00+00:00,112.1875,112.1875,112.078125,112.125,46458.0
2024-08-01 01:00:00+00:00,112.25,112.3125,112.15625,112.171875,54999.0
2024-08-01 02:00:00+00:00,112.15625,112.265625,112.140625,112.234375,26919.0
2024-08-01 03:00:00+00:00,112.15625,112.171875,112.125,112.15625,22342.0
2024-08-01 04:00:00+00:00,112.125,112.1875,112.125,112.15625,15578.0
2024-08-01 05:00:00+00:00,112.125,112.15625,112.109375,112.125,20470.0
2024-08-01 06:00:00+00:00,112.140625,112.171875,112.09375,112.15625,55621.0
2024-08-01 07:00:00+00:00,112.109375,112.1875,112.09375,112.15625,64230.0
2024-08-01 08:00:00+00:00,112.140625,112.1875,112.09375,112.109375,74558.0
2024-08-01 09:00:00+00:00,112.140625,112.15625,112.109375,112.125,48925.0
2024-08-01 10:00:00+00:00,112.203125,112.203125,112.109375,112.125,49749.0
2024-08-01 11:00:00+00:00,112.125,112.265625,112.046875,112.203125,138409.0
2024-08-01 12:00:00+00:00,112.34375,112.4375,112.0625,112.125,384260.0
2024-08-01 13:00:00+00:00,112.484375,112.546875,112.3125,112.328125,287186.0
2024-08-01 14:00:00+00:00,112.796875,112.8125,112.5,112.5,481123.0
2024-08-01 15:00:00+00:00,112.671875,112.796875,112.578125,112.796875,298999.0
2024-08-01 16:00:00+00:00,112.6875,112.796875,112.640625,112.671875,203955.0
2024-08-01 17:00:00+00:00,112.671875,112.734375,112.625,112.671875,159760.0
2024-08-01 18:00:00+00:00,112.71875,112.78125,112.640625,112.671875,348619.0
2024-08-01 19:00:00+00:00,112.65625,112.734375,112.640625,112.734375,296404.0
2024-08-01 20:00:00+00:00,112.765625,112.8125,112.625,112.671875,0.0
2024-08-01 22:00:00+00:00,112.703125,112.765625,112.65625,112.75,18705.0
2024-08-01 23:00:00+00:00,112.78125,112.796875,112.703125,112.703125,17628.0
2024-08-02 00:00:00+00:00,112.90625,113.0,112.75,112.765625,72672.0
2024-08-02 01:00:00+00:00,112.859375,112.921875,112.84375,112.90625,39801.0
2024-08-02 02:00:00+00:00,112.875,112.96875,112.828125,112.84375,41581.0
2024-08-02 03:00:00+00:00,112.84375,112.9375,112.828125,112.875,41270.0
2024-08-02 04:00:00+00:00,112.796875,112.84375,112.765625,112.84375,36094.0
2024-08-02 05:00:00+00:00,112.875,112.90625,112.78125,112.796875,30090.0
2024-08-02 06:00:00+00:00,112.890625,112.953125,112.8125,112.890625,77361.0
2024-08-02 07:00:00+00:00,112.875,113.0,112.859375,112.90625,120623.0
2024-08-02 08:00:00+00:00,112.890625,112.953125,112.84375,112.875,79116.0
2024-08-02 09:00:00+00:00,113.0,113.015625,112.875,112.890625,67789.0
2024-08-02 10:00:00+00:00,112.984375,113.078125,112.953125,113.0,71639.0
2024-08-02 11:00:00+00:00,112.984375,113.09375,112.9375,113.0,131024.0
2024-08-02 12:00:00+00:00,113.75,114.25,112.96875,112.96875,904673.0
2024-08-02 13:00:00+00:00,113.703125,113.765625,113.53125,113.75,543940.0
2024-08-02 14:00:00+00:00,113.890625,114.015625,113.671875,113.71875,485162.0
2024-08-02 15:00:00+00:00,113.859375,113.984375,113.765625,113.890625,280778.0
2024-08-02 16:00:00+00:00,113.953125,113.953125,113.65625,113.796875,299397.0
2024-08-02 17:00:00+00:00,113.90625,113.984375,113.859375,113.9375,174753.0
2024-08-02 18:00:00+00:00,114.125,114.15625,113.890625,113.90625,294049.0
2024-08-02 19:00:00+00:00,114.09375,114.171875,114.03125,114.140625,209779.0
2024-08-02 20:00:00+00:00,114.140625,114.1875,114.03125,114.109375,114153.0
2024-08-04 22:00:00+00:00,113.96875,114.203125,113.890625,114.171875,32239.0
2024-08-04 23:00:00+00:00,114.171875,114.203125,113.9375,113.96875,32764.0
2024-08-05 00:00:00+00:00,114.46875,114.6875,114.09375,114.15625,193326.0
2024-08-05 01:00:00+00:00,114.375,114.609375,114.28125,114.453125,62093.0
2024-08-05 02:00:00+00:00,114.234375,114.390625,114.15625,114.390625,42324.0
2024-08-05 03:00:00+00:00,114.25,114.328125,114.1875,114.234375,30462.0
2024-08-05 04:00:00+00:00,114.484375,114.5,114.25,114.265625,41558.0
2024-08-05 05:00:00+00:00,114.703125,114.78125,114.421875,114.484375,61357.0
2024-08-05 06:00:00+00:00,114.65625,115.046875,114.578125,114.703125,189285.0
2024-08-05 07:00:00+00:00,114.390625,114.671875,114.28125,114.671875,201369.0
2024-08-05 08:00:00+00:00,114.46875,114.515625,114.3125,114.375,102491.0
2024-08-05 09:00:00+00:00,114.453125,114.578125,114.359375,114.46875,92774.0
2024-08-05 10:00:00+00:00,114.578125,114.65625,114.40625,114.4375,118958.0
2024-08-05 11:00:00+00:00,114.765625,114.78125,114.5,114.5625,143402.0
2024-08-05 12:00:00+00:00,114.90625,115.109375,114.71875,114.765625,332824.0
2024-08-05 13:00:00+00:00,114.6875,114.984375,114.546875,114.90625,391463.0
2024-08-05 14:00:00+00:00,114.359375,114.6875,114.0625,114.6875,529521.0
2024-08-05 15:00:00+00:00,114.0625,114.4375,113.96875,114.34375,322048.0
2024-08-05 16:00:00+00:00,114.03125,114.09375,113.765625,114.078125,222813.0
2024-08-05 17:00:00+00:00,114.046875,114.109375,113.890625,114.015625,155288.0
2024-08-05 18:00:00+00:00,114.109375,114.171875,113.984375,114.046875,206277.0
2024-08-05 19:00:00+00:00,114.140625,114.28125,114.078125,114.09375,198912.0
2024-08-05 20:00:00+00:00,114.03125,114.1875,114.015625,114.15625,0.0
2024-08-05 22:00:00+00:00,113.984375,114.09375,113.96875,114.015625,15234.0
2024-08-05 23:00:00+00:00,113.6875,114.015625,113.6875,114.0,44527.0
2024-08-06 00:00:00+00:00,113.6875,113.765625,113.578125,113.703125,95022.0
2024-08-06 01:00:00+00:00,113.671875,113.75,113.59375,113.6875,52745.0
2024-08-06 02:00:00+00:00,113.6875,113.734375,113.640625,113.671875,25068.0
2024-08-06 03:00:00+00:00,113.671875,113.71875,113.609375,113.671875,21517.0
2024-08-06 04:00:00+00:00,113.59375,113.6875,113.546875,113.671875,27048.0
2024-08-06 05:00:00+00:00,113.578125,113.734375,113.5625,113.59375,30300.0
2024-08-06 06:00:00+00:00,113.515625,113.65625,113.4375,113.578125,102673.0
2024-08-06 07:00:00+00:00,113.46875,113.5625,113.375,113.515625,104937.0
2024-08-06 08:00:00+00:00,113.53125,113.59375,113.4375,113.46875,90162.0
2024-08-06 09:00:00+00:00,113.609375,113.671875,113.515625,113.546875,75890.0
2024-08-06 10:00:00+00:00,113.515625,113.671875,113.515625,113.609375,57275.0
2024-08-06 11:00:00+00:00,113.546875,113.609375,113.4375,113.53125,94721.0
2024-08-06 12:00:00+00:00,113.71875,113.8125,113.546875,113.5625,252457.0
2024-08-06 13:00:00+00:00,113.734375,113.90625,113.671875,113.734375,289661.0
2024-08-06 14:00:00+00:00,113.546875,113.765625,113.46875,113.734375,244661.0
2024-08-06 15:00:00+00:00,113.4375,113.59375,113.359375,113.546875,223693.0
2024-08-06 16:00:00+00:00,113.359375,113.484375,113.34375,113.4375,127086.0
2024-08-06 17:00:00+00:00,113.234375,113.390625,113.234375,113.359375,137151.0
2024-08-06 18:00:00+00:00,113.390625,113.4375,113.234375,113.25,187046.0
2024-08-06 19:00:00+00:00,113.3125,113.421875,113.3125,113.390625,182311.0
2024-08-06 20:00:00+00:00,113.375,113.453125,113.28125,113.328125,0.0
2024-08-06 22:00:00+00:00,113.40625,113.53125,113.359375,113.515625,13419.0
2024-08-06 23:00:00+00:00,113.4375,113.46875,113.390625,113.40625,12158.0
2024-08-07 00:00:00+00:00,113.359375,113.515625,113.28125,113.4375,37847.0
2024-08-07 01:00:00+00:00,113.21875,113.421875,113.203125,113.359375,35345.0
2024-08-07 02:00:00+00:00,113.265625,113.328125,113.203125,113.234375,27134.0
2024-08-07 03:00:00+00:00,113.25,113.28125,113.21875,113.265625,12263.0
2024-08-07 04:00:00+00:00,113.203125,113.25,113.15625,113.25,14317.0
2024-08-07 05:00:00+00:00,113.265625,113.28125,113.171875,113.21875,18124.0
2024-08-07 06:00:00+00:00,113.34375,113.375,113.234375,113.265625,54068.0
2024-08-07 07:00:00+00:00,113.140625,113.359375,113.125,113.34375,84956.0
2024-08-07 08:00:00+00:00,113.109375,113.171875,113.078125,113.140625,59603.0
2024-08-07 09:00:00+00:00,113.0625,113.140625,113.046875,113.125,64749.0
2024-08-07 10:00:00+00:00,113.09375,113.140625,113.06199645996094,113.078125,49907.0
2024-08-07 11:00:00+00:00,113.140625,113.15625,113.03125,113.09375,106287.0
2024-08-07 12:00:00+00:00,113.125,113.1875,113.0625,113.125,185796.0
2024-08-07 13:00:00+00:00,113.03125,113.1875,113.0,113.140625,193633.0
2024-08-07 14:00:00+00:00,113.0,113.125,113.0,113.03125,192562.0
2024-08-07 15:00:00+00:00,112.984375,113.03125,112.875,113.0,213467.0
2024-08-07 16:00:00+00:00,113.078125,113.09375,112.96875,112.984375,162070.0
2024-08-07 17:00:00+00:00,112.984375,113.09375,112.8125,113.078125,252218.0
2024-08-07 18:00:00+00:00,112.90625,113.125,112.828125,112.984375,315164.0
2024-08-07 19:00:00+00:00,113.0,113.03125,112.8125,112.890625,221419.0
2024-08-07 20:00:00+00:00,113.078125,113.109375,112.984375,113.0,0.0
2024-08-07 22:00:00+00:00,113.1875,113.203125,113.0625,113.078125,16191.0
2024-08-07 23:00:00+00:00,113.234375,113.421875,113.171875,113.1875,46417.0
2024-08-08 00:00:00+00:00,113.3125,113.4375,113.21875,113.25,53205.0
2024-08-08 01:00:00+00:00,113.203125,113.3125,113.171875,113.3125,35455.0
2024-08-08 02:00:00+00:00,113.265625,113.265625,113.15625,113.1875,24515.0
2024-08-08 03:00:00+00:00,113.265625,113.265625,113.203125,113.265625,15286.0
2024-08-08 04:00:00+00:00,113.296875,113.34375,113.265625,113.265625,16156.0
2024-08-08 05:00:00+00:00,113.359375,113.359375,113.25,113.296875,18383.0
2024-08-08 06:00:00+00:00,113.25,113.390625,113.203125,113.359375,44132.0
2024-08-08 07:00:00+00:00,113.359375,113.421875,113.234375,113.25,72752.0
2024-08-08 08:00:00+00:00,113.28125,113.359375,113.234375,113.359375,50329.0
2024-08-08 09:00:00+00:00,113.3125,113.34375,113.234375,113.28125,43490.0
2024-08-08 10:00:00+00:00,113.234375,113.3125,113.1875,113.296875,38939.0
2024-08-08 11:00:00+00:00,113.140625,113.28125,113.09375,113.234375,92694.0
2024-08-08 12:00:00+00:00,112.6875,113.21875,112.625,113.140625,445721.0
2024-08-08 13:00:00+00:00,112.671875,112.71875,112.53125,112.671875,287095.0
2024-08-08 14:00:00+00:00,112.671875,112.71875,112.5625,112.6875,179257.0
2024-08-08 15:00:00+00:00,112.71875,112.78125,112.671875,112.671875,134965.0
2024-08-08 16:00:00+00:00,112.671875,112.765625,112.640625,112.71875,118565.0
2024-08-08 17:00:00+00:00,112.546875,112.703125,112.53125,112.6875,165046.0
2024-08-08 18:00:00+00:00,112.671875,112.703125,112.515625,112.546875,147488.0
2024-08-08 19:00:00+00:00,112.6875,112.71875,112.609375,112.65625,120817.0
2024-08-08 20:00:00+00:00,112.71875,112.765625,112.6875,112.6875,88825.0
2024-08-08 22:00:00+00:00,112.734375,112.75,112.671875,112.703125,0.0
2024-08-08 23:00:00+00:00,112.734375,112.75,112.6875,112.734375,9555.0
2024-08-09 00:00:00+00:00,112.8125,112.84375,112.734375,112.734375,22394.0
2024-08-09 01:00:00+00:00,112.828125,112.84375,112.765625,112.828125,19620.0
2024-08-09 02:00:00+00:00,112.828125,112.859375,112.796875,112.828125,17843.0
2024-08-09 03:00:00+00:00,112.84375,112.875,112.78125,112.828125,8860.0
2024-08-09 04:00:00+00:00,112.90625,112.921875,112.84375,112.84375,13685.0
2024-08-09 05:00:00+00:00,112.859375,112.9375,112.859375,112.90625,20331.0
2024-08-09 06:00:00+00:00,112.828125,112.921875,112.8125,112.875,26965.0
2024-08-09 07:00:00+00:00,112.84375,112.90625,112.8125,112.84375,38267.0
2024-08-09 08:00:00+00:00,112.90625,112.921875,112.828125,112.84375,38819.0
2024-08-09 09:00:00+00:00,112.890625,112.9375,112.84375,112.90625,27002.0
2024-08-09 10:00:00+00:00,112.921875,112.96875,112.875,112.875,38418.0
2024-08-09 11:00:00+00:00,112.984375,113.015625,112.921875,112.9375,62323.0
2024-08-09 12:00:00+00:00,113.0625,113.109375,112.953125,112.984375,165709.0
2024-08-09 13:00:00+00:00,113.078125,113.15625,113.015625,113.03125,175516.0
2024-08-09 14:00:00+00:00,112.96875,113.109375,112.953125,113.078125,155907.0
2024-08-09 15:00:00+00:00,113.046875,113.109375,112.953125,112.96875,108144.0
2024-08-09 16:00:00+00:00,113.0,113.046875,112.984375,113.03125,74810.0
2024-08-09 17:00:00+00:00,112.96875,113.015625,112.921875,113.015625,67639.0
2024-08-09 18:00:00+00:00,112.96875,112.984375,112.90625,112.96875,105023.0
2024-08-09 19:00:00+00:00,112.984375,112.984375,112.90625,112.953125,89408.0
2024-08-09 20:00:00+00:00,112.953125,113.0,112.9375,112.96875,52737.0
2024-08-11 22:00:00+00:00,112.84375,112.9375,112.828125,112.9375,16866.0
2024-08-11 23:00:00+00:00,112.859375,112.890625,112.828125,112.84375,5286.0
2024-08-12 00:00:00+00:00,112.921875,112.9375,112.859375,112.875,9714.0
2024-08-12 01:00:00+00:00,112.9375,112.96875,112.90625,112.9375,9379.0
2024-08-12 02:00:00+00:00,112.96875,112.984375,112.921875,112.921875,8091.0
2024-08-12 03:00:00+00:00,112.96875,112.984375,112.9375,112.96875,3924.0
2024-08-12 04:00:00+00:00,112.953125,112.984375,112.9375,112.953125,4983.0
2024-08-12 05:00:00+00:00,112.921875,112.96875,112.921875,112.953125,4103.0
2024-08-12 06:00:00+00:00,112.828125,112.953125,112.8125,112.9375,29081.0
2024-08-12 07:00:00+00:00,112.90625,112.921875,112.78125,112.84375,52916.0
2024-08-12 08:00:00+00:00,112.890625,112.9375,112.859375,112.90625,46289.0
2024-08-12 09:00:00+00:00,112.90625,112.984375,112.859375,112.90625,26106.0
2024-08-12 10:00:00+00:00,112.875,112.921875,112.859375,112.90625,18039.0
2024-08-12 11:00:00+00:00,112.890625,112.90625,112.8125,112.859375,44167.0
2024-08-12 12:00:00+00:00,112.859375,113.03125,112.8125,112.890625,128468.0
2024-08-12 13:00:00+00:00,113.0625,113.078125,112.796875,112.84375,202491.0
2024-08-12 14:00:00+00:00,112.9375,113.09375,112.921875,113.0625,159019.0
2024-08-12 15:00:00+00:00,113.09375,113.15625,112.921875,112.9375,142692.0
2024-08-12 16:00:00+00:00,113.171875,113.203125,113.078125,113.09375,104463.0
2024-08-12 17:00:00+00:00,113.265625,113.296875,113.15625,113.171875,154612.0
2024-08-12 18:00:00+00:00,113.234375,113.296875,113.21875,113.25,138135.0
2024-08-12 19:00:00+00:00,113.265625,113.296875,113.203125,113.21875,146316.0
2024-08-12 20:00:00+00:00,113.265625,113.28125,113.21875,113.265625,0.0
2024-08-12 22:00:00+00:00,113.296875,113.359375,113.234375,113.296875,7904.0
2024-08-12 23:00:00+00:00,113.296875,113.296875,113.234375,113.28125,8173.0
2024-08-13 00:00:00+00:00,113.1875,113.296875,113.171875,113.296875,14942.0
2024-08-13 01:00:00+00:00,113.25,113.25,113.15625,113.203125,10213.0
2024-08-13 02:00:00+00:00,113.265625,113.28125,113.21875,113.234375,6590.0
2024-08-13 03:00:00+00:00,113.25,113.296875,113.234375,113.28125,11849.0
2024-08-13 04:00:00+00:00,113.21875,113.28125,113.203125,113.265625,7615.0
2024-08-13 05:00:00+00:00,113.234375,113.234375,113.171875,113.21875,12204.0
2024-08-13 06:00:00+00:00,113.203125,113.25,113.15625,113.234375,21947.0
2024-08-13 07:00:00+00:00,113.234375,113.265625,113.15625,113.203125,34420.0
2024-08-13 08:00:00+00:00,113.140625,113.234375,113.125,113.234375,27485.0
2024-08-13 09:00:00+00:00,113.125,113.203125,113.125,113.15625,29963.0
2024-08-13 10:00:00+00:00,113.25,113.25,113.109375,113.109375,27485.0
2024-08-13 11:00:00+00:00,113.390625,113.390625,113.234375,113.25,63533.0
2024-08-13 12:00:00+00:00,113.453125,113.625,113.296875,113.375,274061.0
2024-08-13 13:00:00+00:00,113.5625,113.65625,113.4375,113.453125,218714.0
2024-08-13 14:00:00+00:00,113.578125,113.59375,113.484375,113.53125,142133.0
2024-08-13 15:00:00+00:00,113.515625,113.609375,113.484375,113.578125,115731.0
2024-08-13 16:00:00+00:00,113.609375,113.640625,113.515625,113.53125,113344.0
2024-08-13 17:00:00+00:00,113.5625,113.625,113.546875,113.609375,106216.0
2024-08-13 18:00:00+00:00,113.625,113.640625,113.546875,113.546875,155009.0
2024-08-13 19:00:00+00:00,113.65625,113.65625,113.609375,113.625,128614.0
2024-08-13 20:00:00+00:00,113.6875,113.6875,113.625,113.65625,0.0
2024-08-13 22:00:00+00:00,113.671875,113.6875,113.640625,113.6875,5709.0
2024-08-13 23:00:00+00:00,113.671875,113.671875,113.625,113.65625,7714.0
2024-08-14 00:00:00+00:00,113.625,113.671875,113.59375,113.65625,15541.0
2024-08-14 01:00:00+00:00,113.578125,113.65625,113.578125,113.625,9450.0
2024-08-14 02:00:00+00:00,113.609375,113.640625,113.59375,113.59375,24005.0
2024-08-14 03:00:00+00:00,113.609375,113.671875,113.609375,113.625,12405.0
2024-08-14 04:00:00+00:00,113.671875,113.671875,113.609375,113.609375,11474.0
2024-08-14 05:00:00+00:00,113.640625,113.671875,113.609375,113.65625,8721.0
2024-08-14 06:00:00+00:00,113.65625,113.6875,113.625,113.65625,42820.0
2024-08-14 07:00:00+00:00,113.625,113.671875,113.59375,113.65625,33640.0
2024-08-14 08:00:00+00:00,113.609375,113.640625,113.578125,113.625,31251.0
2024-08-14 09:00:00+00:00,113.65625,113.671875,113.609375,113.625,42622.0
2024-08-14 10:00:00+00:00,113.78125,113.796875,113.640625,113.671875,47252.0
2024-08-14 11:00:00+00:00,113.765625,113.8125,113.75,113.78125,65891.0
2024-08-14 12:00:00+00:00,113.578125,114.0625,113.421875,113.78125,418710.0
2024-08-14 13:00:00+00:00,113.796875,113.796875,113.5,113.578125,247982.0
2024-08-14 14:00:00+00:00,113.78125,113.859375,113.765625,113.78125,215243.0
2024-08-14 15:00:00+00:00,113.796875,113.859375,113.765625,113.796875,123694.0
2024-08-14 16:00:00+00:00,113.78125,113.859375,113.734375,113.796875,110737.0
2024-08-14 17:00:00+00:00,113.734375,113.78125,113.703125,113.765625,87572.0
2024-08-14 18:00:00+00:00,113.765625,113.78125,113.6875,113.734375,149230.0
2024-08-14 19:00:00+00:00,113.6875,113.78125,113.671875,113.78125,125459.0
2024-08-14 20:00:00+00:00,113.65625,113.703125,113.625,113.703125,0.0
2024-08-14 22:00:00+00:00,113.65625,113.703125,113.640625,113.6875,3213.0
2024-08-14 23:00:00+00:00,113.640625,113.671875,113.640625,113.65625,5700.0
2024-08-15 00:00:00+00:00,113.6875,113.765625,113.609375,113.65625,17177.0
2024-08-15 01:00:00+00:00,113.59375,113.703125,113.59375,113.6875,16466.0
2024-08-15 02:00:00+00:00,113.609375,113.640625,113.5625,113.59375,11417.0
2024-08-15 03:00:00+00:00,113.609375,113.640625,113.578125,113.609375,7801.0
2024-08-15 04:00:00+00:00,113.625,113.671875,113.609375,113.609375,8531.0
2024-08-15 05:00:00+00:00,113.6875,113.703125,113.625,113.640625,9791.0
2024-08-15 06:00:00+00:00,113.703125,113.71875,113.65625,113.6875,18783.0
2024-08-15 07:00:00+00:00,113.671875,113.71875,113.65625,113.703125,32152.0
2024-08-15 08:00:00+00:00,113.625,113.671875,113.578125,113.65625,34745.0
2024-08-15 09:00:00+00:00,113.609375,113.625,113.578125,113.609375,14374.0
2024-08-15 10:00:00+00:00,113.671875,113.6875,113.60900115966797,113.625,25694.0
2024-08-15 11:00:00+00:00,113.625,113.703125,113.59375,113.6875,53067.0
2024-08-15 12:00:00+00:00,112.9375,113.65625,112.859375,113.625,545582.0
2024-08-15 13:00:00+00:00,112.828125,112.96875,112.796875,112.953125,383216.0
2024-08-15 14:00:00+00:00,112.953125,113.0625,112.828125,112.828125,321106.0
2024-08-15 15:00:00+00:00,112.9375,112.96875,112.84375,112.953125,150287.0
2024-08-15 16:00:00+00:00,112.875,112.984375,112.859375,112.921875,109986.0
2024-08-15 17:00:00+00:00,112.890625,112.921875,112.84375,112.890625,85703.0
2024-08-15 18:00:00+00:00,112.9375,112.96875,112.859375,112.90625,153563.0
2024-08-15 19:00:00+00:00,113.015625,113.015625,112.9375,112.953125,119692.0
2024-08-15 20:00:00+00:00,113.015625,113.03125,112.953125,113.0,0.0
2024-08-15 22:00:00+00:00,112.9375,113.03125,112.921875,113.03125,17943.0
2024-08-15 23:00:00+00:00,112.9375,112.96875,112.90625,112.9375,9674.0
2024-08-16 00:00:00+00:00,113.03125,113.03125,112.921875,112.9375,27620.0
2024-08-16 01:00:00+00:00,113.0625,113.078125,112.96875,113.03125,29039.0
2024-08-16 02:00:00+00:00,113.09375,113.109375,113.03125,113.0625,17631.0
2024-08-16 03:00:00+00:00,113.09375,113.140625,113.078125,113.09375,12534.0
2024-08-16 04:00:00+00:00,113.078125,113.109375,113.0625,113.09375,6511.0
2024-08-16 05:00:00+00:00,113.078125,113.078125,113.046875,113.078125,9834.0
2024-08-16 06:00:00+00:00,113.046875,113.09375,113.0,113.078125,38998.0
2024-08-16 07:00:00+00:00,113.015625,113.078125,113.0,113.03125,39424.0
2024-08-16 08:00:00+00:00,113.0625,113.09375,113.0,113.015625,29834.0
2024-08-16 09:00:00+00:00,113.125,113.15625,113.0625,113.078125,30961.0
2024-08-16 10:00:00+00:00,113.296875,113.328125,113.125,113.125,101701.0
2024-08-16 11:00:00+00:00,113.34375,113.375,113.28125,113.28125,88343.0
2024-08-16 12:00:00+00:00,113.265625,113.34375,113.21875,113.34375,183763.0
2024-08-16 13:00:00+00:00,113.140625,113.265625,113.109375,113.265625,157567.0
2024-08-16 14:00:00+00:00,113.015625,113.15625,112.96875,113.15625,244800.0
2024-08-16 15:00:00+00:00,113.046875,113.0625,112.890625,113.015625,166039.0
2024-08-16 16:00:00+00:00,113.078125,113.09375,112.984375,113.03125,87128.0
2024-08-16 17:00:00+00:00,113.109375,113.171875,113.0625,113.09375,82518.0
2024-08-16 18:00:00+00:00,113.109375,113.15625,113.0625,113.109375,93629.0
2024-08-16 19:00:00+00:00,113.140625,113.15625,113.09375,113.125,69895.0
2024-08-16 20:00:00+00:00,113.15625,113.1875,113.125,113.125,53751.0
2024-08-18 22:00:00+00:00,113.03125,113.125,113.015625,113.109375,14644.0
2024-08-18 23:00:00+00:00,112.96875,113.03125,112.96875,113.03125,10894.0
2024-08-19 00:00:00+00:00,113.09375,113.09375,112.96875,112.984375,17714.0
2024-08-19 01:00:00+00:00,113.078125,113.109375,113.046875,113.09375,12139.0
2024-08-19 02:00:00+00:00,113.078125,113.109375,113.0625,113.078125,9113.0
2024-08-19 03:00:00+00:00,113.125,113.125,113.078125,113.078125,9368.0
2024-08-19 04:00:00+00:00,113.140625,113.171875,113.109375,113.109375,14107.0
2024-08-19 05:00:00+00:00,113.234375,113.234375,113.125,113.140625,16014.0
2024-08-19 06:00:00+00:00,113.234375,113.28125,113.203125,113.234375,30538.0
2024-08-19 07:00:00+00:00,113.265625,113.28125,113.203125,113.21875,42608.0
2024-08-19 08:00:00+00:00,113.28125,113.296875,113.25,113.265625,29835.0
2024-08-19 09:00:00+00:00,113.21875,113.28125,113.203125,113.28125,19336.0
2024-08-19 10:00:00+00:00,113.1875,113.234375,113.171875,113.203125,29744.0
2024-08-19 11:00:00+00:00,113.21875,113.234375,113.171875,113.1875,38979.0
2024-08-19 12:00:00+00:00,113.15625,113.34375,113.15625,113.21875,147802.0
2024-08-19 13:00:00+00:00,113.140625,113.15625,113.03125,113.15625,173032.0
2024-08-19 14:00:00+00:00,113.1875,113.203125,113.078125,113.15625,150749.0
2024-08-19 15:00:00+00:00,113.328125,113.34375,113.15625,113.203125,133261.0
2024-08-19 16:00:00+00:00,113.3125,113.359375,113.296875,113.328125,102144.0
2024-08-19 17:00:00+00:00,113.28125,113.328125,113.234375,113.296875,59793.0
2024-08-19 18:00:00+00:00,113.21875,113.3125,113.203125,113.265625,87802.0
2024-08-19 19:00:00+00:00,113.203125,113.265625,113.1875,113.203125,75424.0
2024-08-19 20:00:00+00:00,113.21875,113.21875,113.171875,113.21875,65390.0
2024-08-19 22:00:00+00:00,113.1875,113.234375,113.171875,113.21875,0.0
2024-08-19 23:00:00+00:00,113.21875,113.21875,113.171875,113.1875,6662.0
2024-08-20 00:00:00+00:00,113.203125,113.234375,113.15625,113.21875,14011.0
2024-08-20 01:00:00+00:00,113.203125,113.296875,113.203125,113.203125,18532.0
2024-08-20 02:00:00+00:00,113.171875,113.234375,113.15625,113.21875,14301.0
2024-08-20 03:00:00+00:00,113.109375,113.171875,113.109375,113.171875,18269.0
2024-08-20 04:00:00+00:00,113.140625,113.171875,113.109375,113.125,10585.0
2024-08-20 05:00:00+00:00,113.125,113.171875,113.125,113.15625,8843.0
2024-08-20 06:00:00+00:00,113.171875,113.203125,113.125,113.125,29435.0
2024-08-20 07:00:00+00:00,113.21875,113.265625,113.15625,113.171875,38896.0
2024-08-20 08:00:00+00:00,113.234375,113.296875,113.21875,113.234375,39021.0
2024-08-20 09:00:00+00:00,113.234375,113.265625,113.1875,113.234375,24351.0
2024-08-20 10:00:00+00:00,113.1875,113.234375,113.15625,113.21875,38510.0
2024-08-20 11:00:00+00:00,113.25,113.28125,113.15625,113.1875,51004.0
2024-08-20 12:00:00+00:00,113.4375,113.46875,113.25,113.25,197996.0
2024-08-20 13:00:00+00:00,113.453125,113.484375,113.375,113.4375,165779.0
2024-08-20 14:00:00+00:00,113.5625,113.5625,113.375,113.453125,162450.0
2024-08-20 15:00:00+00:00,113.5625,113.578125,113.484375,113.546875,130207.0
2024-08-20 16:00:00+00:00,113.5625,113.59375,113.515625,113.5625,94502.0
2024-08-20 17:00:00+00:00,113.515625,113.578125,113.515625,113.5625,45103.0
2024-08-20 18:00:00+00:00,113.546875,113.5625,113.5,113.515625,95143.0
2024-08-20 19:00:00+00:00,113.578125,113.609375,113.515625,113.546875,185059.0
2024-08-20 20:00:00+00:00,113.625,113.640625,113.546875,113.578125,0.0
2024-08-20 22:00:00+00:00,113.703125,113.703125,113.625,113.640625,19120.0
2024-08-20 23:00:00+00:00,113.71875,113.75,113.671875,113.703125,26914.0
2024-08-21 00:00:00+00:00,113.625,113.71875,113.609375,113.703125,33169.0
2024-08-21 01:00:00+00:00,113.640625,113.65625,113.578125,113.625,20142.0
2024-08-21 02:00:00+00:00,113.609375,113.671875,113.609375,113.65625,12728.0
2024-08-21 03:00:00+00:00,113.609375,113.625,113.578125,113.609375,14598.0
2024-08-21 04:00:00+00:00,113.609375,113.625,113.59375,113.625,5599.0
2024-08-21 05:00:00+00:00,113.65625,113.671875,113.609375,113.609375,12449.0
2024-08-21 06:00:00+00:00,113.609375,113.671875,113.578125,113.65625,30648.0
2024-08-21 07:00:00+00:00,113.546875,113.65625,113.53125,113.609375,62671.0
2024-08-21 08:00:00+00:00,113.59375,113.609375,113.53125,113.546875,37610.0
2024-08-21 09:00:00+00:00,113.5625,113.609375,113.5625,113.59375,35427.0
2024-08-21 10:00:00+00:00,113.5625,113.59375,113.546875,113.5625,24896.0
2024-08-21 11:00:00+00:00,113.609375,113.609375,113.53125,113.546875,41093.0
2024-08-21 12:00:00+00:00,113.6875,113.703125,113.578125,113.59375,248612.0
2024-08-21 13:00:00+00:00,113.71875,113.765625,113.671875,113.6875,165560.0
2024-08-21 14:00:00+00:00,113.734375,113.859375,113.453125,113.703125,689238.0
2024-08-21 15:00:00+00:00,113.859375,113.90625,113.734375,113.75,284319.0
2024-08-21 16:00:00+00:00,113.859375,113.921875,113.828125,113.84375,135358.0
2024-08-21 17:00:00+00:00,113.90625,113.96875,113.8125,113.84375,102397.0
2024-08-21 18:00:00+00:00,113.890625,114.03125,113.84375,113.921875,253563.0
2024-08-21 19:00:00+00:00,113.796875,113.90625,113.796875,113.90625,197923.0
2024-08-21 20:00:00+00:00,113.75,113.8125,113.703125,113.8125,104018.0
2024-08-21 22:00:00+00:00,113.765625,113.78125,113.71875,113.734375,0.0
2024-08-21 23:00:00+00:00,113.734375,113.796875,113.71875,113.75,10952.0
2024-08-22 00:00:00+00:00,113.65625,113.765625,113.65625,113.734375,16710.0
2024-08-22 01:00:00+00:00,113.703125,113.734375,113.671875,113.671875,13835.0
2024-08-22 02:00:00+00:00,113.734375,113.734375,113.6875,113.703125,12259.0
2024-08-22 03:00:00+00:00,113.75,113.78125,113.703125,113.71875,19127.0
2024-08-22 04:00:00+00:00,113.765625,113.765625,113.71875,113.75,8626.0
2024-08-22 05:00:00+00:00,113.734375,113.78125,113.734375,113.75,13032.0
2024-08-22 06:00:00+00:00,113.765625,113.796875,113.734375,113.734375,19888.0
2024-08-22 07:00:00+00:00,113.796875,113.84375,113.703125,113.765625,129763.0
2024-08-22 08:00:00+00:00,113.59375,113.796875,113.578125,113.78125,63093.0
2024-08-22 09:00:00+00:00,113.625,113.640625,113.5625,113.609375,46154.0
2024-08-22 10:00:00+00:00,113.609375,113.640625,113.53125,113.625,43475.0
2024-08-22 11:00:00+00:00,113.484375,113.609375,113.453125,113.59375,145916.0
2024-08-22 12:00:00+00:00,113.515625,113.609375,113.375,113.484375,270521.0
2024-08-22 13:00:00+00:00,113.46875,113.578125,113.265625,113.515625,374866.0
2024-08-22 14:00:00+00:00,113.328125,113.46875,113.265625,113.453125,372784.0
2024-08-22 15:00:00+00:00,113.34375,113.390625,113.234375,113.328125,586679.0
2024-08-22 16:00:00+00:00,113.21875,113.359375,113.171875,113.34375,521379.0
2024-08-22 17:00:00+00:00,113.28125,113.296875,113.1875,113.234375,153738.0
2024-08-22 18:00:00+00:00,113.28125,113.328125,113.25,113.296875,251329.0
2024-08-22 19:00:00+00:00,113.296875,113.34375,113.28125,113.28125,174682.0
2024-08-22 20:00:00+00:00,113.34375,113.34375,113.234375,113.3125,0.0
2024-08-22 22:00:00+00:00,113.375,113.390625,113.328125,113.34375,5819.0
2024-08-22 23:00:00+00:00,113.375,113.421875,113.359375,113.375,12244.0
2024-08-23 00:00:00+00:00,113.40625,113.46875,113.375,113.390625,29899.0
2024-08-23 01:00:00+00:00,113.46875,113.484375,113.359375,113.40625,24778.0
2024-08-23 02:00:00+00:00,113.421875,113.484375,113.40625,113.46875,10705.0
2024-08-23 03:00:00+00:00,113.421875,113.4375,113.40625,113.421875,6190.0
2024-08-23 04:00:00+00:00,113.359375,113.421875,113.34375,113.421875,11422.0
2024-08-23 05:00:00+00:00,113.390625,113.40625,113.34375,113.375,6567.0
2024-08-23 06:00:00+00:00,113.40625,113.4375,113.359375,113.390625,33821.0
2024-08-23 07:00:00+00:00,113.328125,113.4375,113.296875,113.40625,60076.0
2024-08-23 08:00:00+00:00,113.3125,113.34375,113.28125,113.328125,60767.0
2024-08-23 09:00:00+00:00,113.296875,113.359375,113.28125,113.328125,54114.0
2024-08-23 10:00:00+00:00,113.390625,113.40625,113.296875,113.3125,74592.0
2024-08-23 11:00:00+00:00,113.359375,113.421875,113.34375,113.390625,119150.0
2024-08-23 12:00:00+00:00,113.46875,113.484375,113.296875,113.34375,258676.0
2024-08-23 13:00:00+00:00,113.4375,113.5,113.328125,113.46875,197782.0
2024-08-23 14:00:00+00:00,113.6875,113.8125,113.375,113.421875,1067984.0
2024-08-23 15:00:00+00:00,113.65625,113.75,113.609375,113.6875,227512.0
2024-08-23 16:00:00+00:00,113.578125,113.6875,113.546875,113.640625,156788.0
2024-08-23 17:00:00+00:00,113.6875,113.703125,113.5625,113.5625,182754.0
2024-08-23 18:00:00+00:00,113.703125,113.78125,113.6875,113.6875,168076.0
2024-08-23 19:00:00+00:00,113.734375,113.75,113.6875,113.703125,142259.0
2024-08-23 20:00:00+00:00,113.734375,113.796875,113.71875,113.71875,171588.0
2024-08-25 22:00:00+00:00,113.796875,113.84375,113.703125,113.75,23441.0
2024-08-25 23:00:00+00:00,113.828125,113.859375,113.796875,113.8125,9854.0
2024-08-26 00:00:00+00:00,113.84375,113.9375,113.796875,113.84375,56911.0
2024-08-26 01:00:00+00:00,113.859375,113.890625,113.828125,113.859375,21196.0
2024-08-26 02:00:00+00:00,113.796875,113.875,113.796875,113.859375,24885.0
2024-08-26 03:00:00+00:00,113.828125,113.84375,113.796875,113.796875,16264.0
2024-08-26 04:00:00+00:00,113.875,113.890625,113.828125,113.84375,11509.0
2024-08-26 05:00:00+00:00,113.875,113.890625,113.828125,113.875,8004.0
2024-08-26 06:00:00+00:00,113.84375,113.90625,113.828125,113.890625,44459.0
2024-08-26 07:00:00+00:00,113.78125,113.859375,113.75,113.84375,66136.0
2024-08-26 08:00:00+00:00,113.796875,113.796875,113.75,113.78125,73118.0
2024-08-26 09:00:00+00:00,113.84375,113.84375,113.75,113.796875,84257.0
2024-08-26 10:00:00+00:00,113.8125,113.859375,113.78125,113.84375,24007.0
2024-08-26 11:00:00+00:00,113.71875,113.8125,113.65625,113.8125,132917.0
2024-08-26 12:00:00+00:00,113.859375,113.875,113.640625,113.703125,226571.0
2024-08-26 13:00:00+00:00,113.609375,113.9375,113.59375,113.859375,1401726.0
2024-08-26 14:00:00+00:00,113.828125,113.890625,113.59375,113.609375,342794.0
2024-08-26 15:00:00+00:00,113.65625,113.828125,113.640625,113.828125,259864.0
2024-08-26 16:00:00+00:00,113.640625,113.71875,113.640625,113.671875,178470.0
2024-08-26 17:00:00+00:00,113.671875,113.71875,113.640625,113.65625,159283.0
2024-08-26 18:00:00+00:00,113.609375,113.6875,113.59375,113.671875,204853.0
2024-08-26 19:00:00+00:00,113.5625,113.609375,113.5625,113.609375,392783.0
2024-08-26 20:00:00+00:00,113.578125,113.59375,113.5625,113.578125,0.0
2024-08-26 22:00:00+00:00,113.59375,113.609375,113.578125,113.59375,2933.0
2024-08-26 23:00:00+00:00,113.609375,113.625,113.59375,113.59375,8628.0
2024-08-27 00:00:00+00:00,113.59375,113.640625,113.578125,113.609375,14478.0
2024-08-27 01:00:00+00:00,113.625,113.640625,113.578125,113.59375,18184.0
2024-08-27 02:00:00+00:00,113.578125,113.625,113.5625,113.625,13910.0
2024-08-27 03:00:00+00:00,113.515625,113.59375,113.5,113.5625,29322.0
2024-08-27 04:00:00+00:00,113.515625,113.5625,113.515625,113.515625,17348.0
2024-08-27 05:00:00+00:00,113.5,113.53125,113.484375,113.515625,20009.0
2024-08-27 06:00:00+00:00,113.578125,113.578125,113.484375,113.515625,41296.0
2024-08-27 07:00:00+00:00,113.5625,113.59375,113.5,113.5625,138860.0
2024-08-27 08:00:00+00:00,113.453125,113.5625,113.4375,113.5625,171066.0
2024-08-27 09:00:00+00:00,113.4375,113.5,113.40625,113.453125,357452.0
2024-08-27 10:00:00+00:00,113.390625,113.484375,113.359375,113.453125,200994.0
2024-08-27 11:00:00+00:00,113.390625,113.40625,113.328125,113.390625,172333.0
2024-08-27 12:00:00+00:00,113.328125,113.40625,113.28125,113.375,337691.0
2024-08-27 13:00:00+00:00,113.3125,113.375,113.28125,113.328125,268277.0
2024-08-27 14:00:00+00:00,113.4375,113.4375,113.265625,113.3125,259465.0
2024-08-27 15:00:00+00:00,113.421875,113.5,113.40625,113.4375,292721.0
2024-08-27 16:00:00+00:00,113.484375,113.484375,113.390625,113.421875,211611.0
2024-08-27 17:00:00+00:00,113.53125,113.546875,113.4375,113.46875,144318.0
2024-08-27 18:00:00+00:00,113.53125,113.59375,113.5,113.53125,376210.0
2024-08-27 19:00:00+00:00,113.515625,113.53125,113.484375,113.53125,285314.0
2024-08-27 20:00:00+00:00,113.578125,113.609375,113.46875,113.5,0.0
2024-08-27 22:00:00+00:00,113.625,113.640625,113.5625,113.578125,7890.0
2024-08-27 23:00:00+00:00,113.625,113.640625,113.59375,113.625,6422.0
2024-08-28 00:00:00+00:00,113.578125,113.625,113.5625,113.609375,10500.0
2024-08-28 01:00:00+00:00,113.546875,113.609375,113.53125,113.59375,17317.0
2024-08-28 02:00:00+00:00,113.53125,113.5625,113.53125,113.546875,15016.0
2024-08-28 03:00:00+00:00,113.53125,113.5625,113.515625,113.546875,6193.0
2024-08-28 04:00:00+00:00,113.546875,113.546875,113.515625,113.546875,12573.0
2024-08-28 05:00:00+00:00,113.53125,113.578125,113.53125,113.53125,8360.0
2024-08-28 06:00:00+00:00,113.546875,113.578125,113.515625,113.53125,20705.0
2024-08-28 07:00:00+00:00,113.578125,113.609375,113.53125,113.53125,31977.0
2024-08-28 08:00:00+00:00,113.546875,113.625,113.546875,113.5625,31075.0
2024-08-28 09:00:00+00:00,113.578125,113.59375,113.53125,113.5625,30582.0
2024-08-28 10:00:00+00:00,114.21875,114.234375,113.578125,113.59375,67871.0
2024-08-28 11:00:00+00:00,114.265625,114.28125,113.640625,114.203125,84869.0
2024-08-28 12:00:00+00:00,114.15625,114.265625,113.515625,114.265625,395454.0
2024-08-28 13:00:00+00:00,113.53125,114.1875,113.484375,114.140625,163235.0
2024-08-28 14:00:00+00:00,114.171875,114.1875,113.53125,113.53125,276131.0
2024-08-28 15:00:00+00:00,114.125,114.203125,113.5625,114.171875,127557.0
2024-08-28 16:00:00+00:00,113.53125,114.15625,113.515625,113.578125,0.0
2024-08-28 17:00:00+00:00,114.109375,114.125,113.5,113.515625,352857.0
2024-08-28 18:00:00+00:00,113.53125,114.109375,113.484375,114.09375,0.0
2024-08-28 19:00:00+00:00,113.515625,114.078125,113.46875,113.515625,119208.0
2024-08-28 20:00:00+00:00,113.53125,114.109375,113.46875,113.53125,0.0
2024-08-28 22:00:00+00:00,114.109375,114.125,113.515625,113.515625,5730.0
2024-08-28 23:00:00+00:00,114.109375,114.15625,113.546875,114.109375,6610.0
2024-08-29 00:00:00+00:00,114.109375,114.140625,113.5,114.109375,10413.0
2024-08-29 01:00:00+00:00,113.5625,114.140625,113.546875,113.546875,0.0
2024-08-29 02:00:00+00:00,114.09375,114.125,113.53125,113.578125,31494.0
2024-08-29 03:00:00+00:00,114.078125,114.109375,113.515625,113.53125,8994.0
2024-08-29 04:00:00+00:00,114.078125,114.109375,113.53125,113.53125,11797.0
2024-08-29 05:00:00+00:00,114.078125,114.09375,114.046875,114.078125,7192.0
2024-08-29 06:00:00+00:00,114.0625,114.109375,114.03125,114.078125,12936.0
2024-08-29 07:00:00+00:00,114.078125,114.09375,114.015625,114.078125,38973.0
2024-08-29 08:00:00+00:00,114.1875,114.21875,114.078125,114.078125,64677.0
2024-08-29 09:00:00+00:00,114.15625,114.203125,114.125,114.171875,30698.0
2024-08-29 10:00:00+00:00,114.109375,114.171875,114.078125,114.15625,26511.0
2024-08-29 11:00:00+00:00,114.140625,114.140625,114.078125,114.125,43260.0
2024-08-29 12:00:00+00:00,113.859375,114.15625,113.859375,114.140625,216312.0
2024-08-29 13:00:00+00:00,113.84375,113.890625,113.796875,113.859375,220410.0
2024-08-29 14:00:00+00:00,113.765625,113.921875,113.734375,113.84375,178045.0
2024-08-29 15:00:00+00:00,113.84375,113.859375,113.765625,113.765625,108690.0
2024-08-29 16:00:00+00:00,113.90625,113.90625,113.828125,113.84375,123125.0
2024-08-29 17:00:00+00:00,113.90625,113.90625,113.8125,113.890625,124273.0
2024-08-29 18:00:00+00:00,113.875,113.921875,113.859375,113.890625,152226.0
2024-08-29 19:00:00+00:00,113.859375,113.890625,113.84375,113.875,108155.0
2024-08-29 20:00:00+00:00,113.90625,113.921875,113.859375,113.859375,91936.0
2024-08-29 22:00:00+00:00,113.875,113.921875,113.859375,113.921875,0.0
2024-08-29 23:00:00+00:00,113.875,113.875,113.84375,113.859375,8846.0
2024-08-30 00:00:00+00:00,113.875,113.921875,113.859375,113.875,8800.0
2024-08-30 01:00:00+00:00,113.890625,113.90625,113.859375,113.875,14911.0
2024-08-30 02:00:00+00:00,113.875,113.890625,113.859375,113.890625,3542.0
2024-08-30 03:00:00+00:00,113.859375,113.890625,113.84375,113.875,7889.0
2024-08-30 04:00:00+00:00,113.859375,113.890625,113.84375,113.84375,7424.0
2024-08-30 05:00:00+00:00,113.875,113.875,113.84375,113.859375,5352.0
2024-08-30 06:00:00+00:00,113.890625,113.90625,113.84375,113.859375,44396.0
2024-08-30 07:00:00+00:00,113.921875,113.921875,113.84375,113.890625,42209.0
2024-08-30 08:00:00+00:00,113.890625,113.9375,113.875,113.90625,38147.0
2024-08-30 09:00:00+00:00,113.9375,113.953125,113.875,113.890625,23975.0
2024-08-30 10:00:00+00:00,113.890625,113.9375,113.890625,113.921875,23426.0
2024-08-30 11:00:00+00:00,113.859375,113.9375,113.859375,113.890625,37984.0
2024-08-30 12:00:00+00:00,113.75,113.9375,113.6875,113.875,246876.0
2024-08-30 13:00:00+00:00,113.828125,113.859375,113.765625,113.765625,175647.0
2024-08-30 14:00:00+00:00,113.828125,113.9375,113.796875,113.828125,199183.0
2024-08-30 15:00:00+00:00,113.765625,113.890625,113.75,113.84375,137920.0
2024-08-30 16:00:00+00:00,113.5625,113.78125,113.546875,113.765625,238048.0
2024-08-30 17:00:00+00:00,113.59375,113.625,113.546875,113.5625,124774.0
2024-08-30 18:00:00+00:00,113.578125,113.65625,113.546875,113.609375,157625.0
2024-08-30 19:00:00+00:00,113.515625,113.609375,113.46875,113.5625,530623.0
2024-08-30 20:00:00+00:00,113.609375,113.640625,113.4375,113.515625,268458.0
2024-09-01 22:00:00+00:00,113.5625,113.578125,113.515625,113.53125,8403.0
2024-09-01 23:00:00+00:00,113.59375,113.609375,113.546875,113.5625,5710.0
2024-09-02 00:00:00+00:00,113.546875,113.625,113.546875,113.578125,9794.0
2024-09-02 01:00:00+00:00,113.546875,113.578125,113.53125,113.546875,9895.0
2024-09-02 02:00:00+00:00,113.5625,113.5625,113.53125,113.546875,5876.0
2024-09-02 03:00:00+00:00,113.5625,113.59375,113.546875,113.546875,7437.0
2024-09-03 04:00:00+00:00,113.53125,113.578125,113.53125,113.5625,8818.0
2024-09-03 05:00:00+00:00,113.53125,113.5625,113.515625,113.53125,6501.0
2024-09-03 06:00:00+00:00,113.5625,113.609375,113.5,113.53125,45156.0
2024-09-03 07:00:00+00:00,113.59375,113.609375,113.53125,113.578125,36679.0
2024-09-03 08:00:00+00:00,113.5625,113.625,113.53125,113.59375,48045.0
2024-09-03 09:00:00+00:00,113.5625,113.59375,113.53125,113.5625,40876.0
2024-09-03 10:00:00+00:00,113.578125,113.609375,113.546875,113.5625,29844.0
2024-09-03 11:00:00+00:00,113.5,113.578125,113.46875,113.578125,64656.0
2024-09-03 12:00:00+00:00,113.75,113.765625,113.453125,113.5,225085.0
2024-09-03 13:00:00+00:00,114.046875,114.09375,113.71875,113.765625,458859.0
2024-09-03 14:00:00+00:00,114.09375,114.234375,113.9375,114.046875,355353.0
2024-09-03 15:00:00+00:00,113.953125,114.09375,113.921875,114.078125,154353.0
2024-09-03 16:00:00+00:00,113.9375,114.015625,113.90625,113.9375,99313.0
2024-09-03 17:00:00+00:00,113.9375,114.03125,113.921875,113.953125,94643.0
2024-09-03 18:00:00+00:00,114.0,114.015625,113.921875,113.9375,140213.0
2024-09-03 19:00:00+00:00,114.078125,114.09375,114.0,114.015625,177580.0
2024-09-03 20:00:00+00:00,114.09375,114.125,114.0,114.09375,0.0
2024-09-03 22:00:00+00:00,114.0625,114.078125,114.015625,114.0625,8614.0
2024-09-03 23:00:00+00:00,114.0625,114.09375,114.046875,114.046875,8529.0
2024-09-04 00:00:00+00:00,114.171875,114.203125,114.046875,114.0625,29849.0
2024-09-04 01:00:00+00:00,114.109375,114.1875,114.0625,114.1875,23988.0
2024-09-04 02:00:00+00:00,114.109375,114.15625,114.078125,114.125,15374.0
2024-09-04 03:00:00+00:00,114.140625,114.140625,114.078125,114.09375,9590.0
2024-09-04 04:00:00+00:00,114.15625,114.15625,114.09375,114.140625,10783.0
2024-09-04 05:00:00+00:00,114.171875,114.1875,114.140625,114.15625,14303.0
2024-09-04 06:00:00+00:00,114.203125,114.203125,114.109375,114.171875,36112.0
2024-09-04 07:00:00+00:00,114.265625,114.28125,114.1875,114.203125,88556.0
2024-09-04 08:00:00+00:00,114.1875,114.28125,114.1875,114.265625,59649.0
2024-09-04 09:00:00+00:00,114.203125,114.234375,114.15625,114.203125,43636.0
2024-09-04 10:00:00+00:00,114.21875,114.25,114.171875,114.21875,36417.0
2024-09-04 11:00:00+00:00,114.234375,114.296875,114.171875,114.21875,73644.0
2024-09-04 12:00:00+00:00,114.078125,114.234375,114.03125,114.21875,161844.0
2024-09-04 13:00:00+00:00,114.1875,114.234375,114.03125,114.078125,210045.0
2024-09-04 14:00:00+00:00,114.40625,114.5625,114.171875,114.171875,438198.0
2024-09-04 15:00:00+00:00,114.375,114.453125,114.34375,114.421875,159456.0
2024-09-04 16:00:00+00:00,114.453125,114.484375,114.359375,114.375,91463.0
2024-09-04 17:00:00+00:00,114.46875,114.515625,114.421875,114.4375,96596.0
2024-09-04 18:00:00+00:00,114.5625,114.5625,114.453125,114.46875,227244.0
2024-09-04 19:00:00+00:00,114.609375,114.65625,114.53125,114.5625,234274.0
2024-09-04 20:00:00+00:00,114.65625,114.65625,114.578125,114.609375,0.0
2024-09-04 22:00:00+00:00,114.65625,114.65625,114.625,114.625,2299.0
2024-09-04 23:00:00+00:00,114.671875,114.703125,114.640625,114.640625,11567.0
2024-09-05 00:00:00+00:00,114.546875,114.703125,114.53125,114.671875,27985.0
2024-09-05 01:00:00+00:00,114.5625,114.59375,114.53125,114.5625,21693.0
2024-09-05 02:00:00+00:00,114.5625,114.59375,114.546875,114.5625,13687.0
2024-09-05 03:00:00+00:00,114.578125,114.609375,114.5625,114.5625,14762.0
2024-09-05 04:00:00+00:00,114.5625,114.59375,114.546875,114.578125,12147.0
2024-09-05 05:00:00+00:00,114.625,114.640625,114.5625,114.5625,15885.0
2024-09-05 06:00:00+00:00,114.609375,114.671875,114.59375,114.625,42487.0
2024-09-05 07:00:00+00:00,114.546875,114.65625,114.53125,114.609375,70826.0
2024-09-05 08:00:00+00:00,114.546875,114.5625,114.5,114.5625,56009.0
2024-09-05 09:00:00+00:00,114.5625,114.59375,114.515625,114.546875,38056.0
2024-09-05 10:00:00+00:00,114.546875,114.59375,114.53125,114.546875,28386.0
2024-09-05 11:00:00+00:00,114.578125,114.578125,114.515625,114.53125,54368.0
2024-09-05 12:00:00+00:00,114.8125,114.84375,114.5625,114.578125,307378.0
2024-09-05 13:00:00+00:00,114.90625,114.921875,114.8125,114.828125,187119.0
2024-09-05 14:00:00+00:00,114.53125,114.890625,114.5,114.890625,445754.0
2024-09-05 15:00:00+00:00,114.6875,114.703125,114.5,114.53125,188717.0
2024-09-05 16:00:00+00:00,114.734375,114.75,114.65625,114.6875,116675.0
2024-09-05 17:00:00+00:00,114.765625,114.796875,114.6875,114.71875,125614.0
2024-09-05 18:00:00+00:00,114.75,114.828125,114.703125,114.78125,176171.0
2024-09-05 19:00:00+00:00,114.765625,114.8125,114.734375,114.75,148996.0
2024-09-05 20:00:00+00:00,114.765625,114.8125,114.75,114.78125,73010.0
2024-09-05 22:00:00+00:00,114.765625,114.78125,114.734375,114.765625,0.0
2024-09-05 23:00:00+00:00,114.734375,114.796875,114.734375,114.75,7257.0
2024-09-06 00:00:00+00:00,114.78125,114.796875,114.71875,114.734375,7891.0
2024-09-06 01:00:00+00:00,114.75,114.796875,114.71875,114.78125,10773.0
2024-09-06 02:00:00+00:00,114.765625,114.796875,114.734375,114.75,10226.0
2024-09-06 03:00:00+00:00,114.828125,114.84375,114.765625,114.765625,11845.0
2024-09-06 04:00:00+00:00,114.84375,114.859375,114.828125,114.828125,7475.0
2024-09-06 05:00:00+00:00,114.890625,114.90625,114.828125,114.828125,24091.0
2024-09-06 06:00:00+00:00,114.96875,114.96875,114.875,114.890625,34762.0
2024-09-06 07:00:00+00:00,114.9375,115.015625,114.9375,114.96875,71011.0
2024-09-06 08:00:00+00:00,114.9375,114.953125,114.90625,114.9375,36659.0
2024-09-06 09:00:00+00:00,114.96875,114.984375,114.921875,114.9375,33964.0
2024-09-06 10:00:00+00:00,114.953125,114.984375,114.921875,114.953125,38847.0
2024-09-06 11:00:00+00:00,114.90625,115.0,114.859375,114.953125,83277.0
2024-09-06 12:00:00+00:00,114.90625,115.3125,114.3125,114.90625,643816.0
2024-09-06 13:00:00+00:00,114.609375,114.96875,114.5,114.921875,459308.0
2024-09-06 14:00:00+00:00,115.140625,115.15625,114.609375,114.625,405050.0
2024-09-06 15:00:00+00:00,115.140625,115.328125,115.0625,115.140625,603368.0
2024-09-06 16:00:00+00:00,114.859375,115.171875,114.796875,115.15625,269785.0
2024-09-06 17:00:00+00:00,114.953125,115.078125,114.75,114.859375,229014.0
2024-09-06 18:00:00+00:00,115.0,115.046875,114.859375,114.96875,213419.0
2024-09-06 19:00:00+00:00,114.9375,115.015625,114.875,115.0,180235.0
2024-09-06 20:00:00+00:00,115.015625,115.046875,114.890625,114.9375,101491.0
2024-09-08 22:00:00+00:00,114.90625,114.96875,114.859375,114.96875,14966.0
2024-09-08 23:00:00+00:00,114.84375,114.9375,114.84375,114.90625,15023.0
2024-09-09 00:00:00+00:00,114.796875,114.875,114.765625,114.84375,28191.0
2024-09-09 01:00:00+00:00,114.78125,114.8125,114.75,114.78125,18972.0
2024-09-09 02:00:00+00:00,114.796875,114.8125,114.765625,114.78125,8976.0
2024-09-09 03:00:00+00:00,114.765625,114.796875,114.75,114.796875,7398.0
2024-09-09 04:00:00+00:00,114.734375,114.78125,114.71875,114.765625,13231.0
2024-09-09 05:00:00+00:00,114.734375,114.765625,114.71875,114.75,9131.0
2024-09-09 06:00:00+00:00,114.765625,114.828125,114.734375,114.75,36951.0
2024-09-09 07:00:00+00:00,114.75,114.78125,114.671875,114.765625,61759.0
2024-09-09 08:00:00+00:00,114.640625,114.765625,114.625,114.734375,42697.0
2024-09-09 09:00:00+00:00,114.65625,114.671875,114.625,114.65625,56489.0
2024-09-09 10:00:00+00:00,114.71875,114.71875,114.640625,114.671875,45895.0
2024-09-09 11:00:00+00:00,114.71875,114.765625,114.6875,114.734375,40984.0
2024-09-09 12:00:00+00:00,114.796875,114.875,114.671875,114.71875,125991.0
2024-09-09 13:00:00+00:00,114.875,114.90625,114.75,114.8125,171023.0
2024-09-09 14:00:00+00:00,114.984375,115.0,114.796875,114.875,149752.0
2024-09-09 15:00:00+00:00,115.015625,115.046875,114.9375,115.0,125488.0
2024-09-09 16:00:00+00:00,115.015625,115.046875,114.921875,115.0,128984.0
2024-09-09 17:00:00+00:00,115.03125,115.125,115.015625,115.03125,109649.0
2024-09-09 18:00:00+00:00,115.046875,115.0625,114.984375,115.03125,116033.0
2024-09-09 19:00:00+00:00,115.046875,115.09375,115.0,115.0625,137167.0
2024-09-09 20:00:00+00:00,115.03125,115.0625,114.984375,115.03125,0.0
2024-09-09 22:00:00+00:00,115.0625,115.078125,115.03125,115.046875,4956.0
2024-09-09 23:00:00+00:00,115.03125,115.046875,115.0,115.046875,5476.0
2024-09-10 00:00:00+00:00,114.953125,115.078125,114.953125,115.03125,24506.0
2024-09-10 01:00:00+00:00,114.9375,114.984375,114.890625,114.953125,21524.0
2024-09-10 02:00:00+00:00,114.96875,114.984375,114.921875,114.9375,22703.0
2024-09-10 03:00:00+00:00,114.984375,115.0,114.953125,114.96875,10408.0
2024-09-10 04:00:00+00:00,115.0,115.015625,114.953125,114.984375,6546.0
2024-09-10 05:00:00+00:00,115.03125,115.03125,114.96875,115.0,15468.0
2024-09-10 06:00:00+00:00,114.9375,115.046875,114.9375,115.015625,25797.0
2024-09-10 07:00:00+00:00,114.875,114.953125,114.859375,114.9375,49985.0
2024-09-10 08:00:00+00:00,114.890625,114.9375,114.85900115966797,114.875,30096.0
2024-09-10 09:00:00+00:00,114.96875,114.984375,114.90625,114.90625,33695.0
2024-09-10 10:00:00+00:00,114.90625,114.984375,114.90625,114.953125,27146.0
2024-09-10 11:00:00+00:00,114.921875,114.921875,114.859375,114.90625,81380.0
2024-09-10 12:00:00+00:00,115.109375,115.125,114.875,114.90625,156719.0
2024-09-10 13:00:00+00:00,115.0625,115.125,115.015625,115.09375,152051.0
2024-09-10 14:00:00+00:00,115.21875,115.25,115.0625,115.078125,221151.0
2024-09-10 15:00:00+00:00,115.4375,115.453125,115.203125,115.21875,230787.0
2024-09-10 16:00:00+00:00,115.34375,115.46875,115.296875,115.421875,153694.0
2024-09-10 17:00:00+00:00,115.4375,115.484375,115.296875,115.34375,136744.0
2024-09-10 18:00:00+00:00,115.4375,115.5,115.390625,115.421875,117883.0
2024-09-10 19:00:00+00:00,115.4375,115.46875,115.40625,115.453125,184285.0
2024-09-10 20:00:00+00:00,115.46875,115.515625,115.421875,115.453125,0.0
2024-09-10 22:00:00+00:00,115.453125,115.46875,115.4375,115.453125,7326.0
2024-09-10 23:00:00+00:00,115.5,115.515625,115.453125,115.453125,14319.0
2024-09-11 00:00:00+00:00,115.421875,115.53125,115.421875,115.5,32993.0
2024-09-11 01:00:00+00:00,115.515625,115.53125,115.375,115.421875,34474.0
2024-09-11 02:00:00+00:00,115.546875,115.609375,115.515625,115.515625,30303.0
2024-09-11 03:00:00+00:00,115.609375,115.640625,115.515625,115.53125,23993.0
2024-09-11 04:00:00+00:00,115.625,115.640625,115.59375,115.609375,21037.0
2024-09-11 05:00:00+00:00,115.65625,115.71875,115.625,115.625,32792.0
2024-09-11 06:00:00+00:00,115.671875,115.703125,115.609375,115.65625,50014.0
2024-09-11 07:00:00+00:00,115.671875,115.734375,115.625,115.671875,57371.0
2024-09-11 08:00:00+00:00,115.671875,115.71875,115.609375,115.671875,72119.0
2024-09-11 09:00:00+00:00,115.625,115.734375,115.625,115.6875,36499.0
2024-09-11 10:00:00+00:00,115.578125,115.625,115.5625,115.625,59656.0
2024-09-11 11:00:00+00:00,115.625,115.65625,115.546875,115.578125,73396.0
2024-09-11 12:00:00+00:00,115.171875,115.671875,115.0625,115.625,529767.0
2024-09-11 13:00:00+00:00,115.40625,115.4375,115.125,115.203125,338163.0
2024-09-11 14:00:00+00:00,115.59375,115.671875,115.375,115.40625,381755.0
2024-09-11 15:00:00+00:00,115.375,115.625,115.359375,115.609375,216556.0
2024-09-11 16:00:00+00:00,115.296875,115.390625,115.265625,115.375,134559.0
2024-09-11 17:00:00+00:00,115.203125,115.40625,115.171875,115.28125,173718.0
2024-09-11 18:00:00+00:00,115.34375,115.34375,115.203125,115.21875,146111.0
2024-09-11 19:00:00+00:00,115.328125,115.390625,115.296875,115.34375,140081.0
2024-09-11 20:00:00+00:00,115.34375,115.359375,115.28125,115.34375,0.0
2024-09-11 22:00:00+00:00,115.328125,115.359375,115.3125,115.328125,11515.0
2024-09-11 23:00:00+00:00,115.3125,115.34375,115.28125,115.3125,8846.0
2024-09-12 00:00:00+00:00,115.234375,115.3125,115.21875,115.3125,26102.0
2024-09-12 01:00:00+00:00,115.25,115.28125,115.203125,115.25,20172.0
2024-09-12 02:00:00+00:00,115.234375,115.265625,115.21875,115.25,7587.0
2024-09-12 03:00:00+00:00,115.25,115.28125,115.234375,115.25,8789.0
2024-09-12 04:00:00+00:00,115.28125,115.28125,115.234375,115.234375,7050.0
2024-09-12 05:00:00+00:00,115.28125,115.28125,115.234375,115.28125,7705.0
2024-09-12 06:00:00+00:00,115.234375,115.3125,115.203125,115.28125,39384.0
2024-09-12 07:00:00+00:00,115.203125,115.25,115.15625,115.234375,60694.0
2024-09-12 08:00:00+00:00,115.1875,115.234375,115.15625,115.203125,65406.0
2024-09-12 09:00:00+00:00,115.171875,115.21875,115.15625,115.1875,34243.0
2024-09-12 10:00:00+00:00,115.21875,115.21875,115.15625,115.203125,32799.0
2024-09-12 11:00:00+00:00,115.265625,115.3125,115.203125,115.21875,53756.0
2024-09-12 12:00:00+00:00,115.40625,115.546875,115.203125,115.265625,317583.0
2024-09-12 13:00:00+00:00,115.3125,115.453125,115.125,115.40625,278045.0
2024-09-12 14:00:00+00:00,115.046875,115.296875,115.046875,115.296875,237656.0
2024-09-12 15:00:00+00:00,115.171875,115.21875,115.078125,115.140625,162152.0
2024-09-12 16:00:00+00:00,115.046875,115.1875,115.0,115.171875,166506.0
2024-09-12 17:00:00+00:00,115.109375,115.15625,114.984375,115.046875,178212.0
2024-09-12 18:00:00+00:00,115.1875,115.203125,115.046875,115.109375,210564.0
2024-09-12 19:00:00+00:00,115.15625,115.234375,115.140625,115.171875,201477.0
2024-09-12 20:00:00+00:00,115.1875,115.203125,115.09375,115.15625,0.0
2024-09-12 22:00:00+00:00,115.265625,115.265625,115.21875,115.21875,6383.0
2024-09-12 23:00:00+00:00,115.390625,115.40625,115.265625,115.265625,24195.0
2024-09-13 00:00:00+00:00,115.40625,115.421875,115.34375,115.375,30100.0
2024-09-13 01:00:00+00:00,115.40625,115.4375,115.390625,115.40625,17527.0
2024-09-13 02:00:00+00:00,115.375,115.421875,115.375,115.40625,14424.0
2024-09-13 03:00:00+00:00,115.421875,115.4375,115.375,115.375,10928.0
2024-09-13 04:00:00+00:00,115.40625,115.4375,115.390625,115.421875,9092.0
2024-09-13 05:00:00+00:00,115.453125,115.46875,115.390625,115.421875,16551.0
2024-09-13 06:00:00+00:00,115.40625,115.46875,115.375,115.453125,36697.0
2024-09-13 07:00:00+00:00,115.4375,115.453125,115.328125,115.390625,47712.0
2024-09-13 08:00:00+00:00,115.5,115.578125,115.4375,115.453125,96782.0
2024-09-13 09:00:00+00:00,115.421875,115.5,115.40625,115.484375,56550.0
2024-09-13 10:00:00+00:00,115.359375,115.453125,115.359375,115.4375,40033.0
2024-09-13 11:00:00+00:00,115.359375,115.421875,115.328125,115.359375,55260.0
2024-09-13 12:00:00+00:00,115.3125,115.375,115.25,115.34375,143016.0
2024-09-13 13:00:00+00:00,115.34375,115.46875,115.296875,115.3125,176752.0
2024-09-13 14:00:00+00:00,115.28125,115.375,115.21875,115.328125,187349.0
2024-09-13 15:00:00+00:00,115.359375,115.359375,115.28125,115.28125,130235.0
2024-09-13 16:00:00+00:00,115.4375,115.453125,115.3125,115.34375,138688.0
2024-09-13 17:00:00+00:00,115.453125,115.46875,115.390625,115.4375,59479.0
2024-09-13 18:00:00+00:00,115.4375,115.46875,115.40625,115.453125,98018.0
2024-09-13 19:00:00+00:00,115.34375,115.4375,115.34375,115.4375,90135.0
2024-09-13 20:00:00+00:00,115.390625,115.39099884033203,115.34375,115.359375,46960.0
2024-09-15 22:00:00+00:00,115.421875,115.515625,115.390625,115.40625,14677.0
2024-09-15 23:00:00+00:00,115.40625,115.421875,115.375,115.421875,9821.0
2024-09-16 00:00:00+00:00,115.453125,115.453125,115.40625,115.40625,14933.0
2024-09-16 01:00:00+00:00,115.46875,115.46875,115.421875,115.4375,5323.0
2024-09-16 02:00:00+00:00,115.4375,115.46875,115.421875,115.46875,15925.0
2024-09-16 03:00:00+00:00,115.5,115.5,115.421875,115.4375,7110.0
2024-09-16 04:00:00+00:00,115.46875,115.5,115.4375,115.5,4383.0
2024-09-16 05:00:00+00:00,115.4375,115.484375,115.4375,115.46875,7623.0
2024-09-16 06:00:00+00:00,115.5,115.53125,115.421875,115.4375,25041.0
2024-09-16 07:00:00+00:00,115.453125,115.53125,115.4375,115.484375,23547.0
2024-09-16 08:00:00+00:00,115.46875,115.515625,115.421875,115.453125,28924.0
2024-09-16 09:00:00+00:00,115.390625,115.5,115.375,115.46875,48888.0
2024-09-16 10:00:00+00:00,115.453125,115.453125,115.375,115.390625,27467.0
2024-09-16 11:00:00+00:00,115.515625,115.515625,115.421875,115.4375,57162.0
2024-09-16 12:00:00+00:00,115.40625,115.609375,115.34375,115.5,187697.0
2024-09-16 13:00:00+00:00,115.375,115.515625,115.296875,115.4375,156987.0
2024-09-16 14:00:00+00:00,115.515625,115.515625,115.328125,115.375,142347.0
2024-09-16 15:00:00+00:00,115.484375,115.546875,115.46875,115.515625,111271.0
2024-09-16 16:00:00+00:00,115.5625,115.5625,115.46875,115.5,73680.0
2024-09-16 17:00:00+00:00,115.578125,115.59375,115.5,115.5625,73383.0
2024-09-16 18:00:00+00:00,115.5625,115.59375,115.5,115.578125,108990.0
2024-09-16 19:00:00+00:00,115.546875,115.59375,115.5,115.5625,125566.0
2024-09-16 20:00:00+00:00,115.5625,115.59375,115.515625,115.5625,0.0
2024-09-16 22:00:00+00:00,115.546875,115.5625,115.53125,115.5625,3943.0
2024-09-16 23:00:00+00:00,115.5625,115.5625,115.53125,115.546875,5384.0
2024-09-17 00:00:00+00:00,115.53125,115.578125,115.515625,115.5625,20918.0
2024-09-17 01:00:00+00:00,115.515625,115.53125,115.484375,115.53125,12201.0
2024-09-17 02:00:00+00:00,115.5625,115.578125,115.515625,115.53125,4022.0
2024-09-17 03:00:00+00:00,115.546875,115.578125,115.53125,115.546875,5178.0
2024-09-17 04:00:00+00:00,115.515625,115.546875,115.515625,115.546875,2992.0
2024-09-17 05:00:00+00:00,115.484375,115.53125,115.46875,115.515625,11721.0
2024-09-17 06:00:00+00:00,115.546875,115.5625,115.453125,115.46875,23146.0
2024-09-17 07:00:00+00:00,115.59375,115.65625,115.53125,115.5625,50364.0
2024-09-17 08:00:00+00:00,115.59375,115.625,115.5780029296875,115.59375,33307.0
2024-09-17 09:00:00+00:00,115.59375,115.640625,115.578125,115.609375,39232.0
2024-09-17 10:00:00+00:00,115.53125,115.59375,115.515625,115.59375,23875.0
2024-09-17 11:00:00+00:00,115.59375,115.640625,115.5,115.515625,51058.0
2024-09-17 12:00:00+00:00,115.421875,115.671875,115.34375,115.609375,363481.0
2024-09-17 13:00:00+00:00,115.296875,115.484375,115.25,115.421875,274379.0
2024-09-17 14:00:00+00:00,115.375,115.375,115.25,115.296875,168358.0
2024-09-17 15:00:00+00:00,115.3125,115.375,115.25,115.359375,107232.0
2024-09-17 16:00:00+00:00,115.34375,115.359375,115.265625,115.296875,91559.0
2024-09-17 17:00:00+00:00,115.3125,115.359375,115.265625,115.328125,121669.0
2024-09-17 18:00:00+00:00,115.359375,115.390625,115.296875,115.3125,116806.0
2024-09-17 19:00:00+00:00,115.359375,115.40625,115.328125,115.359375,147827.0
2024-09-17 20:00:00+00:00,115.328125,115.375,115.296875,115.359375,0.0
2024-09-17 22:00:00+00:00,115.34375,115.359375,115.296875,115.296875,5237.0
2024-09-17 23:00:00+00:00,115.359375,115.375,115.328125,115.34375,9676.0
2024-09-18 00:00:00+00:00,115.390625,115.421875,115.34375,115.359375,13893.0
2024-09-18 01:00:00+00:00,115.375,115.40625,115.328125,115.390625,12045.0
2024-09-18 02:00:00+00:00,115.328125,115.390625,115.328125,115.390625,6450.0
2024-09-18 03:00:00+00:00,115.375,115.390625,115.34375,115.34375,5968.0
2024-09-18 04:00:00+00:00,115.359375,115.390625,115.359375,115.390625,5308.0
2024-09-18 05:00:00+00:00,115.328125,115.375,115.328125,115.359375,6538.0
2024-09-18 06:00:00+00:00,115.328125,115.359375,115.296875,115.34375,21420.0
2024-09-18 07:00:00+00:00,115.28125,115.34375,115.265625,115.328125,36247.0
2024-09-18 08:00:00+00:00,115.203125,115.28125,115.203125,115.28125,37025.0
2024-09-18 09:00:00+00:00,115.203125,115.21875,115.171875,115.21875,30439.0
2024-09-18 10:00:00+00:00,115.234375,115.265625,115.2030029296875,115.21875,54597.0
2024-09-18 11:00:00+00:00,115.15625,115.25,115.140625,115.25,43195.0
2024-09-18 12:00:00+00:00,115.109375,115.171875,115.0625,115.171875,160243.0
2024-09-18 13:00:00+00:00,115.109375,115.1875,115.0625,115.125,148442.0
2024-09-18 14:00:00+00:00,115.0,115.109375,114.984375,115.09375,165345.0
2024-09-18 15:00:00+00:00,115.03125,115.0625,114.984375,114.984375,140983.0
2024-09-18 16:00:00+00:00,115.109375,115.125,115.03125,115.0625,82299.0
2024-09-18 17:00:00+00:00,115.03125,115.15625,115.0,115.109375,127029.0
2024-09-18 18:00:00+00:00,115.09375,115.53125,115.0,115.03125,679258.0
2024-09-18 19:00:00+00:00,114.9375,115.125,114.890625,115.09375,413236.0
2024-09-18 20:00:00+00:00,114.953125,114.984375,114.84375,114.9375,0.0
2024-09-18 22:00:00+00:00,114.953125,114.984375,114.921875,114.96875,12469.0
2024-09-18 23:00:00+00:00,114.890625,114.953125,114.859375,114.953125,12106.0
2024-09-19 00:00:00+00:00,114.78125,114.90625,114.765625,114.890625,34938.0
2024-09-19 01:00:00+00:00,114.71875,114.8125,114.6875,114.765625,32537.0
2024-09-19 02:00:00+00:00,114.78125,114.8125,114.71875,114.71875,33688.0
2024-09-19 03:00:00+00:00,114.8125,114.84375,114.75,114.765625,24050.0
2024-09-19 04:00:00+00:00,114.84375,114.859375,114.8125,114.8125,15672.0
2024-09-19 05:00:00+00:00,114.875,114.890625,114.8125,114.84375,22155.0
2024-09-19 06:00:00+00:00,114.9375,114.953125,114.84375,114.875,45982.0
2024-09-19 07:00:00+00:00,115.046875,115.0625,114.921875,114.9375,86896.0
2024-09-19 08:00:00+00:00,115.046875,115.078125,114.984375,115.046875,68133.0
2024-09-19 09:00:00+00:00,115.015625,115.0625,114.984375,115.03125,32945.0
2024-09-19 10:00:00+00:00,115.015625,115.015625,114.953125,115.015625,51069.0
2024-09-19 11:00:00+00:00,114.953125,115.03125,114.859375,115.03125,115106.0
2024-09-19 12:00:00+00:00,114.515625,114.96875,114.5,114.96875,352217.0
2024-09-19 13:00:00+00:00,114.703125,114.75,114.546875,114.546875,311436.0
2024-09-19 14:00:00+00:00,114.84375,114.890625,114.65625,114.6875,276596.0
2024-09-19 15:00:00+00:00,114.75,114.84375,114.703125,114.84375,141377.0
2024-09-19 16:00:00+00:00,114.6875,114.78125,114.6875,114.75,84044.0
2024-09-19 17:00:00+00:00,114.703125,114.75,114.671875,114.703125,106856.0
2024-09-19 18:00:00+00:00,114.734375,114.78125,114.703125,114.703125,134943.0
2024-09-19 19:00:00+00:00,114.84375,114.859375,114.71875,114.71875,127848.0
2024-09-19 20:00:00+00:00,114.875,114.90625,114.84375,114.875,98660.0
2024-09-19 22:00:00+00:00,114.921875,114.921875,114.875,114.90625,0.0
2024-09-19 23:00:00+00:00,114.890625,114.9375,114.875,114.90625,9813.0
2024-09-20 00:00:00+00:00,114.96875,114.96875,114.859375,114.890625,14735.0
2024-09-20 01:00:00+00:00,114.96875,114.984375,114.9375,114.96875,15458.0
2024-09-20 02:00:00+00:00,114.953125,114.96875,114.921875,114.953125,10383.0
2024-09-20 03:00:00+00:00,114.9375,114.984375,114.90625,114.953125,9736.0
2024-09-20 04:00:00+00:00,114.90625,114.9375,114.875,114.921875,6203.0
2024-09-20 05:00:00+00:00,114.890625,114.921875,114.890625,114.921875,8296.0
2024-09-20 06:00:00+00:00,114.859375,114.9375,114.859375,114.90625,33693.0
2024-09-20 07:00:00+00:00,114.90625,114.90625,114.828125,114.875,42495.0
2024-09-20 08:00:00+00:00,114.9375,115.0,114.890625,114.890625,49216.0
2024-09-20 09:00:00+00:00,114.84375,114.953125,114.828125,114.9375,56942.0
2024-09-20 10:00:00+00:00,114.78125,114.859375,114.765625,114.828125,53712.0
2024-09-20 11:00:00+00:00,114.71875,114.78125,114.6875,114.78125,69970.0
2024-09-20 12:00:00+00:00,114.78125,114.84375,114.703125,114.734375,142994.0
2024-09-20 13:00:00+00:00,114.640625,114.8125,114.578125,114.78125,209528.0
2024-09-20 14:00:00+00:00,114.59375,114.65625,114.5625,114.65625,154847.0
2024-09-20 15:00:00+00:00,114.78125,114.796875,114.53125,114.59375,257029.0
2024-09-20 16:00:00+00:00,114.921875,114.953125,114.75,114.796875,201698.0
2024-09-20 17:00:00+00:00,114.84375,114.9375,114.828125,114.9375,83265.0
2024-09-20 18:00:00+00:00,114.84375,114.890625,114.8125,114.84375,154818.0
2024-09-20 19:00:00+00:00,114.796875,114.890625,114.796875,114.859375,87116.0
2024-09-20 20:00:00+00:00,114.734375,114.828125,114.71875,114.796875,78643.0
2024-09-22 22:00:00+00:00,114.71875,114.78125,114.65625,114.71875,12096.0
2024-09-22 23:00:00+00:00,114.703125,114.734375,114.6875,114.71875,7131.0
2024-09-23 00:00:00+00:00,114.65625,114.75,114.65625,114.703125,12879.0
2024-09-23 01:00:00+00:00,114.640625,114.671875,114.640625,114.671875,3538.0
2024-09-23 02:00:00+00:00,114.671875,114.671875,114.640625,114.65625,5746.0
2024-09-23 03:00:00+00:00,114.65625,114.6875,114.65625,114.671875,3027.0
2024-09-23 04:00:00+00:00,114.640625,114.671875,114.640625,114.671875,3279.0
2024-09-23 05:00:00+00:00,114.65625,114.65625,114.609375,114.640625,10914.0
2024-09-23 06:00:00+00:00,114.65625,114.6875,114.578125,114.65625,24613.0
2024-09-23 07:00:00+00:00,114.765625,114.8125,114.640625,114.65625,115488.0
2024-09-23 08:00:00+00:00,114.796875,114.828125,114.75,114.75,50044.0
2024-09-23 09:00:00+00:00,114.765625,114.828125,114.71875,114.8125,43668.0
2024-09-23 10:00:00+00:00,114.71875,114.796875,114.703125,114.765625,34480.0
2024-09-23 11:00:00+00:00,114.6875,114.734375,114.671875,114.71875,53518.0
2024-09-23 12:00:00+00:00,114.578125,114.75,114.5625,114.703125,159196.0
2024-09-23 13:00:00+00:00,114.421875,114.78125,114.421875,114.59375,249028.0
2024-09-23 14:00:00+00:00,114.46875,114.5,114.359375,114.421875,211782.0
2024-09-23 15:00:00+00:00,114.671875,114.671875,114.4375,114.515625,156758.0
2024-09-23 16:00:00+00:00,114.765625,114.796875,114.625,114.671875,259487.0
2024-09-23 17:00:00+00:00,114.75,114.828125,114.75,114.765625,84850.0
2024-09-23 18:00:00+00:00,114.765625,114.796875,114.734375,114.765625,106475.0
2024-09-23 19:00:00+00:00,114.6875,114.765625,114.6875,114.75,87659.0
2024-09-23 20:00:00+00:00,114.671875,114.71875,114.671875,114.703125,48189.0
2024-09-23 22:00:00+00:00,114.703125,114.734375,114.671875,114.6875,0.0
2024-09-23 23:00:00+00:00,114.71875,114.71875,114.703125,114.71875,2954.0
2024-09-24 00:00:00+00:00,114.734375,114.78125,114.703125,114.71875,12562.0
2024-09-24 01:00:00+00:00,114.734375,114.75,114.671875,114.75,22270.0
2024-09-24 02:00:00+00:00,114.703125,114.765625,114.703125,114.734375,5966.0
2024-09-24 03:00:00+00:00,114.640625,114.71875,114.640625,114.703125,9423.0
2024-09-24 04:00:00+00:00,114.640625,114.65625,114.609375,114.640625,14233.0
2024-09-24 05:00:00+00:00,114.671875,114.671875,114.609375,114.640625,15664.0
2024-09-24 06:00:00+00:00,114.609375,114.703125,114.578125,114.671875,33020.0
2024-09-24 07:00:00+00:00,114.5625,114.609375,114.53125,114.59375,44227.0
2024-09-24 08:00:00+00:00,114.453125,114.5625,114.421875,114.546875,87042.0
2024-09-24 09:00:00+00:00,114.4375,114.46875,114.40625,114.453125,34927.0
2024-09-24 10:00:00+00:00,114.5,114.5,114.390625,114.4375,39645.0
2024-09-24 11:00:00+00:00,114.375,114.5,114.359375,114.5,79488.0
2024-09-24 12:00:00+00:00,114.390625,114.453125,114.296875,114.390625,212544.0
2024-09-24 13:00:00+00:00,114.46875,114.515625,114.359375,114.40625,228143.0
2024-09-24 14:00:00+00:00,114.765625,114.796875,114.484375,114.484375,375083.0
2024-09-24 15:00:00+00:00,114.734375,114.8125,114.703125,114.78125,135571.0
2024-09-24 16:00:00+00:00,114.796875,114.828125,114.71875,114.734375,114187.0
2024-09-24 17:00:00+00:00,114.796875,114.8125,114.71875,114.78125,89860.0
2024-09-24 18:00:00+00:00,114.84375,114.90625,114.78125,114.8125,133368.0
2024-09-24 19:00:00+00:00,114.859375,114.890625,114.796875,114.828125,154934.0
2024-09-24 20:00:00+00:00,114.890625,114.90625,114.84375,114.875,93257.0
2024-09-24 22:00:00+00:00,114.875,114.921875,114.859375,114.890625,0.0
2024-09-24 23:00:00+00:00,114.890625,114.90625,114.84375,114.875,7196.0
2024-09-25 00:00:00+00:00,114.859375,114.90625,114.8125,114.90625,22206.0
2024-09-25 01:00:00+00:00,114.8125,114.859375,114.796875,114.859375,23945.0
2024-09-25 02:00:00+00:00,114.84375,114.859375,114.796875,114.8125,10066.0
2024-09-25 03:00:00+00:00,114.8125,114.859375,114.8125,114.84375,6385.0
2024-09-25 04:00:00+00:00,114.796875,114.828125,114.78125,114.828125,10138.0
2024-09-25 05:00:00+00:00,114.828125,114.84375,114.765625,114.796875,12194.0
2024-09-25 06:00:00+00:00,114.828125,114.890625,114.8125,114.84375,20172.0
2024-09-25 07:00:00+00:00,114.8125,114.90625,114.796875,114.828125,55567.0
2024-09-25 08:00:00+00:00,114.78125,114.828125,114.765625,114.828125,43548.0
2024-09-25 09:00:00+00:00,114.71875,114.796875,114.71875,114.796875,40343.0
2024-09-25 10:00:00+00:00,114.6875,114.75,114.671875,114.734375,39377.0
2024-09-25 11:00:00+00:00,114.65625,114.6875,114.640625,114.6875,43393.0
2024-09-25 12:00:00+00:00,114.734375,114.734375,114.5625,114.65625,160877.0
2024-09-25 13:00:00+00:00,114.671875,114.734375,114.578125,114.71875,237442.0
2024-09-25 14:00:00+00:00,114.609375,114.65625,114.546875,114.65625,159807.0
2024-09-25 15:00:00+00:00,114.609375,114.625,114.515625,114.609375,128661.0
2024-09-25 16:00:00+00:00,114.59375,114.671875,114.59375,114.59375,98711.0
2024-09-25 17:00:00+00:00,114.609375,114.625,114.53125,114.59375,103680.0
2024-09-25 18:00:00+00:00,114.546875,114.640625,114.546875,114.609375,121529.0
2024-09-25 19:00:00+00:00,114.515625,114.5625,114.5,114.5625,149622.0
2024-09-25 20:00:00+00:00,114.515625,114.53125,114.46875,114.53125,0.0
2024-09-25 22:00:00+00:00,114.546875,114.546875,114.5,114.515625,5176.0
2024-09-25 23:00:00+00:00,114.546875,114.5625,114.515625,114.546875,7301.0
2024-09-26 00:00:00+00:00,114.5625,114.578125,114.53125,114.546875,15326.0
2024-09-26 01:00:00+00:00,114.515625,114.5625,114.5,114.5625,14471.0
2024-09-26 02:00:00+00:00,114.53125,114.53125,114.5,114.515625,7158.0
2024-09-26 03:00:00+00:00,114.53125,114.546875,114.5,114.53125,10864.0
2024-09-26 04:00:00+00:00,114.53125,114.546875,114.5,114.515625,6581.0
2024-09-26 05:00:00+00:00,114.53125,114.546875,114.5,114.546875,7114.0
2024-09-26 06:00:00+00:00,114.546875,114.59375,114.5,114.53125,34043.0
2024-09-26 07:00:00+00:00,114.546875,114.59375,114.484375,114.546875,44482.0
2024-09-26 08:00:00+00:00,114.578125,114.59375,114.5,114.546875,34237.0
2024-09-26 09:00:00+00:00,114.625,114.640625,114.5625,114.578125,26212.0
2024-09-26 10:00:00+00:00,114.640625,114.65625,114.5625,114.625,48075.0
2024-09-26 11:00:00+00:00,114.65625,114.65625,114.609375,114.65625,40272.0
2024-09-26 12:00:00+00:00,114.40625,114.75,114.34375,114.65625,337923.0
2024-09-26 13:00:00+00:00,114.4375,114.59375,114.359375,114.421875,286309.0
2024-09-26 14:00:00+00:00,114.421875,114.453125,114.21875,114.4375,303975.0
2024-09-26 15:00:00+00:00,114.328125,114.4375,114.3125,114.4375,133280.0
2024-09-26 16:00:00+00:00,114.28125,114.359375,114.234375,114.3125,156947.0
2024-09-26 17:00:00+00:00,114.375,114.4375,114.265625,114.265625,140847.0
2024-09-26 18:00:00+00:00,114.421875,114.421875,114.34375,114.375,120779.0
2024-09-26 19:00:00+00:00,114.390625,114.46875,114.34375,114.421875,121679.0
2024-09-26 20:00:00+00:00,114.34375,114.421875,114.328125,114.390625,81650.0
2024-09-26 22:00:00+00:00,114.359375,114.375,114.34375,114.34375,0.0
2024-09-26 23:00:00+00:00,114.390625,114.390625,114.34375,114.359375,6089.0
2024-09-27 00:00:00+00:00,114.34375,114.40625,114.328125,114.390625,20017.0
2024-09-27 01:00:00+00:00,114.375,114.40625,114.328125,114.34375,17436.0
2024-09-27 02:00:00+00:00,114.390625,114.40625,114.375,114.375,9116.0
2024-09-27 03:00:00+00:00,114.375,114.40625,114.359375,114.390625,7857.0
2024-09-27 04:00:00+00:00,114.3125,114.359375,114.3125,114.359375,10819.0
2024-09-27 05:00:00+00:00,114.375,114.375,114.296875,114.3125,18001.0
2024-09-27 06:00:00+00:00,114.453125,114.484375,114.25,114.359375,113952.0
2024-09-27 07:00:00+00:00,114.578125,114.59375,114.46875,114.46875,79139.0
2024-09-27 08:00:00+00:00,114.453125,114.578125,114.421875,114.578125,64738.0
2024-09-27 09:00:00+00:00,114.421875,114.484375,114.40625,114.453125,33162.0
2024-09-27 10:00:00+00:00,114.390625,114.4375,114.375,114.4375,44851.0
2024-09-27 11:00:00+00:00,114.453125,114.46875,114.375,114.40625,66022.0
2024-09-27 12:00:00+00:00,114.65625,114.65625,114.4375,114.46875,256475.0
2024-09-27 13:00:00+00:00,114.625,114.671875,114.5,114.65625,180960.0
2024-09-27 14:00:00+00:00,114.5,114.640625,114.46875,114.625,152645.0
2024-09-27 15:00:00+00:00,114.640625,114.640625,114.484375,114.5,159363.0
2024-09-27 16:00:00+00:00,114.703125,114.78125,114.625,114.640625,169851.0
2024-09-27 17:00:00+00:00,114.703125,114.75,114.6875,114.71875,90929.0
2024-09-27 18:00:00+00:00,114.734375,114.75,114.6875,114.6875,115003.0
2024-09-27 19:00:00+00:00,114.734375,114.75,114.640625,114.734375,145600.0
2024-09-27 20:00:00+00:00,114.71875,114.734375,114.671875,114.734375,77700.0
2024-09-29 22:00:00+00:00,114.71875,114.75,114.65625,114.734375,14456.0
2024-09-29 23:00:00+00:00,114.6875,114.734375,114.671875,114.71875,15476.0
2024-09-30 00:00:00+00:00,114.671875,114.71875,114.640625,114.6875,18316.0
2024-09-30 01:00:00+00:00,114.703125,114.734375,114.65625,114.671875,13501.0
2024-09-30 02:00:00+00:00,114.6875,114.734375,114.671875,114.703125,7382.0
2024-09-30 03:00:00+00:00,114.671875,114.703125,114.65625,114.6875,6173.0
2024-09-30 04:00:00+00:00,114.6875,114.6875,114.640625,114.671875,7211.0
2024-09-30 05:00:00+00:00,114.6875,114.71875,114.65625,114.671875,12549.0
2024-09-30 06:00:00+00:00,114.625,114.703125,114.609375,114.703125,32492.0
2024-09-30 07:00:00+00:00,114.578125,114.671875,114.5625,114.625,48144.0
2024-09-30 08:00:00+00:00,114.5,114.578125,114.484375,114.578125,68903.0
2024-09-30 09:00:00+00:00,114.53125,114.53125,114.484375,114.5,35382.0
2024-09-30 10:00:00+00:00,114.546875,114.5625,114.453125,114.53125,41979.0
2024-09-30 11:00:00+00:00,114.515625,114.609375,114.515625,114.53125,46304.0
2024-09-30 12:00:00+00:00,114.421875,114.546875,114.359375,114.515625,162844.0
2024-09-30 13:00:00+00:00,114.59375,114.640625,114.40625,114.4375,222178.0
2024-09-30 14:00:00+00:00,114.484375,114.640625,114.46875,114.59375,134946.0
2024-09-30 15:00:00+00:00,114.4375,114.53125,114.40625,114.484375,142044.0
2024-09-30 16:00:00+00:00,114.5625,114.609375,114.4375,114.46875,113341.0
2024-09-30 17:00:00+00:00,114.53125,114.625,114.5,114.578125,108383.0
2024-09-30 18:00:00+00:00,114.265625,114.5625,114.234375,114.53125,480266.0
2024-09-30 19:00:00+00:00,114.375,114.40625,114.234375,114.28125,401256.0
2024-09-30 20:00:00+00:00,114.390625,114.4375,114.328125,114.375,0.0
2024-09-30 22:00:00+00:00,114.4375,114.4375,114.375,114.390625,13187.0
2024-09-30 23:00:00+00:00,114.4375,114.46875,114.421875,114.4375,6951.0
2024-10-01 00:00:00+00:00,114.5,114.5,114.40625,114.4375,16614.0
2024-10-01 01:00:00+00:00,114.484375,114.5,114.453125,114.5,15857.0
2024-10-01 02:00:00+00:00,114.421875,114.5,114.421875,114.484375,13697.0
2024-10-01 03:00:00+00:00,114.40625,114.453125,114.375,114.4375,13162.0
2024-10-01 04:00:00+00:00,114.40625,114.421875,114.390625,114.390625,4486.0
2024-10-01 05:00:00+00:00,114.40625,114.40625,114.375,114.40625,14464.0
2024-10-01 06:00:00+00:00,114.4375,114.4375,114.34375,114.390625,30504.0
2024-10-01 07:00:00+00:00,114.53125,114.578125,114.4375,114.4375,77559.0
2024-10-01 08:00:00+00:00,114.625,114.625,114.515625,114.515625,56927.0
2024-10-01 09:00:00+00:00,114.640625,114.671875,114.609375,114.609375,51672.0
2024-10-01 10:00:00+00:00,114.65625,114.703125,114.625,114.625,53962.0
2024-10-01 11:00:00+00:00,114.65625,114.703125,114.625,114.65625,70292.0
2024-10-01 12:00:00+00:00,114.65625,114.703125,114.59375,114.640625,138148.0
2024-10-01 13:00:00+00:00,114.890625,114.96875,114.640625,114.671875,458975.0
2024-10-01 14:00:00+00:00,114.859375,115.015625,114.6875,114.890625,397893.0
2024-10-01 15:00:00+00:00,114.875,114.90625,114.75,114.875,220156.0
2024-10-01 16:00:00+00:00,114.875,115.015625,114.84375,114.875,228443.0
2024-10-01 17:00:00+00:00,114.71875,114.96875,114.671875,114.875,196981.0
2024-10-01 18:00:00+00:00,114.6875,114.734375,114.609375,114.71875,168255.0
2024-10-01 19:00:00+00:00,114.71875,114.734375,114.671875,114.671875,133323.0
2024-10-01 20:00:00+00:00,114.75,114.796875,114.6875,114.71875,80490.0
2024-10-01 22:00:00+00:00,114.765625,114.796875,114.71875,114.75,0.0
2024-10-01 23:00:00+00:00,114.75,114.796875,114.75,114.765625,5677.0
2024-10-02 00:00:00+00:00,114.75,114.8125,114.71875,114.75,19522.0
2024-10-02 01:00:00+00:00,114.71875,114.78125,114.71875,114.75,13124.0
2024-10-02 02:00:00+00:00,114.703125,114.734375,114.703125,114.71875,11638.0
2024-10-02 03:00:00+00:00,114.671875,114.734375,114.65625,114.71875,14400.0
2024-10-02 04:00:00+00:00,114.765625,114.796875,114.671875,114.6875,19469.0
2024-10-02 05:00:00+00:00,114.796875,114.8125,114.734375,114.75,29599.0
2024-10-02 06:00:00+00:00,114.734375,114.8125,114.671875,114.796875,25074.0
2024-10-02 07:00:00+00:00,114.59375,114.71875,114.59375,114.71875,60572.0
2024-10-02 08:00:00+00:00,114.5625,114.625,114.546875,114.59375,40298.0
2024-10-02 09:00:00+00:00,114.5625,114.59375,114.546875,114.578125,35086.0
2024-10-02 10:00:00+00:00,114.546875,114.609375,114.546875,114.578125,32890.0
2024-10-02 11:00:00+00:00,114.59375,114.640625,114.546875,114.546875,67365.0
2024-10-02 12:00:00+00:00,114.296875,114.625,114.28125,114.59375,270885.0
2024-10-02 13:00:00+00:00,114.265625,114.34375,114.21875,114.296875,253152.0
2024-10-02 14:00:00+00:00,114.296875,114.375,114.25,114.265625,201354.0
2024-10-02 15:00:00+00:00,114.453125,114.46875,114.296875,114.3125,157452.0
2024-10-02 16:00:00+00:00,114.421875,114.46875,114.375,114.453125,105998.0
2024-10-02 17:00:00+00:00,114.453125,114.5,114.375,114.421875,82254.0
2024-10-02 18:00:00+00:00,114.4375,114.484375,114.40625,114.453125,104821.0
2024-10-02 19:00:00+00:00,114.453125,114.453125,114.390625,114.4375,108686.0
2024-10-02 20:00:00+00:00,114.4375,114.46875,114.390625,114.453125,0.0
2024-10-02 22:00:00+00:00,114.40625,114.453125,114.40625,114.40625,3434.0
2024-10-02 23:00:00+00:00,114.375,114.421875,114.359375,114.40625,6459.0
2024-10-03 00:00:00+00:00,114.359375,114.390625,114.34375,114.390625,17330.0
2024-10-03 01:00:00+00:00,114.359375,114.421875,114.328125,114.34375,26963.0
2024-10-03 02:00:00+00:00,114.390625,114.390625,114.34375,114.359375,6637.0
2024-10-03 03:00:00+00:00,114.375,114.40625,114.359375,114.40625,10124.0
2024-10-03 04:00:00+00:00,114.328125,114.359375,114.3125,114.359375,8479.0
2024-10-03 05:00:00+00:00,114.390625,114.40625,114.3125,114.328125,17523.0
2024-10-03 06:00:00+00:00,114.328125,114.375,114.328125,114.375,20017.0
2024-10-03 07:00:00+00:00,114.3125,114.34375,114.265625,114.328125,80229.0
2024-10-03 08:00:00+00:00,114.28125,114.3125,114.25,114.3125,42081.0
2024-10-03 09:00:00+00:00,114.25,114.28125,114.234375,114.28125,65517.0
2024-10-03 10:00:00+00:00,114.25,114.265625,114.234375,114.265625,37764.0
2024-10-03 11:00:00+00:00,114.265625,114.3125,114.21875,114.25,59837.0
2024-10-03 12:00:00+00:00,114.125,114.3125,114.109375,114.265625,271863.0
2024-10-03 13:00:00+00:00,114.1875,114.234375,114.125,114.125,162944.0
2024-10-03 14:00:00+00:00,114.0625,114.203125,113.9375,114.171875,441584.0
2024-10-03 15:00:00+00:00,114.046875,114.1875,114.046875,114.078125,157124.0
2024-10-03 16:00:00+00:00,114.046875,114.078125,114.015625,114.046875,74458.0
2024-10-03 17:00:00+00:00,114.015625,114.109375,114.0,114.0625,84352.0
2024-10-03 18:00:00+00:00,113.921875,114.03125,113.90625,114.015625,161936.0
2024-10-03 19:00:00+00:00,113.921875,113.984375,113.890625,113.90625,141842.0
2024-10-03 20:00:00+00:00,113.953125,113.96875,113.890625,113.9375,0.0
2024-10-03 22:00:00+00:00,113.984375,113.984375,113.9375,113.9375,8426.0
2024-10-03 23:00:00+00:00,113.953125,114.0,113.953125,113.984375,9492.0
2024-10-04 00:00:00+00:00,113.953125,114.015625,113.953125,113.953125,25710.0
2024-10-04 01:00:00+00:00,114.0,114.015625,113.96875,113.96875,15347.0
2024-10-04 02:00:00+00:00,113.984375,114.015625,113.984375,114.0,7958.0
2024-10-04 03:00:00+00:00,113.953125,114.0,113.9375,113.984375,8921.0
2024-10-04 04:00:00+00:00,113.953125,113.984375,113.9375,113.953125,5868.0
2024-10-04 05:00:00+00:00,113.96875,113.984375,113.9375,113.953125,12114.0
2024-10-04 06:00:00+00:00,113.96875,114.046875,113.96875,113.984375,52422.0
2024-10-04 07:00:00+00:00,113.984375,114.03125,113.9375,113.96875,48113.0
2024-10-04 08:00:00+00:00,113.96875,114.0,113.9375,113.984375,32989.0
2024-10-04 09:00:00+00:00,113.875,113.96875,113.859375,113.96875,70280.0
2024-10-04 10:00:00+00:00,113.84375,113.890625,113.8125,113.875,59895.0
2024-10-04 11:00:00+00:00,113.75,113.84375,113.75,113.84375,82223.0
2024-10-04 12:00:00+00:00,113.140625,113.8125,112.984375,113.765625,748562.0
2024-10-04 13:00:00+00:00,113.1875,113.21875,112.96875,113.15625,444779.0
2024-10-04 14:00:00+00:00,113.0,113.234375,113.0,113.1875,268724.0
2024-10-04 15:00:00+00:00,113.03125,113.09375,112.9375,113.015625,236901.0
2024-10-04 16:00:00+00:00,112.90625,113.078125,112.890625,113.03125,170081.0
2024-10-04 17:00:00+00:00,112.921875,112.984375,112.90625,112.90625,106523.0
2024-10-04 18:00:00+00:00,112.84375,112.9375,112.828125,112.9375,222595.0
2024-10-04 19:00:00+00:00,112.875,112.890625,112.8125,112.828125,133443.0
2024-10-04 20:00:00+00:00,112.921875,112.953125,112.859375,112.890625,74192.0
2024-10-06 22:00:00+00:00,112.75,112.8125,112.6875,112.8125,35385.0
2024-10-06 23:00:00+00:00,112.796875,112.828125,112.734375,112.75,17364.0
2024-10-07 00:00:00+00:00,112.8125,112.84375,112.71875,112.796875,33539.0
2024-10-07 01:00:00+00:00,112.859375,112.890625,112.8125,112.8125,29334.0
2024-10-07 02:00:00+00:00,112.84375,112.890625,112.84375,112.875,19300.0
2024-10-07 03:00:00+00:00,112.875,112.875,112.84375,112.84375,9687.0
2024-10-07 04:00:00+00:00,112.796875,112.875,112.796875,112.859375,13363.0
2024-10-07 05:00:00+00:00,112.796875,112.828125,112.765625,112.796875,19878.0
2024-10-07 06:00:00+00:00,112.71875,112.828125,112.703125,112.796875,55616.0
2024-10-07 07:00:00+00:00,112.65625,112.796875,112.640625,112.734375,82994.0
2024-10-07 08:00:00+00:00,112.5625,112.6875,112.546875,112.65625,92719.0
2024-10-07 09:00:00+00:00,112.625,112.671875,112.515625,112.578125,73353.0
2024-10-07 10:00:00+00:00,112.515625,112.640625,112.5,112.625,89463.0
2024-10-07 11:00:00+00:00,112.59375,112.625,112.484375,112.515625,109468.0
2024-10-07 12:00:00+00:00,112.4375,112.671875,112.4375,112.59375,262037.0
2024-10-07 13:00:00+00:00,112.546875,112.65625,112.421875,112.4375,289728.0
2024-10-07 14:00:00+00:00,112.46875,112.5625,112.4375,112.546875,242972.0
2024-10-07 15:00:00+00:00,112.484375,112.59375,112.484375,112.484375,130877.0
2024-10-07 16:00:00+00:00,112.515625,112.53125,112.4375,112.484375,110158.0
2024-10-07 17:00:00+00:00,112.546875,112.609375,112.53125,112.546875,114979.0
2024-10-07 18:00:00+00:00,112.5,112.59375,112.453125,112.546875,223324.0
2024-10-07 19:00:00+00:00,112.5,112.53125,112.46875,112.484375,178705.0
2024-10-07 20:00:00+00:00,112.484375,112.546875,112.46875,112.5,0.0
2024-10-07 22:00:00+00:00,112.546875,112.578125,112.484375,112.515625,17476.0
2024-10-07 23:00:00+00:00,112.5625,112.5625,112.515625,112.546875,10939.0
2024-10-08 00:00:00+00:00,112.625,112.640625,112.53125,112.5625,33237.0
2024-10-08 01:00:00+00:00,112.640625,112.671875,112.59375,112.625,25170.0
2024-10-08 02:00:00+00:00,112.734375,112.75,112.625,112.640625,30020.0
2024-10-08 03:00:00+00:00,112.671875,112.734375,112.671875,112.734375,8548.0
2024-10-08 04:00:00+00:00,112.6875,112.703125,112.65625,112.6875,8554.0
2024-10-08 05:00:00+00:00,112.71875,112.734375,112.65625,112.6875,14153.0
2024-10-08 06:00:00+00:00,112.671875,112.734375,112.65625,112.71875,37053.0
2024-10-08 07:00:00+00:00,112.640625,112.734375,112.640625,112.671875,60478.0
2024-10-08 08:00:00+00:00,112.609375,112.671875,112.59375,112.640625,37549.0
2024-10-08 09:00:00+00:00,112.59375,112.625,112.546875,112.59375,38022.0
2024-10-08 10:00:00+00:00,112.53125,112.609375,112.5,112.609375,31094.0
2024-10-08 11:00:00+00:00,112.515625,112.546875,112.46875,112.53125,47676.0
2024-10-08 12:00:00+00:00,112.4375,112.53125,112.34375,112.53125,178897.0
2024-10-08 13:00:00+00:00,112.34375,112.4375,112.3125,112.4375,163032.0
2024-10-08 14:00:00+00:00,112.46875,112.484375,112.3125,112.328125,148291.0
2024-10-08 15:00:00+00:00,112.5625,112.578125,112.4375,112.453125,148718.0
2024-10-08 16:00:00+00:00,112.515625,112.5625,112.515625,112.5625,55869.0
2024-10-08 17:00:00+00:00,112.5,112.53125,112.4375,112.53125,82094.0
2024-10-08 18:00:00+00:00,112.453125,112.546875,112.453125,112.515625,159284.0
2024-10-08 19:00:00+00:00,112.5625,112.578125,112.4375,112.453125,144772.0
2024-10-08 20:00:00+00:00,112.59375,112.59375,112.5,112.578125,0.0
2024-10-08 22:00:00+00:00,112.5625,112.59375,112.5625,112.578125,7025.0
2024-10-08 23:00:00+00:00,112.5625,112.59375,112.53125,112.5625,12500.0
2024-10-09 00:00:00+00:00,112.578125,112.609375,112.546875,112.546875,8274.0
2024-10-09 01:00:00+00:00,112.609375,112.640625,112.546875,112.578125,17663.0
2024-10-09 02:00:00+00:00,112.609375,112.65625,112.59375,112.609375,33123.0
2024-10-09 03:00:00+00:00,112.578125,112.625,112.5625,112.625,7674.0
2024-10-09 04:00:00+00:00,112.5625,112.59375,112.5625,112.578125,11613.0
2024-10-09 05:00:00+00:00,112.5,112.5625,112.5,112.5625,18137.0
2024-10-09 06:00:00+00:00,112.578125,112.59375,112.484375,112.515625,38222.0
2024-10-09 07:00:00+00:00,112.53125,112.609375,112.53125,112.59375,44971.0
2024-10-09 08:00:00+00:00,112.515625,112.5625,112.5,112.53125,33228.0
2024-10-09 09:00:00+00:00,112.546875,112.578125,112.515625,112.53125,32696.0
2024-10-09 10:00:00+00:00,112.53125,112.59375,112.515625,112.546875,37808.0
2024-10-09 11:00:00+00:00,112.4375,112.578125,112.4375,112.53125,40400.0
2024-10-09 12:00:00+00:00,112.453125,112.484375,112.390625,112.4375,100983.0
2024-10-09 13:00:00+00:00,112.34375,112.484375,112.328125,112.453125,152650.0
2024-10-09 14:00:00+00:00,112.375,112.421875,112.34375,112.34375,146753.0
2024-10-09 15:00:00+00:00,112.34375,112.390625,112.296875,112.359375,126261.0
2024-10-09 16:00:00+00:00,112.234375,112.34375,112.234375,112.34375,129776.0
2024-10-09 17:00:00+00:00,112.15625,112.265625,112.140625,112.25,151838.0
2024-10-09 18:00:00+00:00,112.203125,112.28125,112.15625,112.15625,178859.0
2024-10-09 19:00:00+00:00,112.21875,112.25,112.171875,112.203125,164072.0
2024-10-09 20:00:00+00:00,112.140625,112.21875,112.109375,112.203125,0.0
2024-10-09 22:00:00+00:00,112.140625,112.15625,112.109375,112.125,10688.0
2024-10-09 23:00:00+00:00,112.15625,112.15625,112.125,112.140625,5822.0
2024-10-10 00:00:00+00:00,112.1875,112.21875,112.15625,112.15625,22607.0
2024-10-10 01:00:00+00:00,112.1875,112.21875,112.171875,112.203125,11025.0
2024-10-10 02:00:00+00:00,112.1875,112.203125,112.15625,112.1875,11215.0
2024-10-10 03:00:00+00:00,112.171875,112.203125,112.15625,112.1875,9097.0
2024-10-10 04:00:00+00:00,112.15625,112.203125,112.140625,112.171875,10950.0
2024-10-10 05:00:00+00:00,112.171875,112.1875,112.125,112.140625,12582.0
2024-10-10 06:00:00+00:00,112.15625,112.203125,112.140625,112.171875,31350.0
2024-10-10 07:00:00+00:00,112.140625,112.1875,112.109375,112.15625,45720.0
2024-10-10 08:00:00+00:00,112.109375,112.140625,112.046875,112.125,49007.0
2024-10-10 09:00:00+00:00,112.109375,112.125,112.078125,112.109375,31926.0
2024-10-10 10:00:00+00:00,112.09375,112.140625,112.078125,112.125,30188.0
2024-10-10 11:00:00+00:00,111.984375,112.09375,111.96875,112.078125,86810.0
2024-10-10 12:00:00+00:00,112.25,112.34375,111.6875,111.96875,619426.0
2024-10-10 13:00:00+00:00,112.140625,112.359375,112.109375,112.265625,295870.0
2024-10-10 14:00:00+00:00,112.046875,112.234375,112.0,112.125,294586.0
2024-10-10 15:00:00+00:00,112.1875,112.21875,111.96875,112.046875,181279.0
2024-10-10 16:00:00+00:00,111.953125,112.265625,111.953125,112.171875,224202.0
2024-10-10 17:00:00+00:00,112.03125,112.0625,111.875,111.96875,248136.0
2024-10-10 18:00:00+00:00,112.078125,112.140625,112.015625,112.03125,155188.0
2024-10-10 19:00:00+00:00,112.21875,112.21875,112.046875,112.078125,119473.0
2024-10-10 20:00:00+00:00,112.28125,112.28125,112.203125,112.21875,0.0
2024-10-10 22:00:00+00:00,112.203125,112.28125,112.1875,112.265625,6767.0
2024-10-10 23:00:00+00:00,112.234375,112.25,112.1875,112.203125,5062.0
2024-10-11 00:00:00+00:00,112.28125,112.296875,112.203125,112.21875,14391.0
2024-10-11 01:00:00+00:00,112.265625,112.296875,112.25,112.28125,11011.0
2024-10-11 02:00:00+00:00,112.234375,112.265625,112.234375,112.265625,4933.0
2024-10-11 03:00:00+00:00,112.28125,112.28125,112.234375,112.234375,5991.0
2024-10-11 04:00:00+00:00,112.25,112.28125,112.234375,112.265625,6471.0
2024-10-11 05:00:00+00:00,112.234375,112.25,112.21875,112.25,18752.0
2024-10-11 06:00:00+00:00,112.25,112.265625,112.171875,112.21875,37457.0
2024-10-11 07:00:00+00:00,112.15625,112.25,112.140625,112.234375,30068.0
2024-10-11 08:00:00+00:00,112.171875,112.203125,112.15599822998047,112.15625,32705.0
2024-10-11 09:00:00+00:00,112.09375,112.1875,112.0625,112.171875,37043.0
2024-10-11 10:00:00+00:00,112.078125,112.109375,112.046875,112.09375,30145.0
2024-10-11 11:00:00+00:00,112.046875,112.078125,112.015625,112.0625,47689.0
2024-10-11 12:00:00+00:00,112.09375,112.21875,111.953125,112.03125,292094.0
2024-10-11 13:00:00+00:00,112.109375,112.15625,112.015625,112.09375,156715.0
2024-10-11 14:00:00+00:00,112.125,112.1875,112.015625,112.09375,118124.0
2024-10-11 15:00:00+00:00,112.203125,112.28125,112.125,112.125,100561.0
2024-10-11 16:00:00+00:00,112.296875,112.296875,112.203125,112.203125,68520.0
2024-10-11 17:00:00+00:00,112.265625,112.3125,112.203125,112.28125,68852.0
2024-10-11 18:00:00+00:00,112.25,112.28125,112.21875,112.265625,113337.0
2024-10-11 19:00:00+00:00,112.1875,112.265625,112.15625,112.25,127330.0
2024-10-11 20:00:00+00:00,112.078125,112.203125,112.046875,112.1875,66131.0
2024-10-13 22:00:00+00:00,112.03125,112.09375,112.0,112.09375,10925.0
2024-10-13 23:00:00+00:00,112.046875,112.0625,112.03125,112.046875,3723.0
2024-10-14 00:00:00+00:00,112.078125,112.078125,112.015625,112.046875,5845.0
2024-10-14 01:00:00+00:00,112.0625,112.09375,112.0625,112.078125,5683.0
2024-10-14 02:00:00+00:00,112.0625,112.09375,112.046875,112.078125,5986.0
2024-10-14 03:00:00+00:00,112.03125,112.0625,112.015625,112.046875,6333.0
2024-10-14 04:00:00+00:00,112.03125,112.046875,112.015625,112.046875,2347.0
2024-10-14 05:00:00+00:00,112.0625,112.078125,112.03125,112.046875,8523.0
2024-10-14 06:00:00+00:00,112.109375,112.109375,112.046875,112.046875,17741.0
2024-10-14 07:00:00+00:00,112.0625,112.125,112.0625,112.109375,19709.0
2024-10-14 08:00:00+00:00,112.03125,112.078125,112.0,112.0625,23998.0
2024-10-14 09:00:00+00:00,111.953125,112.046875,111.9375,112.046875,35327.0
2024-10-14 10:00:00+00:00,111.921875,111.984375,111.90625,111.953125,20912.0
2024-10-14 11:00:00+00:00,111.90625,111.9375,111.890625,111.921875,29259.0
2024-10-14 12:00:00+00:00,111.8125,111.921875,111.765625,111.90625,88204.0
2024-10-14 13:00:00+00:00,111.734375,111.828125,111.734375,111.8125,75203.0
2024-10-14 14:00:00+00:00,111.859375,111.859375,111.71875,111.734375,61036.0
2024-10-14 15:00:00+00:00,111.84375,111.875,111.796875,111.84375,37569.0
2024-10-14 16:00:00+00:00,111.8125,111.859375,111.8125,111.84375,16636.0
2024-10-14 17:00:00+00:00,111.84375,111.859375,111.8125,111.8125,13871.0
2024-10-14 18:00:00+00:00,111.859375,111.890625,111.828125,111.84375,52435.0
2024-10-14 19:00:00+00:00,112.0,112.0,111.78125,111.859375,125281.0
2024-10-14 20:00:00+00:00,111.984375,112.015625,111.953125,112.0,0.0
2024-10-14 22:00:00+00:00,112.0,112.015625,111.96875,112.0,5962.0
2024-10-14 23:00:00+00:00,112.03125,112.0625,111.96875,111.984375,10951.0
2024-10-15 00:00:00+00:00,112.109375,112.109375,112.0,112.03125,20094.0
2024-10-15 01:00:00+00:00,112.125,112.140625,112.09375,112.09375,18370.0
2024-10-15 02:00:00+00:00,112.09375,112.140625,112.09375,112.125,7377.0
2024-10-15 03:00:00+00:00,112.09375,112.125,112.078125,112.109375,7561.0
2024-10-15 04:00:00+00:00,112.0625,112.109375,112.046875,112.109375,12308.0
2024-10-15 05:00:00+00:00,112.0625,112.09375,112.046875,112.078125,12251.0
2024-10-15 06:00:00+00:00,112.09375,112.125,112.046875,112.046875,30527.0
2024-10-15 07:00:00+00:00,112.140625,112.171875,112.09375,112.09375,64244.0
2024-10-15 08:00:00+00:00,112.171875,112.203125,112.125,112.140625,56060.0
2024-10-15 09:00:00+00:00,112.234375,112.265625,112.15625,112.15625,56461.0
2024-10-15 10:00:00+00:00,112.21875,112.265625,112.21875,112.234375,44306.0
2024-10-15 11:00:00+00:00,112.203125,112.234375,112.15625,112.234375,52403.0
2024-10-15 12:00:00+00:00,112.375,112.40625,112.140625,112.203125,249730.0
2024-10-15 13:00:00+00:00,112.359375,112.421875,112.3125,112.375,177403.0
2024-10-15 14:00:00+00:00,112.375,112.46875,112.296875,112.34375,193310.0
2024-10-15 15:00:00+00:00,112.453125,112.453125,112.34375,112.375,152978.0
2024-10-15 16:00:00+00:00,112.390625,112.453125,112.34375,112.453125,105620.0
2024-10-15 17:00:00+00:00,112.375,112.40625,112.34375,112.375,60771.0
2024-10-15 18:00:00+00:00,112.421875,112.46875,112.359375,112.375,107774.0
2024-10-15 19:00:00+00:00,112.4375,112.484375,112.40625,112.421875,126842.0
2024-10-15 20:00:00+00:00,112.4375,112.484375,112.40625,112.4375,0.0
2024-10-15 22:00:00+00:00,112.4375,112.453125,112.40625,112.4375,7040.0
2024-10-15 23:00:00+00:00,112.421875,112.453125,112.421875,112.4375,5134.0
2024-10-16 00:00:00+00:00,112.40625,112.46875,112.40625,112.4375,19265.0
2024-10-16 01:00:00+00:00,112.453125,112.484375,112.40625,112.40625,11689.0
2024-10-16 02:00:00+00:00,112.453125,112.484375,112.4375,112.46875,13259.0
2024-10-16 03:00:00+00:00,112.421875,112.4375,112.40625,112.4375,6896.0
2024-10-16 04:00:00+00:00,112.40625,112.4375,112.40625,112.421875,2079.0
2024-10-16 05:00:00+00:00,112.46875,112.46875,112.40625,112.40625,5379.0
2024-10-16 06:00:00+00:00,112.578125,112.625,112.46875,112.46875,65818.0
2024-10-16 07:00:00+00:00,112.546875,112.609375,112.5,112.578125,66307.0
2024-10-16 08:00:00+00:00,112.578125,112.59375,112.515625,112.546875,26961.0
2024-10-16 09:00:00+00:00,112.625,112.625,112.5625,112.578125,34525.0
2024-10-16 10:00:00+00:00,112.546875,112.625,112.546875,112.625,42782.0
2024-10-16 11:00:00+00:00,112.640625,112.640625,112.546875,112.5625,49282.0
2024-10-16 12:00:00+00:00,112.515625,112.65625,112.453125,112.640625,159471.0
2024-10-16 13:00:00+00:00,112.625,112.640625,112.484375,112.5,172298.0
2024-10-16 14:00:00+00:00,112.59375,112.640625,112.546875,112.609375,131508.0
2024-10-16 15:00:00+00:00,112.578125,112.6875,112.546875,112.59375,166966.0
2024-10-16 16:00:00+00:00,112.5625,112.578125,112.546875,112.5625,82772.0
2024-10-16 17:00:00+00:00,112.5625,112.578125,112.5,112.546875,67313.0
2024-10-16 18:00:00+00:00,112.53125,112.578125,112.53125,112.546875,134253.0
2024-10-16 19:00:00+00:00,112.5625,112.5625,112.515625,112.53125,110551.0
2024-10-16 20:00:00+00:00,112.546875,112.578125,112.515625,112.546875,0.0
2024-10-16 22:00:00+00:00,112.53125,112.5625,112.5,112.546875,6964.0
2024-10-16 23:00:00+00:00,112.5,112.53125,112.484375,112.515625,4103.0
2024-10-17 00:00:00+00:00,112.421875,112.53125,112.421875,112.5,21589.0
2024-10-17 01:00:00+00:00,112.453125,112.46875,112.421875,112.4375,9194.0
2024-10-17 02:00:00+00:00,112.46875,112.484375,112.421875,112.453125,10367.0
2024-10-17 03:00:00+00:00,112.4375,112.484375,112.4375,112.453125,23232.0
2024-10-17 04:00:00+00:00,112.40625,112.453125,112.40625,112.4375,5102.0
2024-10-17 05:00:00+00:00,112.421875,112.421875,112.390625,112.40625,11420.0
2024-10-17 06:00:00+00:00,112.40625,112.4375,112.375,112.421875,24356.0
2024-10-17 07:00:00+00:00,112.390625,112.4375,112.34375,112.40625,47331.0
2024-10-17 08:00:00+00:00,112.40625,112.40625,112.34375,112.390625,49212.0
2024-10-17 09:00:00+00:00,112.40625,112.421875,112.359375,112.40625,28507.0
2024-10-17 10:00:00+00:00,112.4375,112.453125,112.390625,112.40625,20688.0
2024-10-17 11:00:00+00:00,112.390625,112.453125,112.390625,112.421875,45244.0
2024-10-17 12:00:00+00:00,112.1875,112.46875,112.078125,112.40625,402290.0
2024-10-17 13:00:00+00:00,112.09375,112.203125,112.046875,112.203125,287752.0
2024-10-17 14:00:00+00:00,112.078125,112.109375,112.03125,112.09375,202150.0
2024-10-17 15:00:00+00:00,112.078125,112.109375,112.015625,112.0625,117948.0
2024-10-17 16:00:00+00:00,112.046875,112.09375,112.0,112.078125,109964.0
2024-10-17 17:00:00+00:00,112.046875,112.09375,112.03125,112.0625,67596.0
2024-10-17 18:00:00+00:00,112.0625,112.09375,112.03125,112.046875,98536.0
2024-10-17 19:00:00+00:00,112.09375,112.125,112.046875,112.0625,114469.0
2024-10-17 20:00:00+00:00,112.09375,112.109375,112.03125,112.109375,0.0
2024-10-17 22:00:00+00:00,112.09375,112.125,112.09375,112.109375,5715.0
2024-10-17 23:00:00+00:00,112.078125,112.09375,112.046875,112.078125,8887.0
2024-10-18 00:00:00+00:00,112.09375,112.140625,112.078125,112.078125,13960.0
2024-10-18 01:00:00+00:00,112.109375,112.125,112.078125,112.09375,15211.0
2024-10-18 02:00:00+00:00,112.078125,112.09375,112.0625,112.09375,15335.0
2024-10-18 03:00:00+00:00,112.09375,112.109375,112.0625,112.078125,8115.0
2024-10-18 04:00:00+00:00,112.078125,112.09375,112.0625,112.078125,4455.0
2024-10-18 05:00:00+00:00,112.0625,112.09375,112.046875,112.078125,8304.0
2024-10-18 06:00:00+00:00,111.953125,112.078125,111.921875,112.0625,52833.0
2024-10-18 07:00:00+00:00,111.953125,112.0,111.921875,111.96875,68709.0
2024-10-18 08:00:00+00:00,112.0,112.03125,111.953125,111.953125,41972.0
2024-10-18 09:00:00+00:00,112.0625,112.078125,111.984375,112.0,39306.0
2024-10-18 10:00:00+00:00,112.0625,112.09375,112.046875,112.046875,36294.0
2024-10-18 11:00:00+00:00,111.96875,112.078125,111.953125,112.0625,66248.0
2024-10-18 12:00:00+00:00,112.15625,112.21875,111.96875,111.984375,206110.0
2024-10-18 13:00:00+00:00,112.234375,112.296875,112.140625,112.171875,192275.0
2024-10-18 14:00:00+00:00,112.25,112.265625,112.1875,112.234375,116137.0
2024-10-18 15:00:00+00:00,112.203125,112.265625,112.1875,112.234375,96536.0
2024-10-18 16:00:00+00:00,112.265625,112.265625,112.171875,112.21875,83326.0
2024-10-18 17:00:00+00:00,112.1875,112.265625,112.140625,112.265625,88484.0
2024-10-18 18:00:00+00:00,112.203125,112.25,112.171875,112.171875,110438.0
2024-10-18 19:00:00+00:00,112.203125,112.25,112.1875,112.203125,98339.0
2024-10-18 20:00:00+00:00,112.1875,112.234375,112.171875,112.21875,54548.0
2024-10-20 22:00:00+00:00,112.109375,112.1875,112.09375,112.171875,15908.0
2024-10-20 23:00:00+00:00,112.09375,112.125,112.078125,112.109375,9156.0
2024-10-21 00:00:00+00:00,112.140625,112.140625,112.09375,112.09375,11872.0
2024-10-21 01:00:00+00:00,112.1875,112.1875,112.09375,112.140625,13714.0
2024-10-21 02:00:00+00:00,112.1875,112.203125,112.15625,112.171875,4353.0
2024-10-21 03:00:00+00:00,112.1875,112.203125,112.171875,112.1875,3907.0
2024-10-21 04:00:00+00:00,112.1875,112.203125,112.171875,112.1875,5841.0
2024-10-21 05:00:00+00:00,112.1875,112.21875,112.171875,112.1875,7061.0
2024-10-21 06:00:00+00:00,112.15625,112.21875,112.140625,112.1875,19274.0
2024-10-21 07:00:00+00:00,112.09375,112.171875,112.078125,112.171875,35309.0
2024-10-21 08:00:00+00:00,111.9375,112.109375,111.9375,112.09375,59465.0
2024-10-21 09:00:00+00:00,111.90625,112.0,111.890625,111.953125,63499.0
2024-10-21 10:00:00+00:00,111.859375,111.921875,111.8125,111.90625,57277.0
2024-10-21 11:00:00+00:00,111.828125,111.875,111.796875,111.875,50959.0
2024-10-21 12:00:00+00:00,111.828125,111.921875,111.78125,111.828125,182333.0
2024-10-21 13:00:00+00:00,111.734375,111.875,111.71875,111.828125,196345.0
2024-10-21 14:00:00+00:00,111.671875,111.78125,111.65625,111.734375,211601.0
2024-10-21 15:00:00+00:00,111.59375,111.6875,111.5625,111.671875,261331.0
2024-10-21 16:00:00+00:00,111.546875,111.59375,111.53125,111.59375,114209.0
2024-10-21 17:00:00+00:00,111.5625,111.59375,111.515625,111.5625,112385.0
2024-10-21 18:00:00+00:00,111.53125,111.59375,111.5,111.5625,187075.0
2024-10-21 19:00:00+00:00,111.515625,111.5625,111.484375,111.546875,148099.0
2024-10-21 20:00:00+00:00,111.4375,111.515625,111.4375,111.515625,0.0
2024-10-21 22:00:00+00:00,111.5,111.5,111.421875,111.4375,15741.0
2024-10-21 23:00:00+00:00,111.46875,111.5,111.46875,111.5,11407.0
2024-10-22 00:00:00+00:00,111.484375,111.5,111.453125,111.46875,17765.0
2024-10-22 01:00:00+00:00,111.5,111.515625,111.484375,111.484375,18576.0
2024-10-22 02:00:00+00:00,111.40625,111.5,111.390625,111.5,23509.0
2024-10-22 03:00:00+00:00,111.390625,111.4375,111.34375,111.40625,39207.0
2024-10-22 04:00:00+00:00,111.34375,111.390625,111.328125,111.375,43008.0
2024-10-22 05:00:00+00:00,111.296875,111.34375,111.28125,111.34375,33188.0
2024-10-22 06:00:00+00:00,111.296875,111.375,111.296875,111.296875,36319.0
2024-10-22 07:00:00+00:00,111.34375,111.375,111.28125,111.296875,72797.0
2024-10-22 08:00:00+00:00,111.34375,111.390625,111.3125,111.34375,71650.0
2024-10-22 09:00:00+00:00,111.359375,111.390625,111.3125,111.34375,35655.0
2024-10-22 10:00:00+00:00,111.359375,111.40625,111.328125,111.34375,58486.0
2024-10-22 11:00:00+00:00,111.375,111.421875,111.3125,111.359375,75932.0
2024-10-22 12:00:00+00:00,111.46875,111.53125,111.375,111.375,193271.0
2024-10-22 13:00:00+00:00,111.5,111.640625,111.46875,111.46875,260713.0
2024-10-22 14:00:00+00:00,111.4375,111.53125,111.390625,111.515625,192016.0
2024-10-22 15:00:00+00:00,111.3125,111.453125,111.296875,111.4375,201286.0
2024-10-22 16:00:00+00:00,111.359375,111.375,111.28125,111.328125,123221.0
2024-10-22 17:00:00+00:00,111.40625,111.4375,111.328125,111.375,167516.0
2024-10-22 18:00:00+00:00,111.328125,111.453125,111.328125,111.421875,185998.0
2024-10-22 19:00:00+00:00,111.359375,111.390625,111.328125,111.328125,185682.0
2024-10-22 20:00:00+00:00,111.3125,111.375,111.3125,111.375,0.0
2024-10-22 22:00:00+00:00,111.328125,111.359375,111.296875,111.296875,7433.0
2024-10-22 23:00:00+00:00,111.3125,111.359375,111.3125,111.34375,7772.0
2024-10-23 00:00:00+00:00,111.265625,111.3125,111.234375,111.3125,15985.0
2024-10-23 01:00:00+00:00,111.234375,111.265625,111.203125,111.25,21312.0
2024-10-23 02:00:00+00:00,111.15625,111.25,111.15625,111.234375,12868.0
2024-10-23 03:00:00+00:00,111.171875,111.203125,111.15625,111.171875,13149.0
2024-10-23 04:00:00+00:00,111.15625,111.1875,111.15625,111.1875,9191.0
2024-10-23 05:00:00+00:00,111.125,111.171875,111.109375,111.15625,27037.0
2024-10-23 06:00:00+00:00,111.1875,111.21875,111.125,111.125,38966.0
2024-10-23 07:00:00+00:00,111.21875,111.21875,111.171875,111.203125,37042.0
2024-10-23 08:00:00+00:00,111.15625,111.234375,111.140625,111.203125,42687.0
2024-10-23 09:00:00+00:00,111.171875,111.1875,111.109375,111.15625,34334.0
2024-10-23 10:00:00+00:00,111.21875,111.234375,111.171875,111.171875,43688.0
2024-10-23 11:00:00+00:00,111.140625,111.25,111.125,111.203125,74896.0
2024-10-23 12:00:00+00:00,111.09375,111.203125,111.046875,111.140625,167298.0
2024-10-23 13:00:00+00:00,110.96875,111.140625,110.96875,111.109375,235724.0
2024-10-23 14:00:00+00:00,111.015625,111.09375,110.953125,110.984375,204561.0
2024-10-23 15:00:00+00:00,111.15625,111.1875,111.0,111.015625,150584.0
2024-10-23 16:00:00+00:00,111.140625,111.171875,111.109375,111.15625,101080.0
2024-10-23 17:00:00+00:00,110.984375,111.171875,110.953125,111.140625,147856.0
2024-10-23 18:00:00+00:00,111.03125,111.09375,110.984375,110.984375,159411.0
2024-10-23 19:00:00+00:00,111.09375,111.125,111.03125,111.03125,128640.0
2024-10-23 20:00:00+00:00,111.0,111.109375,111.0,111.09375,0.0
2024-10-23 22:00:00+00:00,110.984375,111.03125,110.96875,111.015625,6674.0
2024-10-23 23:00:00+00:00,111.0,111.015625,110.984375,111.0,6818.0
2024-10-24 00:00:00+00:00,111.109375,111.125,111.0,111.0,29156.0
2024-10-24 01:00:00+00:00,111.140625,111.15625,111.09375,111.109375,16525.0
2024-10-24 02:00:00+00:00,111.171875,111.1875,111.140625,111.140625,17747.0
2024-10-24 03:00:00+00:00,111.140625,111.1875,111.125,111.171875,8380.0
2024-10-24 04:00:00+00:00,111.1875,111.21875,111.140625,111.140625,12886.0
2024-10-24 05:00:00+00:00,111.203125,111.234375,111.1875,111.1875,9870.0
2024-10-24 06:00:00+00:00,111.265625,111.265625,111.171875,111.203125,48412.0
2024-10-24 07:00:00+00:00,111.328125,111.359375,111.203125,111.265625,126333.0
2024-10-24 08:00:00+00:00,111.3125,111.375,111.28125,111.3125,58976.0
2024-10-24 09:00:00+00:00,111.328125,111.390625,111.296875,111.3125,46035.0
2024-10-24 10:00:00+00:00,111.359375,111.40625,111.3280029296875,111.328125,33704.0
2024-10-24 11:00:00+00:00,111.390625,111.390625,111.328125,111.375,57301.0
2024-10-24 12:00:00+00:00,111.21875,111.390625,111.15625,111.375,235006.0
2024-10-24 13:00:00+00:00,111.140625,111.265625,111.015625,111.203125,201909.0
2024-10-24 14:00:00+00:00,111.3125,111.34375,111.109375,111.15625,262122.0
2024-10-24 15:00:00+00:00,111.296875,111.421875,111.28125,111.3125,152839.0
2024-10-24 16:00:00+00:00,111.34375,111.359375,111.265625,111.28125,71877.0
2024-10-24 17:00:00+00:00,111.390625,111.421875,111.296875,111.328125,98578.0
2024-10-24 18:00:00+00:00,111.265625,111.390625,111.265625,111.390625,173358.0
2024-10-24 19:00:00+00:00,111.25,111.296875,111.21875,111.265625,107921.0
2024-10-24 20:00:00+00:00,111.171875,111.265625,111.171875,111.265625,0.0
2024-10-24 22:00:00+00:00,111.25,111.265625,111.1875,111.203125,5452.0
2024-10-24 23:00:00+00:00,111.234375,111.25,111.203125,111.25,5641.0
2024-10-25 00:00:00+00:00,111.3125,111.3125,111.234375,111.234375,15195.0
2024-10-25 01:00:00+00:00,111.296875,111.328125,111.28125,111.3125,9806.0
2024-10-25 02:00:00+00:00,111.28125,111.3125,111.28125,111.296875,8583.0
2024-10-25 03:00:00+00:00,111.3125,111.34375,111.28125,111.28125,10449.0
2024-10-25 04:00:00+00:00,111.328125,111.34375,111.3125,111.328125,3178.0
2024-10-25 05:00:00+00:00,111.40625,111.4375,111.328125,111.328125,26710.0
2024-10-25 06:00:00+00:00,111.390625,111.4375,111.34375,111.40625,27875.0
2024-10-25 07:00:00+00:00,111.390625,111.40625,111.328125,111.390625,45165.0
2024-10-25 08:00:00+00:00,111.28125,111.390625,111.265625,111.390625,52070.0
2024-10-25 09:00:00+00:00,111.296875,111.296875,111.25,111.265625,26362.0
2024-10-25 10:00:00+00:00,111.296875,111.2969970703125,111.25,111.28125,27192.0
2024-10-25 11:00:00+00:00,111.34375,111.390625,111.265625,111.296875,67867.0
2024-10-25 12:00:00+00:00,111.375,111.421875,111.203125,111.328125,168606.0
2024-10-25 13:00:00+00:00,111.359375,111.4375,111.34375,111.375,146907.0
2024-10-25 14:00:00+00:00,111.234375,111.40625,111.203125,111.375,214982.0
2024-10-25 15:00:00+00:00,111.1875,111.328125,111.171875,111.21875,164158.0
2024-10-25 16:00:00+00:00,111.203125,111.234375,111.15625,111.203125,70049.0
2024-10-25 17:00:00+00:00,111.15625,111.203125,111.140625,111.203125,56644.0
2024-10-25 18:00:00+00:00,111.046875,111.171875,111.046875,111.15625,243521.0
2024-10-25 19:00:00+00:00,111.015625,111.0625,110.921875,111.046875,305084.0
2024-10-25 20:00:00+00:00,110.984375,111.03125,110.96875,111.015625,109694.0
2024-10-27 22:00:00+00:00,110.8125,110.953125,110.578125,110.953125,53790.0
2024-10-27 23:00:00+00:00,110.8125,110.859375,110.765625,110.796875,19496.0
2024-10-28 00:00:00+00:00,110.75,110.828125,110.6875,110.828125,48812.0
2024-10-28 01:00:00+00:00,110.734375,110.796875,110.71875,110.75,15997.0
2024-10-28 02:00:00+00:00,110.75,110.765625,110.703125,110.734375,14645.0
2024-10-28 03:00:00+00:00,110.78125,110.78125,110.75,110.75,10155.0
2024-10-28 04:00:00+00:00,110.765625,110.8125,110.765625,110.78125,8390.0
2024-10-28 05:00:00+00:00,110.75,110.78125,110.734375,110.765625,15743.0
2024-10-28 06:00:00+00:00,110.65625,110.765625,110.640625,110.765625,32508.0
2024-10-28 07:00:00+00:00,110.6875,110.75,110.640625,110.65625,48820.0
2024-10-28 08:00:00+00:00,110.75,110.75,110.671875,110.703125,56834.0
2024-10-28 09:00:00+00:00,110.796875,110.8125,110.71875,110.75,43993.0
2024-10-28 10:00:00+00:00,110.890625,110.90625,110.8125,110.8125,60791.0
2024-10-28 11:00:00+00:00,110.875,110.921875,110.859375,110.890625,69076.0
2024-10-28 12:00:00+00:00,110.984375,111.0,110.84375,110.890625,141613.0
2024-10-28 13:00:00+00:00,110.9375,111.0625,110.9375,111.0,153710.0
2024-10-28 14:00:00+00:00,110.84375,110.953125,110.84375,110.9375,135660.0
2024-10-28 15:00:00+00:00,110.625,110.859375,110.625,110.84375,204449.0
2024-10-28 16:00:00+00:00,110.65625,110.6875,110.59375,110.609375,151488.0
2024-10-28 17:00:00+00:00,110.65625,110.6875,110.578125,110.640625,163748.0
2024-10-28 18:00:00+00:00,110.703125,110.75,110.625,110.671875,236621.0
2024-10-28 19:00:00+00:00,110.765625,110.78125,110.703125,110.703125,145190.0
2024-10-28 20:00:00+00:00,110.671875,110.765625,110.65625,110.765625,0.0
2024-10-28 22:00:00+00:00,110.71875,110.71875,110.671875,110.671875,5405.0
2024-10-28 23:00:00+00:00,110.78125,110.78125,110.703125,110.734375,11068.0
2024-10-29 00:00:00+00:00,110.78125,110.796875,110.765625,110.78125,13728.0
2024-10-29 01:00:00+00:00,110.78125,110.8125,110.734375,110.78125,13437.0
2024-10-29 02:00:00+00:00,110.75,110.78125,110.734375,110.78125,6736.0
2024-10-29 03:00:00+00:00,110.75,110.765625,110.71875,110.75,10488.0
2024-10-29 04:00:00+00:00,110.75,110.75,110.703125,110.75,6007.0
2024-10-29 05:00:00+00:00,110.75,110.78125,110.734375,110.75,5326.0
2024-10-29 06:00:00+00:00,110.78125,110.8125,110.734375,110.75,16570.0
2024-10-29 07:00:00+00:00,110.734375,110.78125,110.671875,110.78125,27251.0
2024-10-29 08:00:00+00:00,110.53125,110.734375,110.515625,110.734375,96137.0
2024-10-29 09:00:00+00:00,110.5625,110.578125,110.484375,110.53125,72651.0
2024-10-29 10:00:00+00:00,110.609375,110.609375,110.53125,110.5625,41232.0
2024-10-29 11:00:00+00:00,110.546875,110.625,110.53125,110.59375,75623.0
2024-10-29 12:00:00+00:00,110.375,110.578125,110.375,110.53125,213076.0
2024-10-29 13:00:00+00:00,110.390625,110.4375,110.296875,110.390625,210818.0
2024-10-29 14:00:00+00:00,110.5,110.71875,110.40625,110.40625,378012.0
2024-10-29 15:00:00+00:00,110.453125,110.5,110.3125,110.484375,211669.0
2024-10-29 16:00:00+00:00,110.40625,110.46875,110.34375,110.4375,158551.0
2024-10-29 17:00:00+00:00,110.65625,110.65625,110.390625,110.421875,237323.0
2024-10-29 18:00:00+00:00,110.75,110.765625,110.640625,110.65625,186108.0
2024-10-29 19:00:00+00:00,110.796875,110.8125,110.703125,110.75,155590.0
2024-10-29 20:00:00+00:00,110.890625,110.90625,110.78125,110.8125,0.0
2024-10-29 22:00:00+00:00,110.890625,110.9375,110.859375,110.875,9164.0
2024-10-29 23:00:00+00:00,110.90625,110.9375,110.890625,110.90625,11141.0
2024-10-30 00:00:00+00:00,110.921875,110.953125,110.875,110.90625,24652.0
2024-10-30 01:00:00+00:00,110.953125,111.0,110.90625,110.90625,19061.0
2024-10-30 02:00:00+00:00,110.90625,110.96875,110.90625,110.953125,17268.0
2024-10-30 03:00:00+00:00,110.9375,110.9375,110.890625,110.90625,15265.0
2024-10-30 04:00:00+00:00,110.890625,110.953125,110.890625,110.9375,14799.0
2024-10-30 05:00:00+00:00,110.953125,110.96875,110.890625,110.890625,12210.0
2024-10-30 06:00:00+00:00,110.953125,110.984375,110.90625,110.9375,23853.0
2024-10-30 07:00:00+00:00,110.921875,110.96875,110.90625,110.96875,47071.0
2024-10-30 08:00:00+00:00,111.078125,111.109375,110.90625,110.921875,87350.0
2024-10-30 09:00:00+00:00,111.09375,111.09375,110.953125,111.078125,128381.0
2024-10-30 10:00:00+00:00,111.078125,111.125,111.046875,111.078125,84847.0
2024-10-30 11:00:00+00:00,111.03125,111.125,110.984375,111.078125,93800.0
2024-10-30 12:00:00+00:00,110.8125,111.046875,110.6875,111.03125,361005.0
2024-10-30 13:00:00+00:00,111.140625,111.203125,110.78125,110.8125,327459.0
2024-10-30 14:00:00+00:00,110.84375,111.15625,110.78125,111.140625,321267.0
2024-10-30 15:00:00+00:00,110.75,110.84375,110.640625,110.84375,263876.0
2024-10-30 16:00:00+00:00,110.8125,110.890625,110.75,110.75,142775.0
2024-10-30 17:00:00+00:00,110.734375,110.828125,110.71875,110.796875,112802.0
2024-10-30 18:00:00+00:00,110.703125,110.796875,110.6875,110.734375,145741.0
2024-10-30 19:00:00+00:00,110.59375,110.703125,110.53125,110.6875,238608.0
2024-10-30 20:00:00+00:00,110.4375,110.609375,110.421875,110.578125,0.0
2024-10-30 22:00:00+00:00,110.5,110.515625,110.4375,110.453125,12904.0
2024-10-30 23:00:00+00:00,110.484375,110.515625,110.46875,110.5,7254.0
2024-10-31 00:00:00+00:00,110.453125,110.53125,110.4375,110.484375,19557.0
2024-10-31 01:00:00+00:00,110.515625,110.546875,110.453125,110.453125,14955.0
2024-10-31 02:00:00+00:00,110.515625,110.53125,110.46875,110.53125,12367.0
2024-10-31 03:00:00+00:00,110.53125,110.546875,110.484375,110.515625,28332.0
2024-10-31 04:00:00+00:00,110.53125,110.546875,110.515625,110.53125,8094.0
2024-10-31 05:00:00+00:00,110.5625,110.578125,110.53125,110.53125,11723.0
2024-10-31 06:00:00+00:00,110.578125,110.578125,110.53125,110.578125,14759.0
2024-10-31 07:00:00+00:00,110.578125,110.59375,110.484375,110.578125,60056.0
2024-10-31 08:00:00+00:00,110.53125,110.609375,110.515625,110.5625,74534.0
2024-10-31 09:00:00+00:00,110.484375,110.546875,110.390625,110.515625,62962.0
2024-10-31 10:00:00+00:00,110.609375,110.625,110.484375,110.5,65239.0
2024-10-31 11:00:00+00:00,110.5,110.609375,110.453125,110.609375,90548.0
2024-10-31 12:00:00+00:00,110.453125,110.5625,110.328125,110.5,351386.0
2024-10-31 13:00:00+00:00,110.25,110.484375,110.1875,110.453125,338637.0
2024-10-31 14:00:00+00:00,110.25,110.359375,110.140625,110.25,295182.0
2024-10-31 15:00:00+00:00,110.4375,110.453125,110.1875,110.25,236909.0
2024-10-31 16:00:00+00:00,110.484375,110.546875,110.421875,110.4375,199893.0
2024-10-31 17:00:00+00:00,110.546875,110.625,110.484375,110.484375,169281.0
2024-10-31 18:00:00+00:00,110.453125,110.625,110.453125,110.53125,311773.0
2024-10-31 19:00:00+00:00,110.46875,110.546875,110.375,110.453125,621226.0
2024-10-31 20:00:00+00:00,110.421875,110.53125,110.421875,110.484375,0.0
2024-10-31 22:00:00+00:00,110.4375,110.46875,110.421875,110.421875,5155.0
2024-10-31 23:00:00+00:00,110.375,110.46875,110.375,110.4375,9434.0
2024-11-01 00:00:00+00:00,110.453125,110.453125,110.375,110.390625,13095.0
2024-11-01 01:00:00+00:00,110.484375,110.5,110.40625,110.453125,16621.0
2024-11-01 02:00:00+00:00,110.453125,110.5,110.421875,110.484375,11524.0
2024-11-01 03:00:00+00:00,110.46875,110.46875,110.4375,110.453125,10737.0
2024-11-01 04:00:00+00:00,110.453125,110.484375,110.453125,110.46875,10390.0
2024-11-01 05:00:00+00:00,110.5,110.515625,110.453125,110.453125,15725.0
2024-11-01 06:00:00+00:00,110.515625,110.53125,110.484375,110.5,17787.0
2024-11-01 07:00:00+00:00,110.40625,110.515625,110.390625,110.515625,32535.0
2024-11-01 08:00:00+00:00,110.34375,110.421875,110.296875,110.40625,58188.0
2024-11-01 09:00:00+00:00,110.34375,110.390625,110.3125,110.359375,49591.0
2024-11-01 10:00:00+00:00,110.34375,110.375,110.3125,110.328125,72209.0
2024-11-01 11:00:00+00:00,110.375,110.4375,110.296875,110.359375,104046.0
2024-11-01 12:00:00+00:00,110.859375,110.9375,110.0,110.375,571110.0
2024-11-01 13:00:00+00:00,110.515625,110.875,110.5,110.859375,415275.0
2024-11-01 14:00:00+00:00,110.25,110.671875,110.203125,110.53125,426896.0
2024-11-01 15:00:00+00:00,110.109375,110.28125,110.0625,110.234375,299951.0
2024-11-01 16:00:00+00:00,110.15625,110.234375,110.09375,110.109375,162909.0
2024-11-01 17:00:00+00:00,110.078125,110.203125,109.984375,110.15625,131332.0
2024-11-01 18:00:00+00:00,110.015625,110.109375,110.0,110.0625,238166.0
2024-11-01 19:00:00+00:00,109.9375,110.03125,109.890625,110.015625,196493.0
2024-11-01 20:00:00+00:00,109.890625,109.953125,109.859375,109.953125,129327.0
2024-11-03 23:00:00+00:00,110.34375,110.515625,110.28125,110.296875,74320.0
2024-11-04 00:00:00+00:00,110.328125,110.40625,110.328125,110.34375,21268.0
2024-11-04 01:00:00+00:00,110.359375,110.375,110.28125,110.328125,21529.0
2024-11-04 02:00:00+00:00,110.40625,110.421875,110.328125,110.375,13298.0
2024-11-04 03:00:00+00:00,110.40625,110.4375,110.390625,110.390625,15374.0
2024-11-04 04:00:00+00:00,110.390625,110.421875,110.375,110.40625,6321.0
2024-11-04 05:00:00+00:00,110.390625,110.421875,110.359375,110.375,6756.0
2024-11-04 06:00:00+00:00,110.421875,110.453125,110.390625,110.390625,12080.0
2024-11-04 07:00:00+00:00,110.34375,110.4375,110.3125,110.421875,62078.0
2024-11-04 08:00:00+00:00,110.359375,110.421875,110.3125,110.34375,73423.0
2024-11-04 09:00:00+00:00,110.4375,110.46875,110.328125,110.375,51273.0
2024-11-04 10:00:00+00:00,110.453125,110.453125,110.359375,110.4375,65943.0
2024-11-04 11:00:00+00:00,110.5625,110.578125,110.453125,110.453125,72691.0
2024-11-04 12:00:00+00:00,110.46875,110.578125,110.453125,110.578125,98319.0
2024-11-04 13:00:00+00:00,110.5625,110.59375,110.4375,110.46875,170686.0
2024-11-04 14:00:00+00:00,110.5625,110.625,110.5,110.546875,178179.0
2024-11-04 15:00:00+00:00,110.484375,110.671875,110.46875,110.5625,159922.0
2024-11-04 16:00:00+00:00,110.453125,110.5,110.375,110.484375,177133.0
2024-11-04 17:00:00+00:00,110.375,110.484375,110.328125,110.453125,112113.0
2024-11-04 18:00:00+00:00,110.34375,110.375,110.21875,110.375,123780.0
2024-11-04 19:00:00+00:00,110.34375,110.453125,110.3125,110.34375,183334.0
2024-11-04 20:00:00+00:00,110.421875,110.4375,110.28125,110.34375,135766.0
2024-11-04 21:00:00+00:00,110.484375,110.515625,110.40625,110.4375,0.0
2024-11-04 23:00:00+00:00,110.46875,110.515625,110.4375,110.515625,10407.0
2024-11-05 00:00:00+00:00,110.421875,110.5,110.421875,110.46875,13625.0
2024-11-05 01:00:00+00:00,110.375,110.421875,110.359375,110.421875,19454.0
2024-11-05 02:00:00+00:00,110.390625,110.421875,110.375,110.375,6760.0
2024-11-05 03:00:00+00:00,110.453125,110.453125,110.390625,110.390625,8979.0
2024-11-05 04:00:00+00:00,110.421875,110.453125,110.421875,110.4375,3493.0
2024-11-05 05:00:00+00:00,110.4375,110.453125,110.421875,110.421875,3331.0
2024-11-05 06:00:00+00:00,110.421875,110.46875,110.421875,110.421875,12146.0
2024-11-05 07:00:00+00:00,110.34375,110.453125,110.34375,110.4375,23052.0
2024-11-05 08:00:00+00:00,110.390625,110.40625,110.25,110.34375,61492.0
2024-11-05 09:00:00+00:00,110.375,110.421875,110.34375,110.390625,49838.0
2024-11-05 10:00:00+00:00,110.359375,110.4375,110.34375,110.375,53367.0
2024-11-05 11:00:00+00:00,110.328125,110.359375,110.296875,110.359375,40395.0
2024-11-05 12:00:00+00:00,110.203125,110.375,110.171875,110.328125,91223.0
2024-11-05 13:00:00+00:00,110.234375,110.265625,110.15625,110.203125,130512.0
2024-11-05 14:00:00+00:00,110.265625,110.328125,110.203125,110.234375,129007.0
2024-11-05 15:00:00+00:00,110.03125,110.25,109.9375,110.25,269346.0
2024-11-05 16:00:00+00:00,110.0,110.0625,109.9375,110.015625,123563.0
2024-11-05 17:00:00+00:00,110.046875,110.15625,110.0,110.0,127284.0
2024-11-05 18:00:00+00:00,110.28125,110.3125,110.046875,110.0625,183055.0
2024-11-05 19:00:00+00:00,110.390625,110.4375,110.21875,110.28125,189670.0
2024-11-05 20:00:00+00:00,110.421875,110.5,110.375,110.40625,195306.0
2024-11-05 21:00:00+00:00,110.53125,110.53125,110.390625,110.421875,0.0
2024-11-05 23:00:00+00:00,110.609375,110.671875,110.4375,110.484375,36990.0
2024-11-06 00:00:00+00:00,110.140625,110.625,110.0,110.609375,130490.0
2024-11-06 01:00:00+00:00,109.96875,110.125,109.875,110.125,117992.0
2024-11-06 02:00:00+00:00,109.40625,109.984375,109.375,109.96875,228517.0
2024-11-06 03:00:00+00:00,109.296875,109.609375,109.21875,109.40625,209632.0
2024-11-06 04:00:00+00:00,109.625,109.65625,109.265625,109.296875,160405.0
2024-11-06 05:00:00+00:00,109.515625,109.890625,109.5,109.609375,189893.0
2024-11-06 06:00:00+00:00,109.5625,109.65625,109.328125,109.53125,151955.0
2024-11-06 07:00:00+00:00,109.71875,109.890625,109.40625,109.5625,223996.0
2024-11-06 08:00:00+00:00,109.703125,109.796875,109.625,109.734375,104973.0
2024-11-06 09:00:00+00:00,109.546875,109.703125,109.53125,109.703125,95801.0
2024-11-06 10:00:00+00:00,109.453125,109.609375,109.4375,109.546875,70189.0
2024-11-06 11:00:00+00:00,109.296875,109.484375,109.25,109.453125,163787.0
2024-11-06 12:00:00+00:00,109.390625,109.546875,109.21875,109.296875,172596.0
2024-11-06 13:00:00+00:00,109.40625,109.609375,109.390625,109.390625,266014.0
2024-11-06 14:00:00+00:00,109.34375,109.4375,109.234375,109.40625,273507.0
2024-11-06 15:00:00+00:00,109.390625,109.484375,109.328125,109.359375,278574.0
2024-11-06 16:00:00+00:00,109.328125,109.453125,109.3125,109.390625,170256.0
2024-11-06 17:00:00+00:00,109.53125,109.578125,109.3125,109.34375,180390.0
2024-11-06 18:00:00+00:00,109.53125,109.734375,109.5,109.53125,173698.0
2024-11-06 19:00:00+00:00,109.5625,109.5625,109.359375,109.546875,239915.0
2024-11-06 20:00:00+00:00,109.453125,109.609375,109.4375,109.546875,131831.0
2024-11-06 21:00:00+00:00,109.515625,109.546875,109.4375,109.46875,0.0
2024-11-06 23:00:00+00:00,109.546875,109.59375,109.484375,109.515625,23353.0
2024-11-07 00:00:00+00:00,109.5,109.578125,109.4375,109.546875,25391.0
2024-11-07 01:00:00+00:00,109.546875,109.59375,109.453125,109.5,28998.0
2024-11-07 02:00:00+00:00,109.59375,109.609375,109.546875,109.546875,28812.0
2024-11-07 03:00:00+00:00,109.5625,109.609375,109.546875,109.578125,11239.0
2024-11-07 04:00:00+00:00,109.515625,109.609375,109.515625,109.578125,10512.0
2024-11-07 05:00:00+00:00,109.5625,109.578125,109.484375,109.515625,8818.0
2024-11-07 06:00:00+00:00,109.609375,109.609375,109.5625,109.5625,14414.0
2024-11-07 07:00:00+00:00,109.703125,109.796875,109.59375,109.59375,74425.0
2024-11-07 08:00:00+00:00,109.734375,109.734375,109.609375,109.703125,83613.0
2024-11-07 09:00:00+00:00,109.625,109.734375,109.59375,109.734375,55233.0
2024-11-07 10:00:00+00:00,109.578125,109.65625,109.5625,109.625,52033.0
2024-11-07 11:00:00+00:00,109.5,109.5625,109.46875,109.5625,62271.0
2024-11-07 12:00:00+00:00,109.6875,109.703125,109.4375,109.515625,120615.0
2024-11-07 13:00:00+00:00,109.78125,109.8125,109.578125,109.6875,275358.0
2024-11-07 14:00:00+00:00,109.984375,110.0625,109.765625,109.78125,311100.0
2024-11-07 15:00:00+00:00,110.140625,110.203125,109.953125,110.0,284905.0
2024-11-07 16:00:00+00:00,110.078125,110.1875,110.015625,110.15625,207669.0
2024-11-07 17:00:00+00:00,110.15625,110.21875,110.03125,110.078125,124370.0
2024-11-07 18:00:00+00:00,110.21875,110.25,110.125,110.140625,120093.0
2024-11-07 19:00:00+00:00,110.171875,110.265625,109.921875,110.21875,385742.0
2024-11-07 20:00:00+00:00,110.28125,110.40625,110.171875,110.1875,320184.0
2024-11-07 21:00:00+00:00,110.265625,110.328125,110.234375,110.28125,72706.0
2024-11-07 23:00:00+00:00,110.203125,110.28125,110.1875,110.265625,0.0
2024-11-08 00:00:00+00:00,110.171875,110.296875,110.15625,110.21875,38458.0
2024-11-08 01:00:00+00:00,110.1875,110.203125,110.109375,110.1875,20713.0
2024-11-08 02:00:00+00:00,110.21875,110.234375,110.171875,110.203125,13704.0
2024-11-08 03:00:00+00:00,110.265625,110.28125,110.21875,110.234375,14511.0
2024-11-08 04:00:00+00:00,110.25,110.265625,110.234375,110.265625,8170.0
2024-11-08 05:00:00+00:00,110.234375,110.265625,110.171875,110.25,16183.0
2024-11-08 06:00:00+00:00,110.25,110.265625,110.1875,110.21875,8533.0
2024-11-08 07:00:00+00:00,110.296875,110.3125,110.203125,110.25,34175.0
2024-11-08 08:00:00+00:00,110.484375,110.5,110.265625,110.296875,123694.0
2024-11-08 09:00:00+00:00,110.484375,110.515625,110.46875,110.484375,78079.0
2024-11-08 10:00:00+00:00,110.484375,110.5,110.4375,110.484375,41714.0
2024-11-08 11:00:00+00:00,110.40625,110.5,110.390625,110.46875,49668.0
2024-11-08 12:00:00+00:00,110.40625,110.453125,110.3125,110.40625,76832.0
2024-11-08 13:00:00+00:00,110.234375,110.4375,110.203125,110.390625,161320.0
2024-11-08 14:00:00+00:00,110.40625,110.453125,110.203125,110.234375,208226.0
2024-11-08 15:00:00+00:00,110.5,110.609375,110.375,110.421875,297996.0
2024-11-08 16:00:00+00:00,110.328125,110.515625,110.25,110.484375,228060.0
2024-11-08 17:00:00+00:00,110.34375,110.375,110.25,110.34375,129393.0
2024-11-08 18:00:00+00:00,110.359375,110.40625,110.25,110.34375,112882.0
2024-11-08 19:00:00+00:00,110.265625,110.359375,110.234375,110.359375,157441.0
2024-11-08 20:00:00+00:00,110.3125,110.3125,110.1875,110.28125,140115.0
2024-11-08 21:00:00+00:00,110.265625,110.3125,110.234375,110.3125,85830.0
2024-11-10 23:00:00+00:00,110.125,110.234375,110.109375,110.203125,19493.0
2024-11-11 00:00:00+00:00,110.046875,110.140625,110.046875,110.125,17714.0
2024-11-11 01:00:00+00:00,110.0625,110.078125,110.046875,110.046875,8507.0
2024-11-11 02:00:00+00:00,110.0625,110.078125,110.03125,110.046875,13367.0
2024-11-11 03:00:00+00:00,110.03125,110.0625,110.0,110.046875,8509.0
2024-11-11 04:00:00+00:00,110.015625,110.046875,110.0,110.015625,10262.0
2024-11-11 05:00:00+00:00,110.078125,110.078125,110.015625,110.015625,13334.0
2024-11-11 06:00:00+00:00,110.046875,110.078125,110.03125,110.078125,8369.0
2024-11-11 07:00:00+00:00,110.140625,110.1875,110.0625,110.0625,30689.0
2024-11-11 08:00:00+00:00,110.046875,110.15625,110.015625,110.15625,50684.0
2024-11-11 09:00:00+00:00,110.140625,110.15625,110.015625,110.03125,25632.0
2024-11-11 10:00:00+00:00,110.046875,110.15625,110.03125,110.140625,25561.0
2024-11-11 11:00:00+00:00,110.0,110.0625,109.96875,110.03125,32002.0
2024-11-11 12:00:00+00:00,109.9375,110.0,109.90625,109.984375,41626.0
2024-11-11 13:00:00+00:00,109.921875,109.953125,109.796875,109.9375,98315.0
2024-11-11 14:00:00+00:00,109.875,110.0,109.859375,109.9375,91102.0
2024-11-11 15:00:00+00:00,109.9375,109.953125,109.859375,109.890625,63179.0
2024-11-11 16:00:00+00:00,109.9375,109.984375,109.921875,109.953125,42049.0
2024-11-11 17:00:00+00:00,109.921875,109.953125,109.890625,109.9375,26953.0
2024-11-11 18:00:00+00:00,109.921875,109.96875,109.90625,109.90625,14987.0
2024-11-11 19:00:00+00:00,109.90625,109.9375,109.890625,109.921875,31650.0
2024-11-11 20:00:00+00:00,110.0,110.015625,109.890625,109.90625,41734.0
2024-11-11 21:00:00+00:00,110.0,110.03125,109.984375,109.984375,32086.0
2024-11-11 23:00:00+00:00,110.0625,110.078125,109.984375,110.0,0.0
2024-11-12 00:00:00+00:00,110.03125,110.078125,110.0,110.046875,21770.0
2024-11-12 01:00:00+00:00,110.015625,110.0625,109.96875,110.03125,20078.0
2024-11-12 02:00:00+00:00,110.09375,110.140625,110.015625,110.015625,19195.0
2024-11-12 03:00:00+00:00,110.0625,110.109375,110.015625,110.09375,14391.0
2024-11-12 04:00:00+00:00,110.046875,110.09375,110.03125,110.0625,6147.0
2024-11-12 05:00:00+00:00,110.0,110.078125,110.0,110.0625,7215.0
2024-11-12 06:00:00+00:00,110.0,110.015625,109.96875,109.984375,11665.0
2024-11-12 07:00:00+00:00,109.828125,110.03125,109.828125,109.984375,57238.0
2024-11-12 08:00:00+00:00,109.828125,109.875,109.765625,109.84375,82474.0
2024-11-12 09:00:00+00:00,109.84375,109.875,109.78125,109.828125,53675.0
2024-11-12 10:00:00+00:00,109.859375,109.921875,109.828125,109.859375,46082.0
2024-11-12 11:00:00+00:00,109.796875,109.90625,109.765625,109.84375,52340.0
2024-11-12 12:00:00+00:00,109.78125,109.84375,109.703125,109.78125,79623.0
2024-11-12 13:00:00+00:00,109.625,109.796875,109.609375,109.78125,187266.0
2024-11-12 14:00:00+00:00,109.765625,109.8125,109.59375,109.640625,219739.0
2024-11-12 15:00:00+00:00,109.65625,109.828125,109.609375,109.78125,184497.0
2024-11-12 16:00:00+00:00,109.515625,109.703125,109.5,109.65625,200121.0
2024-11-12 17:00:00+00:00,109.40625,109.53125,109.3125,109.515625,243876.0
2024-11-12 18:00:00+00:00,109.453125,109.46875,109.375,109.40625,141978.0
2024-11-12 19:00:00+00:00,109.40625,109.46875,109.390625,109.453125,123851.0
2024-11-12 20:00:00+00:00,109.40625,109.453125,109.359375,109.421875,170633.0
2024-11-12 21:00:00+00:00,109.421875,109.46875,109.40625,109.421875,0.0
2024-11-12 23:00:00+00:00,109.390625,109.453125,109.375,109.40625,8457.0
2024-11-13 00:00:00+00:00,109.453125,109.484375,109.390625,109.40625,20932.0
2024-11-13 01:00:00+00:00,109.4375,109.515625,109.4375,109.46875,19521.0
2024-11-13 02:00:00+00:00,109.390625,109.46875,109.390625,109.453125,8138.0
2024-11-13 03:00:00+00:00,109.375,109.40625,109.375,109.40625,10333.0
2024-11-13 04:00:00+00:00,109.421875,109.4375,109.359375,109.375,7323.0
2024-11-13 05:00:00+00:00,109.359375,109.4375,109.359375,109.421875,12173.0
2024-11-13 06:00:00+00:00,109.390625,109.390625,109.28125,109.359375,26756.0
2024-11-13 07:00:00+00:00,109.359375,109.40625,109.34375,109.390625,26646.0
2024-11-13 08:00:00+00:00,109.515625,109.53125,109.328125,109.34375,65807.0
2024-11-13 09:00:00+00:00,109.546875,109.578125,109.484375,109.5,69246.0
2024-11-13 10:00:00+00:00,109.453125,109.546875,109.453125,109.546875,25060.0
2024-11-13 11:00:00+00:00,109.53125,109.5625,109.421875,109.453125,33534.0
2024-11-13 12:00:00+00:00,109.46875,109.5625,109.453125,109.53125,69937.0
2024-11-13 13:00:00+00:00,109.8125,109.859375,109.328125,109.46875,491402.0
2024-11-13 14:00:00+00:00,109.703125,109.953125,109.671875,109.828125,311613.0
2024-11-13 15:00:00+00:00,109.625,109.71875,109.4375,109.71875,347511.0
2024-11-13 16:00:00+00:00,109.625,109.6875,109.515625,109.640625,157959.0
2024-11-13 17:00:00+00:00,109.484375,109.625,109.4375,109.609375,97495.0
2024-11-13 18:00:00+00:00,109.390625,109.484375,109.34375,109.46875,140615.0
2024-11-13 19:00:00+00:00,109.4375,109.515625,109.359375,109.390625,133719.0
2024-11-13 20:00:00+00:00,109.484375,109.515625,109.375,109.4375,88791.0
2024-11-13 21:00:00+00:00,109.375,109.484375,109.375,109.46875,0.0
2024-11-13 23:00:00+00:00,109.375,109.421875,109.375,109.40625,8260.0
2024-11-14 00:00:00+00:00,109.21875,109.390625,109.203125,109.390625,34211.0
2024-11-14 01:00:00+00:00,109.234375,109.28125,109.1875,109.21875,28138.0
2024-11-14 02:00:00+00:00,109.1875,109.265625,109.1875,109.234375,17575.0
2024-11-14 03:00:00+00:00,109.203125,109.25,109.1875,109.203125,11336.0
2024-11-14 04:00:00+00:00,109.234375,109.234375,109.1875,109.203125,9887.0
2024-11-14 05:00:00+00:00,109.234375,109.265625,109.203125,109.21875,9703.0
2024-11-14 06:00:00+00:00,109.28125,109.3125,109.203125,109.21875,19401.0
2024-11-14 07:00:00+00:00,109.265625,109.328125,109.25,109.28125,42460.0
2024-11-14 08:00:00+00:00,109.3125,109.328125,109.234375,109.265625,77703.0
2024-11-14 09:00:00+00:00,109.28125,109.328125,109.234375,109.3125,39768.0
2024-11-14 10:00:00+00:00,109.359375,109.359375,109.25,109.265625,40242.0
2024-11-14 11:00:00+00:00,109.4375,109.4375,109.34375,109.359375,53050.0
2024-11-14 12:00:00+00:00,109.40625,109.484375,109.390625,109.421875,74329.0
2024-11-14 13:00:00+00:00,109.296875,109.515625,109.125,109.40625,372410.0
2024-11-14 14:00:00+00:00,109.546875,109.640625,109.296875,109.3125,281517.0
2024-11-14 15:00:00+00:00,109.53125,109.609375,109.4375,109.5625,180860.0
2024-11-14 16:00:00+00:00,109.625,109.71875,109.53125,109.53125,142010.0
2024-11-14 17:00:00+00:00,109.765625,109.78125,109.609375,109.625,103602.0
2024-11-14 18:00:00+00:00,109.53125,109.765625,109.515625,109.765625,98337.0
2024-11-14 19:00:00+00:00,109.546875,109.609375,109.515625,109.515625,149376.0
2024-11-14 20:00:00+00:00,109.34375,109.546875,109.21875,109.53125,357221.0
2024-11-14 21:00:00+00:00,109.359375,109.375,109.25,109.34375,0.0
2024-11-14 23:00:00+00:00,109.296875,109.375,109.28125,109.359375,17999.0
2024-11-15 00:00:00+00:00,109.28125,109.34375,109.25,109.296875,20752.0
2024-11-15 01:00:00+00:00,109.21875,109.328125,109.203125,109.265625,21688.0
2024-11-15 02:00:00+00:00,109.265625,109.28125,109.203125,109.21875,14265.0
2024-11-15 03:00:00+00:00,109.234375,109.28125,109.234375,109.28125,9769.0
2024-11-15 04:00:00+00:00,109.234375,109.28125,109.234375,109.234375,15200.0
2024-11-15 05:00:00+00:00,109.21875,109.25,109.21875,109.234375,20473.0
2024-11-15 06:00:00+00:00,109.3125,109.359375,109.1875,109.203125,27420.0
2024-11-15 07:00:00+00:00,109.359375,109.390625,109.296875,109.328125,26431.0
2024-11-15 08:00:00+00:00,109.390625,109.4375,109.3125,109.375,70424.0
2024-11-15 09:00:00+00:00,109.484375,109.5,109.328125,109.390625,56934.0
2024-11-15 10:00:00+00:00,109.46875,109.515625,109.40625,109.46875,56570.0
2024-11-15 11:00:00+00:00,109.40625,109.484375,109.40625,109.484375,34247.0
2024-11-15 12:00:00+00:00,109.453125,109.5,109.34375,109.40625,63312.0
2024-11-15 13:00:00+00:00,109.28125,109.578125,109.21875,109.453125,397429.0
2024-11-15 14:00:00+00:00,109.09375,109.375,108.9375,109.296875,403522.0
2024-11-15 15:00:00+00:00,109.34375,109.359375,109.078125,109.109375,222793.0
2024-11-15 16:00:00+00:00,109.34375,109.4375,109.21875,109.34375,202082.0
2024-11-15 17:00:00+00:00,109.5,109.546875,109.328125,109.34375,128139.0
2024-11-15 18:00:00+00:00,109.71875,109.734375,109.5,109.515625,200612.0
2024-11-15 19:00:00+00:00,109.53125,109.71875,109.5,109.71875,174129.0
2024-11-15 20:00:00+00:00,109.421875,109.53125,109.40625,109.515625,169757.0
2024-11-15 21:00:00+00:00,109.40625,109.453125,109.390625,109.421875,49897.0
2024-11-17 23:00:00+00:00,109.4375,109.5,109.40625,109.421875,17853.0
2024-11-18 00:00:00+00:00,109.515625,109.53125,109.40625,109.4375,18206.0
2024-11-18 01:00:00+00:00,109.5,109.53125,109.484375,109.5,17022.0
2024-11-18 02:00:00+00:00,109.46875,109.53125,109.4375,109.5,11013.0
2024-11-18 03:00:00+00:00,109.4375,109.46875,109.375,109.453125,13191.0
2024-11-18 04:00:00+00:00,109.453125,109.46875,109.4375,109.453125,4206.0
2024-11-18 05:00:00+00:00,109.484375,109.484375,109.4375,109.453125,3857.0
2024-11-18 06:00:00+00:00,109.5,109.546875,109.46875,109.46875,16005.0
2024-11-18 07:00:00+00:00,109.453125,109.53125,109.421875,109.5,24751.0
2024-11-18 08:00:00+00:00,109.421875,109.46875,109.375,109.4375,46625.0
2024-11-18 09:00:00+00:00,109.484375,109.578125,109.40625,109.421875,48237.0
2024-11-18 10:00:00+00:00,109.34375,109.5,109.3125,109.5,62655.0
2024-11-18 11:00:00+00:00,109.3125,109.34375,109.28125,109.34375,25071.0
2024-11-18 12:00:00+00:00,109.1875,109.3125,109.1875,109.296875,64858.0
2024-11-18 13:00:00+00:00,109.34375,109.359375,109.140625,109.203125,146744.0
2024-11-18 14:00:00+00:00,109.359375,109.46875,109.3125,109.359375,208207.0
2024-11-18 15:00:00+00:00,109.328125,109.421875,109.28125,109.359375,112630.0
2024-11-18 16:00:00+00:00,109.46875,109.484375,109.3125,109.34375,90907.0
2024-11-18 17:00:00+00:00,109.5625,109.578125,109.453125,109.46875,90107.0
2024-11-18 18:00:00+00:00,109.625,109.65625,109.515625,109.546875,90071.0
2024-11-18 19:00:00+00:00,109.625,109.640625,109.59375,109.625,104447.0
2024-11-18 20:00:00+00:00,109.609375,109.6875,109.578125,109.625,98693.0
2024-11-18 21:00:00+00:00,109.609375,109.65625,109.578125,109.625,0.0
2024-11-18 23:00:00+00:00,109.625,109.65625,109.59375,109.609375,7220.0
2024-11-19 00:00:00+00:00,109.625,109.671875,109.609375,109.640625,9640.0
2024-11-19 01:00:00+00:00,109.640625,109.671875,109.609375,109.625,14283.0
2024-11-19 02:00:00+00:00,109.6875,109.703125,109.625,109.640625,12942.0
2024-11-19 03:00:00+00:00,109.671875,109.71875,109.65625,109.6875,16193.0
2024-11-19 04:00:00+00:00,109.671875,109.703125,109.671875,109.671875,3393.0
2024-11-19 05:00:00+00:00,109.671875,109.703125,109.65625,109.6875,5910.0
2024-11-19 06:00:00+00:00,109.640625,109.671875,109.640625,109.671875,6616.0
2024-11-19 07:00:00+00:00,109.71875,109.71875,109.640625,109.640625,62253.0
2024-11-19 08:00:00+00:00,109.890625,109.984375,109.6875,109.703125,185450.0
2024-11-19 09:00:00+00:00,109.96875,110.125,109.828125,109.890625,200215.0
2024-11-19 10:00:00+00:00,110.0,110.0625,109.9375,109.984375,98527.0
2024-11-19 11:00:00+00:00,109.890625,110.03125,109.875,110.0,65244.0
2024-11-19 12:00:00+00:00,109.96875,109.96875,109.859375,109.890625,91206.0
2024-11-19 13:00:00+00:00,110.109375,110.140625,109.90625,109.96875,240429.0
2024-11-19 14:00:00+00:00,109.828125,110.125,109.828125,110.109375,339243.0
2024-11-19 15:00:00+00:00,109.890625,109.9375,109.796875,109.84375,212324.0
2024-11-19 16:00:00+00:00,109.890625,109.9375,109.796875,109.890625,112931.0
2024-11-19 17:00:00+00:00,109.78125,109.921875,109.78125,109.890625,73840.0
2024-11-19 18:00:00+00:00,109.859375,109.90625,109.75,109.796875,84312.0
2024-11-19 19:00:00+00:00,109.84375,109.890625,109.8125,109.875,100416.0
2024-11-19 20:00:00+00:00,109.78125,109.859375,109.765625,109.84375,89520.0
2024-11-19 21:00:00+00:00,109.734375,109.796875,109.71875,109.796875,0.0
2024-11-19 23:00:00+00:00,109.703125,109.765625,109.671875,109.71875,17410.0
2024-11-20 00:00:00+00:00,109.78125,109.796875,109.703125,109.703125,15598.0
2024-11-20 01:00:00+00:00,109.796875,109.8125,109.734375,109.796875,13146.0
2024-11-20 02:00:00+00:00,109.734375,109.796875,109.734375,109.796875,5678.0
2024-11-20 03:00:00+00:00,109.6875,109.765625,109.6875,109.75,8026.0
2024-11-20 04:00:00+00:00,109.703125,109.734375,109.6875,109.6875,7591.0
2024-11-20 05:00:00+00:00,109.75,109.75,109.703125,109.703125,6787.0
2024-11-20 06:00:00+00:00,109.65625,109.734375,109.625,109.734375,30738.0
2024-11-20 07:00:00+00:00,109.578125,109.65625,109.5625,109.65625,57689.0
2024-11-20 08:00:00+00:00,109.578125,109.640625,109.546875,109.578125,58213.0
2024-11-20 09:00:00+00:00,109.578125,109.609375,109.53125,109.59375,41764.0
2024-11-20 10:00:00+00:00,109.578125,109.640625,109.546875,109.5625,27746.0
2024-11-20 11:00:00+00:00,109.53125,109.609375,109.53125,109.578125,50357.0
2024-11-20 12:00:00+00:00,109.546875,109.578125,109.5,109.546875,91397.0
2024-11-20 13:00:00+00:00,109.5,109.59375,109.46875,109.546875,130404.0
2024-11-20 14:00:00+00:00,109.640625,109.65625,109.453125,109.5,356970.0
2024-11-20 15:00:00+00:00,109.640625,109.75,109.609375,109.640625,198995.0
2024-11-20 16:00:00+00:00,109.703125,109.796875,109.625,109.640625,211685.0
2024-11-20 17:00:00+00:00,109.75,109.78125,109.6875,109.703125,78777.0
2024-11-20 18:00:00+00:00,109.625,109.78125,109.609375,109.765625,144412.0
2024-11-20 19:00:00+00:00,109.671875,109.75,109.625,109.625,126976.0
2024-11-20 20:00:00+00:00,109.625,109.6875,109.59375,109.671875,129751.0
2024-11-20 21:00:00+00:00,109.640625,109.65625,109.609375,109.625,55896.0
2024-11-20 23:00:00+00:00,109.65625,109.6875,109.640625,109.640625,0.0
2024-11-21 00:00:00+00:00,109.6875,109.71875,109.65625,109.65625,10438.0
2024-11-21 01:00:00+00:00,109.6875,109.71875,109.65625,109.6875,12032.0
2024-11-21 02:00:00+00:00,109.703125,109.71875,109.671875,109.703125,8488.0
2024-11-21 03:00:00+00:00,109.671875,109.703125,109.65625,109.703125,5918.0
2024-11-21 04:00:00+00:00,109.703125,109.71875,109.6875,109.6875,12013.0
2024-11-21 05:00:00+00:00,109.65625,109.703125,109.65625,109.6875,6748.0
2024-11-21 06:00:00+00:00,109.703125,109.75,109.65625,109.65625,11994.0
2024-11-21 07:00:00+00:00,109.671875,109.765625,109.640625,109.6875,165749.0
2024-11-21 08:00:00+00:00,109.703125,109.75,109.625,109.671875,201001.0
2024-11-21 09:00:00+00:00,109.78125,109.84375,109.71875,109.71875,81648.0
2024-11-21 10:00:00+00:00,109.75,109.875,109.75,109.78125,118355.0
2024-11-21 11:00:00+00:00,109.71875,109.78125,109.671875,109.75,51583.0
2024-11-21 12:00:00+00:00,109.765625,109.796875,109.671875,109.71875,74343.0
2024-11-21 13:00:00+00:00,109.796875,109.859375,109.59375,109.75,503313.0
2024-11-21 14:00:00+00:00,109.84375,109.875,109.65625,109.8125,283815.0
2024-11-21 15:00:00+00:00,109.703125,109.890625,109.671875,109.828125,269797.0
2024-11-21 16:00:00+00:00,109.5625,109.71875,109.53125,109.6875,434272.0
2024-11-21 17:00:00+00:00,109.609375,109.65625,109.546875,109.5625,131901.0
2024-11-21 18:00:00+00:00,109.546875,109.640625,109.5,109.609375,423885.0
2024-11-21 19:00:00+00:00,109.515625,109.5625,109.453125,109.546875,229225.0
2024-11-21 20:00:00+00:00,109.546875,109.59375,109.5,109.5,354984.0
2024-11-21 21:00:00+00:00,109.53125,109.59375,109.5,109.5625,0.0
2024-11-21 23:00:00+00:00,109.5625,109.609375,109.546875,109.546875,7572.0
2024-11-22 00:00:00+00:00,109.59375,109.609375,109.546875,109.5625,9103.0
2024-11-22 01:00:00+00:00,109.578125,109.625,109.578125,109.59375,12585.0
2024-11-22 02:00:00+00:00,109.609375,109.609375,109.546875,109.578125,6425.0
2024-11-22 03:00:00+00:00,109.640625,109.65625,109.59375,109.59375,8596.0
2024-11-22 04:00:00+00:00,109.609375,109.65625,109.59375,109.640625,7907.0
2024-11-22 05:00:00+00:00,109.640625,109.65625,109.609375,109.609375,10002.0
2024-11-22 06:00:00+00:00,109.5625,109.640625,109.5625,109.625,9599.0
2024-11-22 07:00:00+00:00,109.578125,109.640625,109.546875,109.578125,39363.0
2024-11-22 08:00:00+00:00,109.71875,109.75,109.515625,109.5625,116791.0
2024-11-22 09:00:00+00:00,109.765625,109.78125,109.6875,109.71875,99659.0
2024-11-22 10:00:00+00:00,109.734375,109.78125,109.71875,109.765625,69527.0
2024-11-22 11:00:00+00:00,109.78125,109.78125,109.703125,109.71875,48383.0
2024-11-22 12:00:00+00:00,109.75,109.828125,109.6875,109.78125,105935.0
2024-11-22 13:00:00+00:00,109.734375,109.828125,109.703125,109.75,135134.0
2024-11-22 14:00:00+00:00,109.578125,109.734375,109.515625,109.71875,265006.0
2024-11-22 15:00:00+00:00,109.609375,109.6875,109.515625,109.59375,309312.0
2024-11-22 16:00:00+00:00,109.6875,109.71875,109.578125,109.625,334532.0
2024-11-22 17:00:00+00:00,109.640625,109.703125,109.59375,109.703125,205685.0
2024-11-22 18:00:00+00:00,109.671875,109.6875,109.59375,109.640625,103846.0
2024-11-22 19:00:00+00:00,109.625,109.6875,109.59375,109.6875,372623.0
2024-11-22 20:00:00+00:00,109.59375,109.671875,109.5625,109.625,1220696.0
2024-11-22 21:00:00+00:00,109.671875,109.6875,109.5625,109.578125,90915.0
2024-11-24 23:00:00+00:00,110.046875,110.125,109.90625,110.09375,55371.0
2024-11-25 00:00:00+00:00,109.90625,110.078125,109.890625,110.0625,41457.0
2024-11-25 01:00:00+00:00,109.953125,109.984375,109.890625,109.90625,30893.0
2024-11-25 02:00:00+00:00,109.984375,110.03125,109.953125,109.96875,21016.0
2024-11-25 03:00:00+00:00,110.015625,110.03125,109.984375,110.0,14654.0
2024-11-25 04:00:00+00:00,109.984375,110.015625,109.953125,110.0,18187.0
2024-11-25 05:00:00+00:00,110.03125,110.046875,109.96875,109.984375,15705.0
2024-11-25 06:00:00+00:00,110.140625,110.140625,110.015625,110.03125,65952.0
2024-11-25 07:00:00+00:00,110.03125,110.15625,110.015625,110.140625,55677.0
2024-11-25 08:00:00+00:00,110.046875,110.09375,110.0,110.03125,88293.0
2024-11-25 09:00:00+00:00,109.96875,110.046875,109.953125,110.03125,65460.0
2024-11-25 10:00:00+00:00,109.984375,110.015625,109.9375,109.984375,83288.0
2024-11-25 11:00:00+00:00,109.90625,110.015625,109.890625,109.984375,85037.0
2024-11-25 12:00:00+00:00,110.015625,110.015625,109.84375,109.890625,93085.0
2024-11-25 13:00:00+00:00,110.21875,110.25,110.0,110.015625,790498.0
2024-11-25 14:00:00+00:00,110.390625,110.4375,110.1875,110.21875,714048.0
2024-11-25 15:00:00+00:00,110.359375,110.453125,110.328125,110.390625,372261.0
2024-11-25 16:00:00+00:00,110.328125,110.375,110.234375,110.375,268007.0
2024-11-25 17:00:00+00:00,110.3125,110.359375,110.28125,110.328125,181800.0
2024-11-25 18:00:00+00:00,110.546875,110.5625,110.296875,110.3125,897799.0
2024-11-25 19:00:00+00:00,110.546875,110.5625,110.46875,110.546875,339372.0
2024-11-25 20:00:00+00:00,110.53125,110.546875,110.453125,110.546875,214922.0
2024-11-25 21:00:00+00:00,110.46875,110.53125,110.453125,110.53125,0.0
2024-11-25 23:00:00+00:00,110.375,110.546875,110.359375,110.453125,61854.0
2024-11-26 00:00:00+00:00,110.40625,110.4375,110.328125,110.390625,70315.0
2024-11-26 01:00:00+00:00,110.4375,110.46875,110.375,110.390625,29096.0
2024-11-26 02:00:00+00:00,110.40625,110.4375,110.390625,110.4375,11049.0
2024-11-26 03:00:00+00:00,110.421875,110.4375,110.375,110.390625,11682.0
2024-11-26 04:00:00+00:00,110.375,110.4375,110.375,110.421875,10172.0
2024-11-26 05:00:00+00:00,110.40625,110.40625,110.359375,110.390625,11591.0
2024-11-26 06:00:00+00:00,110.390625,110.40625,110.359375,110.390625,16767.0
2024-11-26 07:00:00+00:00,110.3125,110.40625,110.296875,110.390625,35387.0
2024-11-26 08:00:00+00:00,110.3125,110.375,110.296875,110.328125,70452.0
2024-11-26 09:00:00+00:00,110.34375,110.34375,110.28125,110.328125,38734.0
2024-11-26 10:00:00+00:00,110.359375,110.375,110.296875,110.34375,55278.0
2024-11-26 11:00:00+00:00,110.40625,110.4375,110.359375,110.359375,71052.0
2024-11-26 12:00:00+00:00,110.5,110.515625,110.359375,110.421875,67499.0
2024-11-26 13:00:00+00:00,110.375,110.515625,110.359375,110.5,165342.0
2024-11-26 14:00:00+00:00,110.296875,110.40625,110.28125,110.390625,435866.0
2024-11-26 15:00:00+00:00,110.25,110.375,110.171875,110.3125,174862.0
2024-11-26 16:00:00+00:00,110.234375,110.265625,110.1875,110.265625,89227.0
2024-11-26 17:00:00+00:00,110.25,110.3125,110.203125,110.234375,75878.0
2024-11-26 18:00:00+00:00,110.234375,110.296875,110.1875,110.25,99124.0
2024-11-26 19:00:00+00:00,110.328125,110.34375,110.1875,110.234375,267865.0
2024-11-26 20:00:00+00:00,110.34375,110.375,110.265625,110.328125,157112.0
2024-11-26 21:00:00+00:00,110.3125,110.390625,110.296875,110.359375,61744.0
2024-11-26 23:00:00+00:00,110.296875,110.328125,110.28125,110.328125,0.0
2024-11-27 00:00:00+00:00,110.34375,110.34375,110.296875,110.296875,8577.0
2024-11-27 01:00:00+00:00,110.359375,110.359375,110.296875,110.34375,9927.0
2024-11-27 02:00:00+00:00,110.375,110.375,110.34375,110.359375,6569.0
2024-11-27 03:00:00+00:00,110.390625,110.40625,110.359375,110.359375,5709.0
2024-11-27 04:00:00+00:00,110.375,110.40625,110.375,110.375,2244.0
2024-11-27 05:00:00+00:00,110.40625,110.421875,110.390625,110.390625,5792.0
2024-11-27 06:00:00+00:00,110.453125,110.484375,110.40625,110.40625,3952.0
2024-11-27 07:00:00+00:00,110.546875,110.546875,110.4375,110.46875,11765.0
2024-11-27 08:00:00+00:00,110.5,110.640625,110.5,110.5625,55015.0
2024-11-27 09:00:00+00:00,110.796875,110.8125,110.484375,110.5,184246.0
2024-11-27 10:00:00+00:00,110.796875,110.84375,110.578125,110.625,46517.0
2024-11-27 11:00:00+00:00,110.734375,110.8125,110.546875,110.8125,45024.0
2024-11-27 12:00:00+00:00,110.84375,110.875,110.546875,110.71875,76889.0
2024-11-27 13:00:00+00:00,110.65625,110.9375,110.625,110.84375,0.0
2024-11-27 14:00:00+00:00,110.875,110.96875,110.625,110.65625,621293.0
2024-11-27 15:00:00+00:00,110.65625,110.875,110.53125,110.859375,0.0
2024-11-27 16:00:00+00:00,110.9375,111.0,110.578125,110.640625,929360.0
2024-11-27 17:00:00+00:00,110.96875,111.0,110.703125,110.734375,92790.0
2024-11-27 18:00:00+00:00,110.96875,111.03125,110.765625,110.96875,100791.0
2024-11-27 19:00:00+00:00,110.921875,111.0,110.71875,110.96875,146115.0
2024-11-27 20:00:00+00:00,110.890625,110.921875,110.625,110.90625,144508.0
2024-11-27 21:00:00+00:00,110.765625,110.890625,110.59375,110.875,75210.0
2024-11-27 23:00:00+00:00,110.734375,110.78125,110.578125,110.78125,0.0
2024-11-28 00:00:00+00:00,110.75,110.78125,110.5625,110.75,4179.0
2024-11-28 01:00:00+00:00,110.8125,110.828125,110.59375,110.75,7515.0
2024-11-28 02:00:00+00:00,110.640625,110.828125,110.640625,110.8125,0.0
2024-11-28 03:00:00+00:00,110.671875,110.828125,110.640625,110.796875,158.0
2024-11-28 04:00:00+00:00,110.8125,110.828125,110.640625,110.828125,24826.0
2024-11-29 14:30:00+00:00,111.203125,111.21875,111.0,111.171875,111454.0
2024-11-29 15:30:00+00:00,111.140625,111.21875,110.890625,111.203125,161176.0
2024-11-29 16:30:00+00:00,111.125,111.171875,110.90625,111.125,119718.0
2024-11-29 17:30:00+00:00,111.1875,111.25,110.9375,111.125,350772.0
2024-12-01 23:00:00+00:00,111.109375,111.203125,110.890625,111.171875,26547.0
2024-12-02 00:00:00+00:00,111.0625,111.109375,110.890625,111.09375,20831.0
2024-12-02 01:00:00+00:00,111.015625,111.078125,110.859375,111.078125,19125.0
2024-12-02 02:00:00+00:00,111.03125,111.0625,110.84375,111.015625,11829.0
2024-12-02 03:00:00+00:00,111.09375,111.09375,110.890625,111.046875,11212.0
2024-12-02 04:00:00+00:00,111.046875,111.078125,110.859375,111.078125,13968.0
2024-12-02 05:00:00+00:00,111.015625,111.0625,110.828125,111.046875,16260.0
2024-12-02 06:00:00+00:00,111.0,111.03125,110.828125,111.015625,8236.0
2024-12-02 07:00:00+00:00,111.0625,111.140625,110.859375,111.0,29627.0
2024-12-02 08:00:00+00:00,111.140625,111.140625,110.890625,111.078125,40090.0
2024-12-02 09:00:00+00:00,111.03125,111.171875,110.859375,111.140625,40068.0
2024-12-02 10:00:00+00:00,111.03125,111.078125,110.84375,111.03125,35723.0
2024-12-02 11:00:00+00:00,111.078125,111.09375,110.859375,111.015625,32881.0
2024-12-02 12:00:00+00:00,111.078125,111.171875,110.890625,111.0625,54528.0
2024-12-02 13:00:00+00:00,110.875,111.09375,110.65625,110.90625,175403.0
2024-12-02 14:00:00+00:00,110.84375,110.96875,110.640625,110.890625,162349.0
2024-12-02 15:00:00+00:00,111.0,111.03125,110.578125,110.84375,211382.0
2024-12-02 16:00:00+00:00,111.203125,111.28125,110.828125,111.015625,242389.0
2024-12-02 17:00:00+00:00,111.125,111.234375,110.953125,111.203125,109532.0
2024-12-02 18:00:00+00:00,111.140625,111.171875,110.921875,111.109375,81542.0
2024-12-02 19:00:00+00:00,111.109375,111.171875,110.9375,111.15625,110963.0
2024-12-02 20:00:00+00:00,111.15625,111.21875,110.921875,111.125,206903.0
2024-12-02 21:00:00+00:00,111.140625,111.171875,110.9375,111.15625,0.0
2024-12-02 23:00:00+00:00,111.125,111.171875,110.96875,111.140625,12385.0
2024-12-03 00:00:00+00:00,110.9375,111.140625,110.9375,111.125,0.0
2024-12-03 01:00:00+00:00,111.171875,111.1875,110.953125,111.078125,36338.0
2024-12-03 02:00:00+00:00,111.15625,111.171875,110.96875,111.171875,6732.0
2024-12-03 03:00:00+00:00,111.078125,111.15625,110.9375,111.15625,14372.0
2024-12-03 04:00:00+00:00,111.03125,111.09375,110.875,111.09375,12033.0
2024-12-03 05:00:00+00:00,111.015625,111.046875,110.875,111.03125,12733.0
2024-12-03 06:00:00+00:00,111.046875,111.046875,110.875,111.015625,7840.0
2024-12-03 07:00:00+00:00,110.984375,111.0625,110.828125,111.046875,20413.0
2024-12-03 08:00:00+00:00,111.015625,111.0625,110.796875,110.96875,47927.0
2024-12-03 09:00:00+00:00,111.0,111.046875,110.8125,111.015625,35718.0
2024-12-03 10:00:00+00:00,110.984375,111.015625,110.828125,111.0,21001.0
2024-12-03 11:00:00+00:00,111.078125,111.09375,110.84375,111.0,28052.0
2024-12-03 12:00:00+00:00,111.03125,111.109375,110.859375,111.09375,41238.0
2024-12-03 13:00:00+00:00,111.296875,111.34375,110.859375,111.015625,164588.0
2024-12-03 14:00:00+00:00,111.25,111.3125,111.03125,111.296875,168000.0
2024-12-03 15:00:00+00:00,111.03125,111.25,110.859375,111.25,232761.0
2024-12-03 16:00:00+00:00,111.046875,111.09375,110.78125,111.046875,131297.0
2024-12-03 17:00:00+00:00,111.078125,111.109375,110.8125,111.046875,98661.0
2024-12-03 18:00:00+00:00,111.09375,111.171875,110.921875,111.09375,77564.0
2024-12-03 19:00:00+00:00,110.984375,111.109375,110.78125,111.09375,129477.0
2024-12-03 20:00:00+00:00,110.890625,110.984375,110.71875,110.8125,139626.0
2024-12-03 21:00:00+00:00,110.921875,110.953125,110.734375,110.90625,0.0
2024-12-03 23:00:00+00:00,110.90625,110.9375,110.734375,110.921875,11904.0
2024-12-04 00:00:00+00:00,110.734375,110.921875,110.71875,110.90625,0.0
2024-12-04 01:00:00+00:00,110.734375,110.9375,110.71875,110.90625,35978.0
2024-12-04 02:00:00+00:00,110.9375,110.96875,110.765625,110.890625,11762.0
2024-12-04 03:00:00+00:00,110.953125,111.0,110.78125,110.921875,14282.0
2024-12-04 04:00:00+00:00,110.953125,110.96875,110.796875,110.796875,11783.0
2024-12-04 05:00:00+00:00,110.953125,110.96875,110.796875,110.9375,8409.0
2024-12-04 06:00:00+00:00,110.921875,110.953125,110.75,110.9375,13255.0
2024-12-04 07:00:00+00:00,110.8125,110.9375,110.65625,110.9375,30133.0
2024-12-04 08:00:00+00:00,110.765625,110.828125,110.59375,110.828125,52691.0
2024-12-04 09:00:00+00:00,110.796875,110.84375,110.609375,110.765625,44758.0
2024-12-04 10:00:00+00:00,110.765625,110.8125,110.625,110.8125,28023.0
2024-12-04 11:00:00+00:00,110.78125,110.8125,110.609375,110.75,31367.0
2024-12-04 12:00:00+00:00,110.640625,110.78125,110.5,110.765625,80142.0
2024-12-04 13:00:00+00:00,110.59375,110.71875,110.421875,110.640625,200185.0
2024-12-04 14:00:00+00:00,110.71875,110.765625,110.4375,110.59375,129676.0
2024-12-04 15:00:00+00:00,111.03125,111.03125,110.6875,110.734375,332234.0
2024-12-04 16:00:00+00:00,111.125,111.171875,110.859375,111.03125,152935.0
2024-12-04 17:00:00+00:00,111.21875,111.21875,110.96875,111.109375,108992.0
2024-12-04 18:00:00+00:00,111.125,111.25,110.984375,111.21875,112281.0
2024-12-04 19:00:00+00:00,111.25,111.28125,110.984375,111.140625,191360.0
2024-12-04 20:00:00+00:00,111.234375,111.265625,111.0625,111.234375,110046.0
2024-12-04 21:00:00+00:00,111.234375,111.25,111.1875,111.234375,60266.0
2024-12-04 23:00:00+00:00,111.140625,111.234375,111.09375,111.234375,0.0
2024-12-05 00:00:00+00:00,111.125,111.15625,111.09375,111.15625,20002.0
2024-12-05 01:00:00+00:00,111.09375,111.140625,111.078125,111.125,17597.0
2024-12-05 02:00:00+00:00,111.125,111.15625,111.078125,111.09375,15236.0
2024-12-05 03:00:00+00:00,111.15625,111.15625,111.109375,111.140625,8142.0
2024-12-05 04:00:00+00:00,111.140625,111.171875,111.125,111.15625,4540.0
2024-12-05 05:00:00+00:00,111.15625,111.15625,111.015625,111.15625,3992.0
2024-12-05 06:00:00+00:00,111.15625,111.1875,111.140625,111.140625,8595.0
2024-12-05 07:00:00+00:00,111.109375,111.15625,111.09375,111.15625,19842.0
2024-12-05 08:00:00+00:00,111.046875,111.15625,110.859375,111.109375,48070.0
2024-12-05 09:00:00+00:00,111.015625,111.0625,110.90625,111.046875,27625.0
2024-12-05 10:00:00+00:00,111.09375,111.09375,111.0,111.015625,21321.0
2024-12-05 11:00:00+00:00,111.109375,111.125,111.0625,111.09375,36100.0
2024-12-05 12:00:00+00:00,111.015625,111.109375,110.90625,111.09375,95982.0
2024-12-05 13:00:00+00:00,110.921875,111.109375,110.75,111.015625,152479.0
2024-12-05 14:00:00+00:00,110.96875,111.046875,110.921875,110.921875,116045.0
2024-12-05 15:00:00+00:00,111.015625,111.09375,110.84375,110.984375,94162.0
2024-12-05 16:00:00+00:00,111.015625,111.09375,110.859375,111.03125,92485.0
2024-12-05 17:00:00+00:00,111.1875,111.203125,110.921875,111.03125,111833.0
2024-12-05 18:00:00+00:00,111.171875,111.171875,111.109375,111.171875,50219.0
2024-12-05 19:00:00+00:00,111.203125,111.25,111.15625,111.15625,113195.0
2024-12-05 20:00:00+00:00,111.21875,111.265625,111.09375,111.203125,84667.0
2024-12-05 21:00:00+00:00,111.21875,111.25,111.046875,111.21875,0.0
2024-12-05 23:00:00+00:00,111.1875,111.203125,111.03125,111.171875,7196.0
2024-12-06 00:00:00+00:00,111.21875,111.21875,111.078125,111.1875,10114.0
2024-12-06 01:00:00+00:00,111.203125,111.234375,111.171875,111.21875,14243.0
2024-12-06 02:00:00+00:00,111.1875,111.234375,111.078125,111.21875,8236.0
2024-12-06 03:00:00+00:00,111.203125,111.234375,111.1875,111.203125,9215.0
2024-12-06 04:00:00+00:00,111.203125,111.234375,111.09375,111.203125,4006.0
2024-12-06 05:00:00+00:00,111.21875,111.234375,111.1875,111.203125,6260.0
2024-12-06 06:00:00+00:00,111.21875,111.25,111.09375,111.21875,6603.0
2024-12-06 07:00:00+00:00,111.171875,111.25,111.03125,111.234375,20552.0
2024-12-06 08:00:00+00:00,111.140625,111.1875,111.09375,111.171875,28716.0
2024-12-06 09:00:00+00:00,111.109375,111.171875,111.0,111.140625,23507.0
2024-12-06 10:00:00+00:00,111.125,111.140625,110.953125,111.109375,31033.0
2024-12-06 11:00:00+00:00,111.15625,111.171875,110.96875,111.125,24392.0
2024-12-06 12:00:00+00:00,111.21875,111.234375,111.015625,111.15625,50894.0
2024-12-06 13:00:00+00:00,111.46875,111.578125,110.890625,111.21875,398246.0
2024-12-06 14:00:00+00:00,111.5625,111.640625,111.390625,111.46875,281320.0
2024-12-06 15:00:00+00:00,111.375,111.578125,111.328125,111.5625,197062.0
2024-12-06 16:00:00+00:00,111.421875,111.46875,111.234375,111.359375,133299.0
2024-12-06 17:00:00+00:00,111.40625,111.453125,111.25,111.421875,66404.0
2024-12-06 18:00:00+00:00,111.40625,111.453125,111.234375,111.390625,65265.0
2024-12-06 19:00:00+00:00,111.453125,111.46875,111.25,111.40625,83051.0
2024-12-06 20:00:00+00:00,111.46875,111.5,111.328125,111.453125,101321.0
2024-12-06 21:00:00+00:00,111.46875,111.515625,111.34375,111.46875,55844.0
2024-12-08 23:00:00+00:00,111.484375,111.515625,111.296875,111.46875,15920.0
2024-12-09 00:00:00+00:00,111.515625,111.53125,111.453125,111.46875,21252.0
2024-12-09 01:00:00+00:00,111.484375,111.53125,111.3125,111.515625,14424.0
2024-12-09 02:00:00+00:00,111.53125,111.546875,111.46875,111.5,5661.0
2024-12-09 03:00:00+00:00,111.484375,111.53125,111.40625,111.53125,6040.0
2024-12-09 04:00:00+00:00,111.515625,111.53125,111.46875,111.46875,9575.0
2024-12-09 05:00:00+00:00,111.53125,111.5625,111.5,111.5,9588.0
2024-12-09 06:00:00+00:00,111.53125,111.578125,111.53125,111.546875,14326.0
2024-12-09 07:00:00+00:00,111.484375,111.5625,111.40625,111.546875,23525.0
2024-12-09 08:00:00+00:00,111.375,111.515625,111.25,111.484375,57658.0
2024-12-09 09:00:00+00:00,111.40625,111.4375,111.375,111.375,24644.0
2024-12-09 10:00:00+00:00,111.375,111.4375,111.359375,111.40625,14502.0
2024-12-09 11:00:00+00:00,111.390625,111.421875,111.21875,111.375,26089.0
2024-12-09 12:00:00+00:00,111.328125,111.421875,111.296875,111.390625,50182.0
2024-12-09 13:00:00+00:00,111.28125,111.390625,111.171875,111.328125,123662.0
2024-12-09 14:00:00+00:00,111.265625,111.390625,111.265625,111.296875,82997.0
2024-12-09 15:00:00+00:00,111.21875,111.28125,111.078125,111.265625,150325.0
2024-12-09 16:00:00+00:00,111.171875,111.28125,111.0625,111.21875,107490.0
2024-12-09 17:00:00+00:00,111.15625,111.234375,111.0625,111.1875,56425.0
2024-12-09 18:00:00+00:00,111.25,111.265625,111.15625,111.171875,64541.0
2024-12-09 19:00:00+00:00,111.171875,111.25,111.09375,111.234375,90525.0
2024-12-09 20:00:00+00:00,111.15625,111.203125,111.03125,111.1875,106502.0
2024-12-09 21:00:00+00:00,111.125,111.203125,110.984375,111.15625,0.0
2024-12-09 23:00:00+00:00,111.1875,111.203125,111.015625,111.15625,9784.0
2024-12-10 00:00:00+00:00,111.15625,111.203125,111.140625,111.1875,10812.0
2024-12-10 01:00:00+00:00,111.15625,111.1875,111.140625,111.15625,11305.0
2024-12-10 02:00:00+00:00,111.1875,111.203125,111.15625,111.15625,6857.0
2024-12-10 03:00:00+00:00,111.203125,111.25,111.1875,111.203125,13783.0
2024-12-10 04:00:00+00:00,111.21875,111.234375,111.1875,111.21875,6041.0
2024-12-10 05:00:00+00:00,111.25,111.28125,111.1875,111.21875,10234.0
2024-12-10 06:00:00+00:00,111.234375,111.265625,111.21875,111.265625,12049.0
2024-12-10 07:00:00+00:00,111.09375,111.25,111.0625,111.234375,28744.0
2024-12-10 08:00:00+00:00,111.09375,111.125,110.90625,111.078125,31774.0
2024-12-10 09:00:00+00:00,111.078125,111.140625,110.96875,111.09375,32049.0
2024-12-10 10:00:00+00:00,111.046875,111.09375,111.046875,111.0625,27039.0
2024-12-10 11:00:00+00:00,110.953125,111.0625,110.859375,111.046875,57642.0
2024-12-10 12:00:00+00:00,110.90625,110.984375,110.890625,110.953125,63437.0
2024-12-10 13:00:00+00:00,110.953125,111.015625,110.796875,110.921875,153406.0
2024-12-10 14:00:00+00:00,110.984375,111.03125,110.90625,110.953125,111514.0
2024-12-10 15:00:00+00:00,110.84375,111.03125,110.8125,110.984375,124740.0
2024-12-10 16:00:00+00:00,110.890625,110.96875,110.6875,110.84375,120287.0
2024-12-10 17:00:00+00:00,110.875,110.9375,110.78125,110.890625,75152.0
2024-12-10 18:00:00+00:00,110.96875,110.984375,110.859375,110.875,64679.0
2024-12-10 19:00:00+00:00,110.984375,111.015625,110.9375,110.96875,107883.0
2024-12-10 20:00:00+00:00,110.953125,111.03125,110.859375,111.0,113656.0
2024-12-10 21:00:00+00:00,110.96875,111.0,110.9375,110.953125,0.0
2024-12-10 23:00:00+00:00,110.96875,111.0,110.9375,110.96875,6921.0
2024-12-11 00:00:00+00:00,110.9375,111.0,110.921875,110.96875,6509.0
2024-12-11 01:00:00+00:00,110.9375,110.953125,110.921875,110.9375,7125.0
2024-12-11 02:00:00+00:00,110.90625,110.953125,110.890625,110.953125,11788.0
2024-12-11 03:00:00+00:00,110.875,110.921875,110.859375,110.90625,6903.0
2024-12-11 04:00:00+00:00,110.875,110.890625,110.859375,110.875,3977.0
2024-12-11 05:00:00+00:00,110.875,110.890625,110.859375,110.875,4293.0
2024-12-11 06:00:00+00:00,110.875,110.90625,110.859375,110.875,5987.0
2024-12-11 07:00:00+00:00,110.9375,110.96875,110.859375,110.875,25184.0
2024-12-11 08:00:00+00:00,110.890625,110.984375,110.890625,110.9375,27351.0
2024-12-11 09:00:00+00:00,110.859375,110.9375,110.859375,110.890625,29701.0
2024-12-11 10:00:00+00:00,110.875,110.921875,110.84375,110.875,22221.0
2024-12-11 11:00:00+00:00,110.859375,110.90625,110.84375,110.875,17837.0
2024-12-11 12:00:00+00:00,110.8125,110.875,110.796875,110.859375,42589.0
2024-12-11 13:00:00+00:00,111.046875,111.125,110.78125,110.828125,369038.0
2024-12-11 14:00:00+00:00,111.09375,111.21875,110.984375,111.046875,217766.0
2024-12-11 15:00:00+00:00,110.859375,111.09375,110.796875,111.078125,178286.0
2024-12-11 16:00:00+00:00,110.96875,110.984375,110.828125,110.859375,116684.0
2024-12-11 17:00:00+00:00,110.84375,110.984375,110.8125,110.96875,79289.0
2024-12-11 18:00:00+00:00,110.671875,110.96875,110.671875,110.84375,136798.0
2024-12-11 19:00:00+00:00,110.703125,110.71875,110.640625,110.6875,175920.0
2024-12-11 20:00:00+00:00,110.703125,110.734375,110.671875,110.6875,104992.0
2024-12-11 21:00:00+00:00,110.671875,110.734375,110.65625,110.6875,0.0
2024-12-11 23:00:00+00:00,110.734375,110.734375,110.671875,110.671875,5890.0
2024-12-12 00:00:00+00:00,110.671875,110.75,110.640625,110.71875,19510.0
2024-12-12 01:00:00+00:00,110.671875,110.703125,110.65625,110.671875,7982.0
2024-12-12 02:00:00+00:00,110.625,110.671875,110.609375,110.671875,25478.0
2024-12-12 03:00:00+00:00,110.625,110.640625,110.578125,110.625,9879.0
2024-12-12 04:00:00+00:00,110.59375,110.640625,110.59375,110.609375,3551.0
2024-12-12 05:00:00+00:00,110.625,110.640625,110.59375,110.609375,9632.0
2024-12-12 06:00:00+00:00,110.640625,110.65625,110.609375,110.625,7758.0
2024-12-12 07:00:00+00:00,110.59375,110.640625,110.578125,110.640625,28585.0
2024-12-12 08:00:00+00:00,110.578125,110.625,110.53125,110.59375,46314.0
2024-12-12 09:00:00+00:00,110.515625,110.578125,110.5,110.578125,42602.0
2024-12-12 10:00:00+00:00,110.515625,110.546875,110.46875,110.515625,37312.0
2024-12-12 11:00:00+00:00,110.53125,110.546875,110.5,110.515625,32332.0
2024-12-12 12:00:00+00:00,110.484375,110.546875,110.375,110.53125,67487.0
2024-12-12 13:00:00+00:00,110.734375,110.78125,110.484375,110.5,254845.0
2024-12-12 14:00:00+00:00,110.546875,110.78125,110.4375,110.734375,182576.0
2024-12-12 15:00:00+00:00,110.59375,110.625,110.5,110.53125,127872.0
2024-12-12 16:00:00+00:00,110.53125,110.671875,110.515625,110.59375,101796.0
2024-12-12 17:00:00+00:00,110.546875,110.578125,110.46875,110.53125,126889.0
2024-12-12 18:00:00+00:00,110.390625,110.578125,110.359375,110.546875,116569.0
2024-12-12 19:00:00+00:00,110.390625,110.421875,110.328125,110.390625,138448.0
2024-12-12 20:00:00+00:00,110.34375,110.390625,110.3125,110.390625,107750.0
2024-12-12 21:00:00+00:00,110.34375,110.359375,110.265625,110.359375,0.0
2024-12-12 23:00:00+00:00,110.34375,110.375,110.328125,110.359375,7255.0
2024-12-13 00:00:00+00:00,110.390625,110.421875,110.34375,110.359375,22860.0
2024-12-13 01:00:00+00:00,110.390625,110.40625,110.34375,110.390625,13158.0
2024-12-13 02:00:00+00:00,110.359375,110.390625,110.34375,110.375,12122.0
2024-12-13 03:00:00+00:00,110.34375,110.359375,110.234375,110.359375,9685.0
2024-12-13 04:00:00+00:00,110.34375,110.359375,110.296875,110.34375,7705.0
2024-12-13 05:00:00+00:00,110.375,110.390625,110.3125,110.34375,9569.0
2024-12-13 06:00:00+00:00,110.359375,110.390625,110.359375,110.390625,6100.0
2024-12-13 07:00:00+00:00,110.40625,110.4375,110.34375,110.375,27994.0
2024-12-13 08:00:00+00:00,110.34375,110.40625,110.34375,110.40625,40565.0
2024-12-13 09:00:00+00:00,110.3125,110.421875,110.28125,110.328125,23718.0
2024-12-13 10:00:00+00:00,110.296875,110.328125,110.28125,110.3125,22029.0
2024-12-13 11:00:00+00:00,110.234375,110.296875,110.203125,110.28125,34735.0
2024-12-13 12:00:00+00:00,110.15625,110.234375,110.140625,110.234375,68797.0
2024-12-13 13:00:00+00:00,110.1875,110.234375,110.15625,110.15625,103798.0
2024-12-13 14:00:00+00:00,110.078125,110.21875,110.046875,110.203125,128273.0
2024-12-13 15:00:00+00:00,110.03125,110.109375,110.0,110.0625,123305.0
2024-12-13 16:00:00+00:00,109.953125,110.03125,109.953125,110.015625,116772.0
2024-12-13 17:00:00+00:00,109.90625,109.984375,109.859375,109.96875,96536.0
2024-12-13 18:00:00+00:00,109.90625,109.9375,109.859375,109.921875,68387.0
2024-12-13 19:00:00+00:00,109.859375,109.921875,109.828125,109.890625,137614.0
2024-12-13 20:00:00+00:00,109.875,109.90625,109.8125,109.875,94180.0
2024-12-13 21:00:00+00:00,109.859375,109.890625,109.828125,109.875,51672.0
2024-12-15 23:00:00+00:00,109.9375,109.96875,109.859375,109.875,19393.0
2024-12-16 00:00:00+00:00,109.90625,109.96875,109.890625,109.9375,15093.0
2024-12-16 01:00:00+00:00,109.890625,109.921875,109.875,109.90625,11238.0
2024-12-16 02:00:00+00:00,109.9375,109.9375,109.875,109.875,6972.0
2024-12-16 03:00:00+00:00,109.921875,109.9375,109.90625,109.921875,7743.0
2024-12-16 04:00:00+00:00,109.9375,109.9375,109.890625,109.90625,11191.0
2024-12-16 05:00:00+00:00,109.96875,109.984375,109.90625,109.921875,10144.0
2024-12-16 06:00:00+00:00,109.96875,109.96875,109.9375,109.96875,11112.0
2024-12-16 07:00:00+00:00,110.0,110.0,109.921875,109.953125,23180.0
2024-12-16 08:00:00+00:00,109.953125,110.0,109.890625,109.984375,49398.0
2024-12-16 09:00:00+00:00,109.96875,109.984375,109.90625,109.9375,44701.0
2024-12-16 10:00:00+00:00,109.953125,110.015625,109.9375,109.96875,28828.0
2024-12-16 11:00:00+00:00,110.03125,110.03125,109.9375,109.953125,24554.0
2024-12-16 12:00:00+00:00,110.03125,110.046875,110.0,110.03125,33087.0
2024-12-16 13:00:00+00:00,110.078125,110.109375,110.015625,110.03125,95960.0
2024-12-16 14:00:00+00:00,109.921875,110.078125,109.859375,110.0625,151686.0
2024-12-16 15:00:00+00:00,109.890625,110.0,109.859375,109.921875,121055.0
2024-12-16 16:00:00+00:00,109.828125,109.921875,109.765625,109.890625,133175.0
2024-12-16 17:00:00+00:00,109.828125,109.890625,109.78125,109.828125,60680.0
2024-12-16 18:00:00+00:00,109.875,109.890625,109.8125,109.84375,44891.0
2024-12-16 19:00:00+00:00,109.84375,109.890625,109.78125,109.875,67821.0
2024-12-16 20:00:00+00:00,109.890625,109.90625,109.84375,109.84375,88005.0
2024-12-16 21:00:00+00:00,109.828125,109.90625,109.8125,109.890625,0.0
2024-12-16 23:00:00+00:00,109.84375,109.859375,109.8125,109.8125,4353.0
2024-12-17 00:00:00+00:00,109.890625,109.90625,109.828125,109.84375,13683.0
2024-12-17 01:00:00+00:00,109.890625,109.921875,109.859375,109.90625,6139.0
2024-12-17 02:00:00+00:00,109.875,109.921875,109.859375,109.890625,9485.0
2024-12-17 03:00:00+00:00,109.875,109.890625,109.84375,109.859375,6819.0
2024-12-17 04:00:00+00:00,109.875,109.875,109.859375,109.859375,2057.0
2024-12-17 05:00:00+00:00,109.859375,109.875,109.828125,109.859375,5054.0
2024-12-17 06:00:00+00:00,109.8125,109.859375,109.796875,109.859375,17189.0
2024-12-17 07:00:00+00:00,109.75,109.828125,109.6875,109.8125,40054.0
2024-12-17 08:00:00+00:00,109.71875,109.734375,109.671875,109.734375,52913.0
2024-12-17 09:00:00+00:00,109.6875,109.75,109.671875,109.71875,32625.0
2024-12-17 10:00:00+00:00,109.6875,109.765625,109.5625,109.6875,20890.0
2024-12-17 11:00:00+00:00,109.625,109.703125,109.59375,109.6875,57614.0
2024-12-17 12:00:00+00:00,109.59375,109.640625,109.5625,109.625,71464.0
2024-12-17 13:00:00+00:00,109.703125,109.765625,109.53125,109.609375,233080.0
2024-12-17 14:00:00+00:00,109.875,109.890625,109.703125,109.703125,204599.0
2024-12-17 15:00:00+00:00,109.953125,109.984375,109.84375,109.875,151771.0
2024-12-17 16:00:00+00:00,109.9375,109.953125,109.875,109.9375,91229.0
2024-12-17 17:00:00+00:00,109.953125,109.984375,109.90625,109.9375,63572.0
2024-12-17 18:00:00+00:00,109.921875,109.984375,109.875,109.9375,60051.0
2024-12-17 19:00:00+00:00,109.90625,109.953125,109.890625,109.921875,66412.0
2024-12-17 20:00:00+00:00,109.859375,109.921875,109.796875,109.90625,117971.0
2024-12-17 21:00:00+00:00,109.8125,109.859375,109.78125,109.84375,81473.0
2024-12-17 23:00:00+00:00,109.84375,109.875,109.78125,109.8125,0.0
2024-12-18 00:00:00+00:00,109.875,109.90625,109.84375,109.859375,10336.0
2024-12-18 01:00:00+00:00,109.875,109.890625,109.859375,109.875,6254.0
2024-12-18 02:00:00+00:00,109.859375,109.890625,109.84375,109.890625,7200.0
2024-12-18 03:00:00+00:00,109.84375,109.875,109.84375,109.859375,2652.0
2024-12-18 04:00:00+00:00,109.90625,109.90625,109.84375,109.84375,4719.0
2024-12-18 05:00:00+00:00,109.90625,109.90625,109.890625,109.90625,4641.0
2024-12-18 06:00:00+00:00,109.90625,109.9375,109.890625,109.90625,6618.0
2024-12-18 07:00:00+00:00,109.875,109.9375,109.859375,109.90625,22670.0
2024-12-18 08:00:00+00:00,109.859375,109.890625,109.828125,109.859375,19807.0
2024-12-18 09:00:00+00:00,109.796875,109.875,109.765625,109.875,27699.0
2024-12-18 10:00:00+00:00,109.796875,109.8125,109.734375,109.78125,18371.0
2024-12-18 11:00:00+00:00,109.796875,109.8125,109.75,109.796875,21571.0
2024-12-18 12:00:00+00:00,109.6875,109.796875,109.671875,109.796875,51835.0
2024-12-18 13:00:00+00:00,109.75,109.78125,109.625,109.703125,126976.0
2024-12-18 14:00:00+00:00,109.921875,109.96875,109.75,109.75,148028.0
2024-12-18 15:00:00+00:00,109.875,109.9375,109.796875,109.90625,99096.0
2024-12-18 16:00:00+00:00,109.828125,109.90625,109.796875,109.875,71767.0
2024-12-18 17:00:00+00:00,109.90625,109.9375,109.796875,109.828125,87292.0
2024-12-18 18:00:00+00:00,109.921875,109.953125,109.875,109.90625,63638.0
2024-12-18 19:00:00+00:00,109.03125,109.90625,108.984375,109.90625,697686.0
2024-12-18 20:00:00+00:00,109.0,109.140625,108.90625,109.015625,366113.0
2024-12-18 21:00:00+00:00,108.890625,109.015625,108.84375,109.0,0.0
2024-12-18 23:00:00+00:00,108.90625,108.953125,108.875,108.890625,20926.0
2024-12-19 00:00:00+00:00,108.953125,108.96875,108.890625,108.921875,34391.0
2024-12-19 01:00:00+00:00,108.984375,109.015625,108.953125,108.96875,17602.0
2024-12-19 02:00:00+00:00,108.953125,109.015625,108.921875,108.984375,23506.0
2024-12-19 03:00:00+00:00,108.921875,108.96875,108.90625,108.953125,14805.0
2024-12-19 04:00:00+00:00,108.875,108.9375,108.859375,108.921875,17423.0
2024-12-19 05:00:00+00:00,108.875,108.890625,108.828125,108.890625,11556.0
2024-12-19 06:00:00+00:00,108.9375,108.9375,108.84375,108.875,20886.0
2024-12-19 07:00:00+00:00,108.90625,108.984375,108.859375,108.9375,53293.0
2024-12-19 08:00:00+00:00,108.921875,108.953125,108.84375,108.890625,69880.0
2024-12-19 09:00:00+00:00,108.859375,108.9375,108.75,108.921875,94392.0
2024-12-19 10:00:00+00:00,108.921875,108.953125,108.859375,108.875,49614.0
2024-12-19 11:00:00+00:00,108.875,108.921875,108.8125,108.921875,46552.0
2024-12-19 12:00:00+00:00,108.859375,108.90625,108.78125,108.859375,82335.0
2024-12-19 13:00:00+00:00,108.75,108.921875,108.734375,108.859375,221564.0
2024-12-19 14:00:00+00:00,108.71875,108.875,108.65625,108.765625,220244.0
2024-12-19 15:00:00+00:00,108.765625,108.84375,108.65625,108.703125,172610.0
2024-12-19 16:00:00+00:00,108.703125,108.84375,108.671875,108.765625,175386.0
2024-12-19 17:00:00+00:00,108.59375,108.75,108.5625,108.703125,156712.0
2024-12-19 18:00:00+00:00,108.71875,108.734375,108.515625,108.59375,174068.0
2024-12-19 19:00:00+00:00,108.578125,108.78125,108.5625,108.703125,283393.0
2024-12-19 20:00:00+00:00,108.640625,108.65625,108.546875,108.5625,165805.0
2024-12-19 21:00:00+00:00,108.625,108.65625,108.59375,108.640625,0.0
2024-12-19 23:00:00+00:00,108.6875,108.71875,108.609375,108.609375,11099.0
2024-12-20 00:00:00+00:00,108.734375,108.75,108.6875,108.6875,18206.0
2024-12-20 01:00:00+00:00,108.71875,108.75,108.6875,108.734375,11096.0
2024-12-20 02:00:00+00:00,108.71875,108.734375,108.65625,108.71875,18975.0
2024-12-20 03:00:00+00:00,108.765625,108.78125,108.6875,108.703125,36125.0
2024-12-20 04:00:00+00:00,108.703125,108.765625,108.6875,108.765625,9460.0
2024-12-20 05:00:00+00:00,108.703125,108.71875,108.671875,108.6875,14572.0
2024-12-20 06:00:00+00:00,108.78125,108.796875,108.6875,108.703125,19375.0
2024-12-20 07:00:00+00:00,108.78125,108.828125,108.75,108.78125,32520.0
2024-12-20 08:00:00+00:00,108.734375,108.8125,108.71875,108.78125,44551.0
2024-12-20 09:00:00+00:00,108.8125,108.828125,108.734375,108.75,40706.0
2024-12-20 10:00:00+00:00,108.875,108.875,108.796875,108.8125,34325.0
2024-12-20 11:00:00+00:00,108.84375,108.90625,108.84375,108.875,27315.0
2024-12-20 12:00:00+00:00,108.859375,108.96875,108.828125,108.84375,67226.0
2024-12-20 13:00:00+00:00,109.15625,109.1875,108.828125,108.84375,259985.0
2024-12-20 14:00:00+00:00,109.078125,109.203125,109.03125,109.15625,158407.0
2024-12-20 15:00:00+00:00,109.140625,109.171875,108.953125,109.078125,170157.0
2024-12-20 16:00:00+00:00,109.25,109.25,109.0625,109.125,117751.0
2024-12-20 17:00:00+00:00,109.15625,109.265625,109.140625,109.25,123465.0
2024-12-20 18:00:00+00:00,109.015625,109.15625,109.0,109.140625,92380.0
2024-12-20 19:00:00+00:00,109.0,109.0625,108.953125,109.015625,152033.0
2024-12-20 20:00:00+00:00,108.9375,109.03125,108.9375,108.984375,81606.0
2024-12-20 21:00:00+00:00,108.96875,108.984375,108.921875,108.953125,46069.0
2024-12-22 23:00:00+00:00,108.96875,109.015625,108.9375,108.953125,9730.0
2024-12-23 00:00:00+00:00,108.921875,108.984375,108.90625,108.96875,11052.0
2024-12-23 01:00:00+00:00,108.96875,108.984375,108.921875,108.921875,8402.0
2024-12-23 02:00:00+00:00,108.9375,109.0,108.90625,108.96875,10634.0
2024-12-23 03:00:00+00:00,108.984375,109.0,108.921875,108.9375,7424.0
2024-12-23 04:00:00+00:00,108.96875,109.0,108.96875,108.96875,5693.0
2024-12-23 05:00:00+00:00,108.953125,108.984375,108.9375,108.96875,3902.0
2024-12-23 06:00:00+00:00,109.0,109.015625,108.921875,108.953125,13564.0
2024-12-23 07:00:00+00:00,108.9375,109.0,108.9375,109.0,20667.0
2024-12-23 08:00:00+00:00,108.84375,108.9375,108.84375,108.9375,31889.0
2024-12-23 09:00:00+00:00,108.875,108.890625,108.828125,108.84375,24544.0
2024-12-23 10:00:00+00:00,108.90625,108.921875,108.875,108.875,17048.0
2024-12-23 11:00:00+00:00,108.890625,108.921875,108.875,108.90625,12251.0
2024-12-23 12:00:00+00:00,108.828125,108.921875,108.796875,108.890625,41080.0
2024-12-23 13:00:00+00:00,108.796875,108.859375,108.765625,108.828125,107433.0
2024-12-23 14:00:00+00:00,108.75,108.90625,108.71875,108.796875,107443.0
2024-12-23 15:00:00+00:00,108.703125,108.78125,108.640625,108.75,109426.0
2024-12-23 16:00:00+00:00,108.734375,108.765625,108.671875,108.6875,76627.0
2024-12-23 17:00:00+00:00,108.625,108.75,108.59375,108.75,78254.0
2024-12-23 18:00:00+00:00,108.5625,108.65625,108.546875,108.625,87133.0
2024-12-23 19:00:00+00:00,108.46875,108.578125,108.46875,108.5625,128365.0
2024-12-23 20:00:00+00:00,108.53125,108.5625,108.46875,108.46875,104834.0
2024-12-23 21:00:00+00:00,108.5625,108.578125,108.53125,108.53125,33135.0
2024-12-23 23:00:00+00:00,108.578125,108.59375,108.53125,108.546875,0.0
2024-12-24 00:00:00+00:00,108.59375,108.609375,108.5625,108.578125,7692.0
2024-12-24 01:00:00+00:00,108.59375,108.609375,108.578125,108.578125,7890.0
2024-12-24 02:00:00+00:00,108.578125,108.609375,108.5625,108.59375,5513.0
2024-12-24 03:00:00+00:00,108.59375,108.59375,108.546875,108.5625,3599.0
2024-12-24 04:00:00+00:00,108.578125,108.59375,108.5625,108.578125,2352.0
2024-12-24 14:30:00+00:00,108.34375,108.375,108.3125,108.375,76770.0
2024-12-24 15:30:00+00:00,108.34375,108.359375,108.296875,108.328125,65171.0
2024-12-24 16:30:00+00:00,108.375,108.421875,108.296875,108.328125,91620.0
2024-12-24 17:30:00+00:00,108.578125,108.578125,108.375,108.375,117661.0
2024-12-26 05:00:00+00:00,108.40625,108.421875,108.34375,108.359375,13138.0
2024-12-26 06:00:00+00:00,108.421875,108.4375,108.390625,108.40625,3080.0
2024-12-26 07:00:00+00:00,108.390625,108.421875,108.390625,108.40625,1524.0
2024-12-26 08:00:00+00:00,108.40625,108.40625,108.359375,108.390625,3994.0
2024-12-26 09:00:00+00:00,108.375,108.40625,108.34375,108.390625,4883.0
2024-12-26 10:00:00+00:00,108.390625,108.390625,108.359375,108.375,2809.0
2024-12-26 11:00:00+00:00,108.328125,108.390625,108.328125,108.390625,9013.0
2024-12-26 12:00:00+00:00,108.28125,108.328125,108.265625,108.328125,30363.0
2024-12-26 13:00:00+00:00,108.234375,108.3125,108.203125,108.28125,72074.0
2024-12-26 14:00:00+00:00,108.28125,108.3125,108.21875,108.21875,76396.0
2024-12-26 15:00:00+00:00,108.328125,108.34375,108.234375,108.296875,90512.0
2024-12-26 16:00:00+00:00,108.40625,108.421875,108.328125,108.34375,93346.0
2024-12-26 17:00:00+00:00,108.328125,108.4375,108.3125,108.40625,85824.0
2024-12-26 18:00:00+00:00,108.640625,108.6875,108.328125,108.34375,184151.0
2024-12-26 19:00:00+00:00,108.640625,108.6875,108.609375,108.65625,141703.0
2024-12-26 20:00:00+00:00,108.640625,108.671875,108.625,108.65625,62020.0
2024-12-26 21:00:00+00:00,108.625,108.65625,108.59375,108.65625,27623.0
2024-12-26 23:00:00+00:00,108.640625,108.65625,108.609375,108.609375,0.0
2024-12-27 00:00:00+00:00,108.609375,108.640625,108.578125,108.625,6911.0
2024-12-27 01:00:00+00:00,108.671875,108.671875,108.59375,108.609375,11862.0
2024-12-27 02:00:00+00:00,108.65625,108.703125,108.65625,108.671875,7207.0
2024-12-27 03:00:00+00:00,108.703125,108.703125,108.640625,108.671875,13018.0
2024-12-27 04:00:00+00:00,108.703125,108.703125,108.65625,108.703125,7502.0
2024-12-27 05:00:00+00:00,108.671875,108.703125,108.65625,108.703125,9389.0
2024-12-27 06:00:00+00:00,108.6875,108.6875,108.671875,108.671875,4100.0
2024-12-27 07:00:00+00:00,108.546875,108.6875,108.53125,108.6875,24170.0
2024-12-27 08:00:00+00:00,108.5,108.5625,108.5,108.546875,36389.0
2024-12-27 09:00:00+00:00,108.484375,108.53125,108.46875,108.515625,32599.0
2024-12-27 10:00:00+00:00,108.484375,108.53125,108.46875,108.484375,20834.0
2024-12-27 11:00:00+00:00,108.453125,108.5,108.421875,108.484375,30354.0
2024-12-27 12:00:00+00:00,108.53125,108.546875,108.453125,108.453125,37355.0
2024-12-27 13:00:00+00:00,108.53125,108.59375,108.484375,108.546875,57691.0
2024-12-27 14:00:00+00:00,108.609375,108.625,108.515625,108.53125,85328.0
2024-12-27 15:00:00+00:00,108.640625,108.71875,108.59375,108.609375,107014.0
2024-12-27 16:00:00+00:00,108.5625,108.65625,108.546875,108.625,73263.0
2024-12-27 17:00:00+00:00,108.5,108.5625,108.453125,108.5625,78009.0
2024-12-27 18:00:00+00:00,108.46875,108.515625,108.453125,108.484375,50426.0
2024-12-27 19:00:00+00:00,108.4375,108.484375,108.40625,108.484375,121827.0
2024-12-27 20:00:00+00:00,108.421875,108.453125,108.390625,108.421875,73591.0
2024-12-27 21:00:00+00:00,108.375,108.421875,108.359375,108.40625,42958.0
2024-12-29 23:00:00+00:00,108.375,108.46875,108.375,108.4375,7575.0
2024-12-30 00:00:00+00:00,108.4375,108.4375,108.375,108.390625,9803.0
2024-12-30 01:00:00+00:00,108.421875,108.453125,108.421875,108.4375,4871.0
2024-12-30 02:00:00+00:00,108.40625,108.453125,108.390625,108.421875,5636.0
2024-12-30 03:00:00+00:00,108.4375,108.4375,108.375,108.390625,4555.0
2024-12-30 04:00:00+00:00,108.453125,108.453125,108.40625,108.421875,6731.0
2024-12-30 05:00:00+00:00,108.5,108.5,108.4375,108.453125,16268.0
2024-12-30 06:00:00+00:00,108.546875,108.5625,108.484375,108.5,14846.0
2024-12-30 07:00:00+00:00,108.578125,108.59375,108.53125,108.546875,19545.0
2024-12-30 08:00:00+00:00,108.625,108.640625,108.546875,108.5625,33232.0
2024-12-30 09:00:00+00:00,108.609375,108.65625,108.59375,108.625,20660.0
2024-12-30 10:00:00+00:00,108.59375,108.640625,108.546875,108.625,19897.0
2024-12-30 11:00:00+00:00,108.640625,108.640625,108.578125,108.59375,22797.0
2024-12-30 12:00:00+00:00,108.71875,108.71875,108.625,108.640625,44665.0
2024-12-30 13:00:00+00:00,108.890625,108.890625,108.71875,108.71875,139102.0
2024-12-30 14:00:00+00:00,108.953125,108.96875,108.859375,108.890625,98869.0
2024-12-30 15:00:00+00:00,108.90625,109.015625,108.875,108.96875,152350.0
2024-12-30 16:00:00+00:00,108.90625,108.953125,108.875,108.90625,67557.0
2024-12-30 17:00:00+00:00,108.921875,108.921875,108.84375,108.90625,50013.0
2024-12-30 18:00:00+00:00,108.96875,108.96875,108.890625,108.90625,34879.0
2024-12-30 19:00:00+00:00,108.96875,109.0,108.9375,108.953125,70914.0
2024-12-30 20:00:00+00:00,108.96875,108.984375,108.921875,108.96875,66282.0
2024-12-30 21:00:00+00:00,109.03125,109.046875,108.953125,108.953125,0.0
2024-12-30 23:00:00+00:00,109.015625,109.03125,109.0,109.03125,3576.0
2024-12-31 00:00:00+00:00,109.046875,109.046875,109.0,109.015625,3523.0
2024-12-31 01:00:00+00:00,109.0625,109.078125,109.03125,109.046875,7197.0
2024-12-31 02:00:00+00:00,109.09375,109.125,109.0625,109.078125,11065.0
2024-12-31 03:00:00+00:00,109.109375,109.125,109.109375,109.109375,5347.0
2024-12-31 04:00:00+00:00,109.109375,109.125,109.09375,109.125,2448.0
2024-12-31 05:00:00+00:00,109.140625,109.140625,109.109375,109.109375,5037.0
2024-12-31 06:00:00+00:00,109.140625,109.171875,109.140625,109.140625,6634.0
2024-12-31 07:00:00+00:00,109.09375,109.171875,109.09375,109.140625,22646.0
2024-12-31 08:00:00+00:00,109.15625,109.1875,109.09375,109.09375,31344.0
2024-12-31 09:00:00+00:00,109.109375,109.1875,109.09375,109.171875,20270.0
2024-12-31 10:00:00+00:00,109.109375,109.125,109.0625,109.109375,9801.0
2024-12-31 11:00:00+00:00,109.046875,109.109375,109.03125,109.09375,14790.0
2024-12-31 12:00:00+00:00,109.109375,109.125,109.015625,109.0625,39131.0
2024-12-31 13:00:00+00:00,109.015625,109.125,108.96875,109.09375,82500.0
2024-12-31 14:00:00+00:00,109.125,109.140625,108.953125,109.015625,87704.0
2024-12-31 15:00:00+00:00,109.03125,109.125,108.984375,109.109375,105846.0
2024-12-31 16:00:00+00:00,108.8125,109.03125,108.765625,109.015625,136638.0
2024-12-31 17:00:00+00:00,108.71875,108.8125,108.703125,108.796875,346877.0
2024-12-31 18:00:00+00:00,108.796875,108.84375,108.703125,108.734375,141281.0
2024-12-31 19:00:00+00:00,108.796875,108.828125,108.765625,108.78125,20409.0
2024-12-31 20:00:00+00:00,108.75,108.796875,108.71875,108.78125,25826.0
2024-12-31 21:00:00+00:00,108.765625,108.76599884033203,108.734375,108.734375,0.0
2025-01-02 05:00:00+00:00,108.75,108.75,108.71875,108.71875,6892.0
2025-01-02 06:00:00+00:00,108.828125,108.828125,108.734375,108.75,11440.0
2025-01-02 07:00:00+00:00,108.921875,108.921875,108.78125,108.84375,31417.0
2025-01-02 08:00:00+00:00,108.9375,108.984375,108.875,108.921875,53747.0
2025-01-02 09:00:00+00:00,109.0,109.03125,108.90625,108.9375,37932.0
2025-01-02 10:00:00+00:00,109.109375,109.125,108.921875,109.015625,52638.0
2025-01-02 11:00:00+00:00,109.046875,109.109375,109.03125,109.109375,34866.0
2025-01-02 12:00:00+00:00,109.15625,109.15625,109.046875,109.0625,62214.0
2025-01-02 13:00:00+00:00,109.015625,109.171875,108.96875,109.15625,191925.0
2025-01-02 14:00:00+00:00,108.984375,109.046875,108.90625,109.015625,167853.0
2025-01-02 15:00:00+00:00,108.921875,109.109375,108.875,108.984375,137279.0
2025-01-02 16:00:00+00:00,108.671875,108.921875,108.671875,108.90625,143900.0
2025-01-02 17:00:00+00:00,108.765625,108.78125,108.640625,108.671875,105345.0
2025-01-02 18:00:00+00:00,108.875,108.890625,108.765625,108.765625,68426.0
2025-01-02 19:00:00+00:00,108.8125,108.90625,108.75,108.890625,106309.0
2025-01-02 20:00:00+00:00,108.828125,108.890625,108.796875,108.796875,72583.0
2025-01-02 21:00:00+00:00,108.859375,108.90625,108.8125,108.828125,0.0
2025-01-02 23:00:00+00:00,108.890625,108.921875,108.859375,108.890625,4678.0
2025-01-03 00:00:00+00:00,108.9375,108.9375,108.875,108.890625,7765.0
2025-01-03 01:00:00+00:00,108.9375,108.953125,108.921875,108.9375,7796.0
2025-01-03 02:00:00+00:00,108.953125,108.96875,108.9375,108.953125,4451.0
2025-01-03 03:00:00+00:00,108.953125,108.984375,108.953125,108.96875,4415.0
2025-01-03 04:00:00+00:00,108.984375,108.984375,108.953125,108.96875,6461.0
2025-01-03 05:00:00+00:00,108.984375,109.0,108.953125,108.984375,7011.0
2025-01-03 06:00:00+00:00,109.0,109.0,108.984375,108.984375,4896.0
2025-01-03 07:00:00+00:00,109.015625,109.03125,108.921875,109.0,32832.0
2025-01-03 08:00:00+00:00,108.921875,109.015625,108.890625,109.015625,39258.0
2025-01-03 09:00:00+00:00,108.890625,108.93800354003906,108.859375,108.921875,33306.0
2025-01-03 10:00:00+00:00,108.9375,108.953125,108.875,108.890625,21564.0
2025-01-03 11:00:00+00:00,108.953125,108.984375,108.921875,108.9375,15916.0
2025-01-03 12:00:00+00:00,109.015625,109.046875,108.9375,108.953125,41088.0
2025-01-03 13:00:00+00:00,109.015625,109.046875,108.953125,109.0,91428.0
2025-01-03 14:00:00+00:00,108.921875,109.03125,108.859375,109.0,110517.0
2025-01-03 15:00:00+00:00,108.765625,108.921875,108.734375,108.921875,183153.0
2025-01-03 16:00:00+00:00,108.765625,108.859375,108.75,108.75,75685.0
2025-01-03 17:00:00+00:00,108.734375,108.859375,108.71875,108.78125,65366.0
2025-01-03 18:00:00+00:00,108.703125,108.78125,108.6875,108.71875,70805.0
2025-01-03 19:00:00+00:00,108.640625,108.71875,108.609375,108.703125,119374.0
2025-01-03 20:00:00+00:00,108.625,108.65625,108.59375,108.625,79542.0
2025-01-03 21:00:00+00:00,108.625,108.640625,108.59375,108.640625,40796.0
2025-01-05 23:00:00+00:00,108.484375,108.59375,108.46875,108.59375,18995.0
2025-01-06 00:00:00+00:00,108.453125,108.5,108.375,108.5,56963.0
2025-01-06 01:00:00+00:00,108.4375,108.46875,108.421875,108.453125,12840.0
2025-01-06 02:00:00+00:00,108.453125,108.46875,108.421875,108.421875,15992.0
2025-01-06 03:00:00+00:00,108.5,108.5,108.4375,108.46875,12016.0
2025-01-06 04:00:00+00:00,108.515625,108.515625,108.484375,108.5,12779.0
2025-01-06 05:00:00+00:00,108.46875,108.515625,108.46875,108.5,6351.0
2025-01-06 06:00:00+00:00,108.484375,108.5,108.4375,108.46875,8956.0
2025-01-06 07:00:00+00:00,108.515625,108.53125,108.46875,108.484375,28500.0
2025-01-06 08:00:00+00:00,108.453125,108.515625,108.40625,108.5,47523.0
2025-01-06 09:00:00+00:00,108.4375,108.515625,108.390625,108.453125,64991.0
2025-01-06 10:00:00+00:00,108.515625,108.546875,108.4375,108.4375,30549.0
2025-01-06 11:00:00+00:00,108.71875,108.75,108.5,108.53125,95467.0
2025-01-06 12:00:00+00:00,108.703125,108.796875,108.625,108.703125,90954.0
2025-01-06 13:00:00+00:00,108.59375,108.78125,108.546875,108.6875,151482.0
2025-01-06 14:00:00+00:00,108.46875,108.65625,108.421875,108.578125,191974.0
2025-01-06 15:00:00+00:00,108.46875,108.5,108.328125,108.484375,154595.0
2025-01-06 16:00:00+00:00,108.53125,108.59375,108.4375,108.46875,136975.0
2025-01-06 17:00:00+00:00,108.59375,108.609375,108.53125,108.546875,73183.0
2025-01-06 18:00:00+00:00,108.453125,108.59375,108.421875,108.59375,98171.0
2025-01-06 19:00:00+00:00,108.546875,108.546875,108.4375,108.4375,159263.0
2025-01-06 20:00:00+00:00,108.546875,108.578125,108.484375,108.53125,141562.0
2025-01-06 21:00:00+00:00,108.453125,108.640625,108.453125,108.546875,0.0
2025-01-06 23:00:00+00:00,108.453125,108.5,108.4375,108.46875,9443.0
2025-01-07 00:00:00+00:00,108.484375,108.5,108.421875,108.453125,13580.0
2025-01-07 01:00:00+00:00,108.546875,108.546875,108.46875,108.5,11971.0
2025-01-07 02:00:00+00:00,108.5625,108.578125,108.53125,108.53125,12718.0
2025-01-07 03:00:00+00:00,108.5625,108.578125,108.53125,108.546875,9977.0
2025-01-07 04:00:00+00:00,108.578125,108.59375,108.546875,108.546875,9043.0
2025-01-07 05:00:00+00:00,108.59375,108.59375,108.5625,108.578125,3020.0
2025-01-07 06:00:00+00:00,108.59375,108.625,108.5625,108.59375,13158.0
2025-01-07 07:00:00+00:00,108.5625,108.578125,108.5,108.578125,33274.0
2025-01-07 08:00:00+00:00,108.5,108.578125,108.484375,108.5625,36272.0
2025-01-07 09:00:00+00:00,108.484375,108.53125,108.46875,108.5,34745.0
2025-01-07 10:00:00+00:00,108.4375,108.546875,108.390625,108.5,49379.0
2025-01-07 11:00:00+00:00,108.4375,108.484375,108.390625,108.421875,29501.0
2025-01-07 12:00:00+00:00,108.4375,108.46875,108.390625,108.4375,46226.0
2025-01-07 13:00:00+00:00,108.484375,108.515625,108.40625,108.4375,96017.0
2025-01-07 14:00:00+00:00,108.453125,108.53125,108.40625,108.484375,145074.0
2025-01-07 15:00:00+00:00,108.140625,108.4375,108.078125,108.4375,386745.0
2025-01-07 16:00:00+00:00,108.15625,108.203125,108.046875,108.140625,180241.0
2025-01-07 17:00:00+00:00,108.234375,108.28125,108.125,108.15625,173153.0
2025-01-07 18:00:00+00:00,108.140625,108.296875,108.09375,108.234375,148588.0
2025-01-07 19:00:00+00:00,108.171875,108.203125,108.109375,108.140625,169193.0
2025-01-07 20:00:00+00:00,108.15625,108.21875,108.140625,108.15625,119415.0
2025-01-07 21:00:00+00:00,108.171875,108.203125,108.109375,108.171875,0.0
2025-01-07 23:00:00+00:00,108.15625,108.1875,108.15625,108.15625,8083.0
2025-01-08 00:00:00+00:00,108.203125,108.25,108.15625,108.15625,23559.0
2025-01-08 01:00:00+00:00,108.234375,108.265625,108.203125,108.203125,10743.0
2025-01-08 02:00:00+00:00,108.234375,108.25,108.203125,108.234375,9410.0
2025-01-08 03:00:00+00:00,108.15625,108.234375,108.140625,108.234375,11735.0
2025-01-08 04:00:00+00:00,108.15625,108.1875,108.15625,108.15625,8138.0
2025-01-08 05:00:00+00:00,108.21875,108.234375,108.15625,108.171875,11646.0
2025-01-08 06:00:00+00:00,108.25,108.265625,108.203125,108.21875,13871.0
2025-01-08 07:00:00+00:00,108.234375,108.296875,108.234375,108.25,51097.0
2025-01-08 08:00:00+00:00,108.203125,108.25,108.15625,108.234375,52378.0
2025-01-08 09:00:00+00:00,108.25,108.28125,108.203125,108.21875,43456.0
2025-01-08 10:00:00+00:00,108.1875,108.265625,108.171875,108.25,40394.0
2025-01-08 11:00:00+00:00,108.078125,108.1875,108.046875,108.171875,90947.0
2025-01-08 12:00:00+00:00,107.96875,108.09375,107.890625,108.09375,150218.0
2025-01-08 13:00:00+00:00,108.1875,108.203125,107.953125,107.984375,273403.0
2025-01-08 14:00:00+00:00,108.171875,108.234375,108.03125,108.203125,172075.0
2025-01-08 15:00:00+00:00,108.234375,108.28125,108.15625,108.15625,159994.0
2025-01-08 16:00:00+00:00,108.25,108.28125,108.171875,108.234375,152890.0
2025-01-08 17:00:00+00:00,108.203125,108.265625,108.09375,108.25,130073.0
2025-01-08 18:00:00+00:00,108.046875,108.28125,108.015625,108.1875,126839.0
2025-01-08 19:00:00+00:00,108.125,108.203125,108.03125,108.046875,171016.0
2025-01-08 20:00:00+00:00,108.28125,108.328125,108.125,108.125,116274.0
2025-01-08 21:00:00+00:00,108.15625,108.28125,108.109375,108.265625,0.0
2025-01-08 23:00:00+00:00,108.1875,108.21875,108.15625,108.1875,5466.0
2025-01-09 00:00:00+00:00,108.265625,108.265625,108.15625,108.1875,13274.0
2025-01-09 01:00:00+00:00,108.25,108.28125,108.25,108.25,10102.0
2025-01-09 02:00:00+00:00,108.28125,108.296875,108.234375,108.25,23993.0
2025-01-09 03:00:00+00:00,108.3125,108.34375,108.28125,108.296875,18269.0
2025-01-09 04:00:00+00:00,108.3125,108.328125,108.28125,108.3125,7039.0
2025-01-09 05:00:00+00:00,108.359375,108.359375,108.3125,108.328125,7717.0
2025-01-09 06:00:00+00:00,108.28125,108.359375,108.28125,108.34375,11019.0
2025-01-09 07:00:00+00:00,108.25,108.34375,108.21875,108.28125,36370.0
2025-01-09 08:00:00+00:00,108.234375,108.328125,108.1875,108.234375,65913.0
2025-01-09 09:00:00+00:00,108.21875,108.265625,108.1875,108.234375,43251.0
2025-01-09 10:00:00+00:00,108.265625,108.28125,108.1875,108.203125,25502.0
2025-01-09 11:00:00+00:00,108.28125,108.3125,108.21875,108.265625,33513.0
2025-01-09 12:00:00+00:00,108.390625,108.421875,108.265625,108.265625,74686.0
2025-01-09 13:00:00+00:00,108.359375,108.4375,108.328125,108.390625,111272.0
2025-01-09 14:00:00+00:00,108.34375,108.421875,108.296875,108.359375,93538.0
2025-01-09 15:00:00+00:00,108.28125,108.390625,108.25,108.34375,89132.0
2025-01-09 16:00:00+00:00,108.28125,108.375,108.28125,108.28125,72568.0
2025-01-09 17:00:00+00:00,108.21875,108.3125,108.171875,108.28125,98712.0
2025-01-09 18:00:00+00:00,108.1875,108.234375,108.15625,108.203125,0.0
2025-01-09 23:00:00+00:00,108.28125,108.28125,108.171875,108.1875,12449.0
2025-01-10 00:00:00+00:00,108.234375,108.28125,108.21875,108.28125,11633.0
2025-01-10 01:00:00+00:00,108.21875,108.25,108.1875,108.234375,9927.0
2025-01-10 02:00:00+00:00,108.21875,108.234375,108.203125,108.203125,6254.0
2025-01-10 03:00:00+00:00,108.21875,108.234375,108.1875,108.234375,5554.0
2025-01-10 04:00:00+00:00,108.140625,108.21875,108.140625,108.21875,6554.0
2025-01-10 05:00:00+00:00,108.140625,108.171875,108.109375,108.140625,15110.0
2025-01-10 06:00:00+00:00,108.125,108.15625,108.09375,108.140625,16089.0
2025-01-10 07:00:00+00:00,108.15625,108.171875,108.109375,108.125,22248.0
2025-01-10 08:00:00+00:00,108.109375,108.1875,108.078125,108.171875,49647.0
2025-01-10 09:00:00+00:00,108.125,108.171875,108.09375,108.109375,28815.0
2025-01-10 10:00:00+00:00,108.09375,108.140625,108.046875,108.109375,32004.0
2025-01-10 11:00:00+00:00,108.078125,108.09375,108.03125,108.09375,30249.0
2025-01-10 12:00:00+00:00,108.09375,108.15625,108.0625,108.078125,71835.0
2025-01-10 13:00:00+00:00,107.5625,108.109375,107.375,108.109375,652384.0
2025-01-10 14:00:00+00:00,107.640625,107.78125,107.515625,107.5625,390011.0
2025-01-10 15:00:00+00:00,107.640625,107.828125,107.53125,107.640625,359419.0
2025-01-10 16:00:00+00:00,107.59375,107.65625,107.5625,107.625,146848.0
2025-01-10 17:00:00+00:00,107.5625,107.65625,107.515625,107.609375,127210.0
2025-01-10 18:00:00+00:00,107.484375,107.59375,107.453125,107.578125,135237.0
2025-01-10 19:00:00+00:00,107.40625,107.5,107.375,107.484375,197119.0
2025-01-10 20:00:00+00:00,107.453125,107.46875,107.359375,107.390625,126238.0
2025-01-10 21:00:00+00:00,107.5,107.5,107.4375,107.453125,64798.0
2025-01-12 23:00:00+00:00,107.328125,107.484375,107.3125,107.484375,22331.0
2025-01-13 00:00:00+00:00,107.375,107.390625,107.328125,107.34375,9314.0
2025-01-13 01:00:00+00:00,107.3125,107.375,107.296875,107.375,17359.0
2025-01-13 02:00:00+00:00,107.234375,107.328125,107.21875,107.3125,29804.0
2025-01-13 03:00:00+00:00,107.25,107.265625,107.21875,107.25,12451.0
2025-01-13 04:00:00+00:00,107.265625,107.265625,107.21875,107.25,9143.0
2025-01-13 05:00:00+00:00,107.25,107.28125,107.25,107.25,5139.0
2025-01-13 06:00:00+00:00,107.25,107.28125,107.234375,107.265625,7434.0
2025-01-13 07:00:00+00:00,107.296875,107.328125,107.21875,107.25,47067.0
2025-01-13 08:00:00+00:00,107.234375,107.328125,107.203125,107.28125,63459.0
2025-01-13 09:00:00+00:00,107.265625,107.296875,107.21875,107.21875,49870.0
2025-01-13 10:00:00+00:00,107.265625,107.296875,107.1875,107.28125,45723.0
2025-01-13 11:00:00+00:00,107.28125,107.328125,107.25,107.265625,52350.0
2025-01-13 12:00:00+00:00,107.4375,107.46875,107.234375,107.28125,96447.0
2025-01-13 13:00:00+00:00,107.390625,107.484375,107.375,107.4375,122734.0
2025-01-13 14:00:00+00:00,107.375,107.46875,107.34375,107.390625,138315.0
2025-01-13 15:00:00+00:00,107.34375,107.421875,107.28125,107.359375,137557.0
2025-01-13 16:00:00+00:00,107.21875,107.359375,107.203125,107.34375,121549.0
2025-01-13 17:00:00+00:00,107.375,107.390625,107.21875,107.234375,127058.0
2025-01-13 18:00:00+00:00,107.375,107.40625,107.3125,107.375,69800.0
2025-01-13 19:00:00+00:00,107.21875,107.390625,107.21875,107.375,186307.0
2025-01-13 20:00:00+00:00,107.296875,107.328125,107.21875,107.21875,185628.0
2025-01-13 21:00:00+00:00,107.34375,107.359375,107.25,107.28125,0.0
2025-01-13 23:00:00+00:00,107.453125,107.484375,107.34375,107.359375,27225.0
2025-01-14 00:00:00+00:00,107.40625,107.5,107.390625,107.453125,28808.0
2025-01-14 01:00:00+00:00,107.421875,107.453125,107.390625,107.40625,9683.0
2025-01-14 02:00:00+00:00,107.40625,107.4375,107.40625,107.421875,7245.0
2025-01-14 03:00:00+00:00,107.421875,107.4375,107.390625,107.40625,12106.0
2025-01-14 04:00:00+00:00,107.453125,107.46875,107.40625,107.421875,11342.0
2025-01-14 05:00:00+00:00,107.5,107.515625,107.421875,107.46875,19989.0
2025-01-14 06:00:00+00:00,107.46875,107.515625,107.453125,107.5,10057.0
2025-01-14 07:00:00+00:00,107.53125,107.546875,107.421875,107.453125,35139.0
2025-01-14 08:00:00+00:00,107.4375,107.578125,107.421875,107.546875,48371.0
2025-01-14 09:00:00+00:00,107.40625,107.4375,107.375,107.421875,29465.0
2025-01-14 10:00:00+00:00,107.40625,107.421875,107.328125,107.390625,43638.0
2025-01-14 11:00:00+00:00,107.296875,107.40625,107.296875,107.390625,39403.0
2025-01-14 12:00:00+00:00,107.3125,107.359375,107.265625,107.296875,53880.0
2025-01-14 13:00:00+00:00,107.375,107.578125,107.25,107.3125,340448.0
2025-01-14 14:00:00+00:00,107.28125,107.4375,107.265625,107.359375,244248.0
2025-01-14 15:00:00+00:00,107.296875,107.359375,107.25,107.296875,117033.0
2025-01-14 16:00:00+00:00,107.34375,107.40625,107.296875,107.296875,101490.0
2025-01-14 17:00:00+00:00,107.25,107.375,107.234375,107.34375,82282.0
2025-01-14 18:00:00+00:00,107.34375,107.34375,107.21875,107.234375,91973.0
2025-01-14 19:00:00+00:00,107.359375,107.390625,107.296875,107.328125,87422.0
2025-01-14 20:00:00+00:00,107.359375,107.390625,107.3125,107.34375,90716.0
2025-01-14 21:00:00+00:00,107.3125,107.390625,107.3125,107.34375,0.0
2025-01-14 23:00:00+00:00,107.34375,107.359375,107.3125,107.328125,7512.0
2025-01-15 00:00:00+00:00,107.375,107.390625,107.328125,107.34375,13046.0
2025-01-15 01:00:00+00:00,107.359375,107.390625,107.34375,107.375,10528.0
2025-01-15 02:00:00+00:00,107.390625,107.390625,107.359375,107.375,7449.0
2025-01-15 03:00:00+00:00,107.40625,107.40625,107.375,107.390625,8013.0
2025-01-15 04:00:00+00:00,107.390625,107.40625,107.390625,107.390625,11791.0
2025-01-15 05:00:00+00:00,107.40625,107.4375,107.40625,107.40625,5606.0
2025-01-15 06:00:00+00:00,107.390625,107.421875,107.375,107.40625,14860.0
2025-01-15 07:00:00+00:00,107.515625,107.515625,107.390625,107.390625,51865.0
2025-01-15 08:00:00+00:00,107.421875,107.515625,107.375,107.5,50598.0
2025-01-15 09:00:00+00:00,107.453125,107.5,107.390625,107.40625,48329.0
2025-01-15 10:00:00+00:00,107.4375,107.484375,107.421875,107.453125,22243.0
2025-01-15 11:00:00+00:00,107.515625,107.515625,107.4375,107.453125,56836.0
2025-01-15 12:00:00+00:00,107.53125,107.5625,107.5,107.5,71343.0
2025-01-15 13:00:00+00:00,108.140625,108.203125,107.5,107.53125,540548.0
2025-01-15 14:00:00+00:00,108.3125,108.34375,108.09375,108.140625,452363.0
2025-01-15 15:00:00+00:00,108.265625,108.40625,108.234375,108.3125,262129.0
2025-01-15 16:00:00+00:00,108.1875,108.296875,108.140625,108.265625,204141.0
2025-01-15 17:00:00+00:00,108.25,108.296875,108.171875,108.1875,87613.0
2025-01-15 18:00:00+00:00,108.3125,108.34375,108.203125,108.25,96008.0
2025-01-15 19:00:00+00:00,108.328125,108.34375,108.265625,108.296875,162642.0
2025-01-15 20:00:00+00:00,108.34375,108.34375,108.265625,108.3125,169365.0
2025-01-15 21:00:00+00:00,108.296875,108.359375,108.28125,108.34375,0.0
2025-01-15 23:00:00+00:00,108.296875,108.3125,108.265625,108.296875,11314.0
2025-01-16 00:00:00+00:00,108.25,108.3125,108.234375,108.296875,26888.0
2025-01-16 01:00:00+00:00,108.25,108.265625,108.21875,108.25,23399.0
2025-01-16 02:00:00+00:00,108.25,108.28125,108.21875,108.25,15756.0
2025-01-16 03:00:00+00:00,108.28125,108.296875,108.234375,108.25,13235.0
2025-01-16 04:00:00+00:00,108.25,108.296875,108.21875,108.296875,14668.0
2025-01-16 05:00:00+00:00,108.265625,108.28125,108.234375,108.25,9543.0
2025-01-16 06:00:00+00:00,108.3125,108.328125,108.234375,108.25,21319.0
2025-01-16 07:00:00+00:00,108.203125,108.296875,108.1875,108.296875,37099.0
2025-01-16 08:00:00+00:00,108.203125,108.265625,108.171875,108.203125,62135.0
2025-01-16 09:00:00+00:00,108.21875,108.25,108.15625,108.203125,42848.0
2025-01-16 10:00:00+00:00,108.265625,108.265625,108.203125,108.21875,24728.0
2025-01-16 11:00:00+00:00,108.203125,108.265625,108.171875,108.265625,37821.0
2025-01-16 12:00:00+00:00,108.09375,108.21875,108.0625,108.203125,81190.0
2025-01-16 13:00:00+00:00,108.21875,108.28125,108.0,108.078125,301945.0
2025-01-16 14:00:00+00:00,108.15625,108.3125,108.109375,108.203125,194532.0
2025-01-16 15:00:00+00:00,108.46875,108.46875,108.125,108.171875,336866.0
2025-01-16 16:00:00+00:00,108.578125,108.671875,108.453125,108.46875,291110.0
2025-01-16 17:00:00+00:00,108.609375,108.6875,108.53125,108.578125,156662.0
2025-01-16 18:00:00+00:00,108.640625,108.671875,108.59375,108.609375,92315.0
2025-01-16 19:00:00+00:00,108.609375,108.75,108.59375,108.640625,243696.0
2025-01-16 20:00:00+00:00,108.59375,108.65625,108.578125,108.609375,129215.0
2025-01-16 21:00:00+00:00,108.59375,108.609375,108.546875,108.59375,0.0
2025-01-16 23:00:00+00:00,108.53125,108.59375,108.515625,108.5625,10008.0
2025-01-17 00:00:00+00:00,108.578125,108.59375,108.53125,108.53125,24006.0
2025-01-17 01:00:00+00:00,108.609375,108.609375,108.546875,108.578125,20207.0
2025-01-17 02:00:00+00:00,108.59375,108.609375,108.5625,108.59375,8860.0
2025-01-17 03:00:00+00:00,108.578125,108.609375,108.5625,108.59375,9860.0
2025-01-17 04:00:00+00:00,108.59375,108.609375,108.546875,108.5625,14214.0
2025-01-17 05:00:00+00:00,108.578125,108.59375,108.546875,108.59375,5740.0
2025-01-17 06:00:00+00:00,108.5625,108.59375,108.546875,108.578125,13596.0
2025-01-17 07:00:00+00:00,108.640625,108.65625,108.546875,108.5625,32358.0
2025-01-17 08:00:00+00:00,108.65625,108.703125,108.640625,108.640625,51639.0
2025-01-17 09:00:00+00:00,108.625,108.703125,108.59375,108.640625,40959.0
2025-01-17 10:00:00+00:00,108.640625,108.6875,108.609375,108.625,29075.0
2025-01-17 11:00:00+00:00,108.734375,108.734375,108.65625,108.65625,39020.0
2025-01-17 12:00:00+00:00,108.765625,108.796875,108.71875,108.734375,73425.0
2025-01-17 13:00:00+00:00,108.734375,108.859375,108.71875,108.765625,224896.0
2025-01-17 14:00:00+00:00,108.5625,108.765625,108.53125,108.734375,213292.0
2025-01-17 15:00:00+00:00,108.59375,108.6875,108.5625,108.5625,123435.0
2025-01-17 16:00:00+00:00,108.46875,108.59375,108.453125,108.578125,126168.0
2025-01-17 17:00:00+00:00,108.5625,108.59375,108.46875,108.46875,77462.0
2025-01-17 18:00:00+00:00,108.5625,108.640625,108.5625,108.578125,59830.0
2025-01-17 19:00:00+00:00,108.5625,108.59375,108.5,108.5625,111924.0
2025-01-17 20:00:00+00:00,108.53125,108.59375,108.515625,108.546875,96669.0
2025-01-17 21:00:00+00:00,108.40625,108.546875,108.40599822998047,108.546875,84222.0
2025-01-19 23:00:00+00:00,108.421875,108.4375,108.359375,108.4375,13130.0
2025-01-20 00:00:00+00:00,108.421875,108.4375,108.375,108.421875,7426.0
2025-01-20 01:00:00+00:00,108.4375,108.46875,108.390625,108.421875,12436.0
2025-01-20 02:00:00+00:00,108.46875,108.46875,108.421875,108.4375,5806.0
2025-01-20 03:00:00+00:00,108.484375,108.5,108.453125,108.453125,3450.0
2025-01-20 04:00:00+00:00,108.46875,108.5,108.4375,108.484375,3902.0
2025-01-21 05:00:00+00:00,108.96875,109.0625,108.953125,109.046875,19790.0
2025-01-21 06:00:00+00:00,108.859375,108.96875,108.859375,108.96875,29352.0
2025-01-21 07:00:00+00:00,108.8125,108.953125,108.796875,108.859375,53479.0
2025-01-21 08:00:00+00:00,108.75,108.828125,108.75,108.8125,55436.0
2025-01-21 09:00:00+00:00,108.765625,108.8125,108.703125,108.765625,49005.0
2025-01-21 10:00:00+00:00,108.703125,108.8125,108.6875,108.78125,28779.0
2025-01-21 11:00:00+00:00,108.65625,108.71875,108.640625,108.703125,37702.0
2025-01-21 12:00:00+00:00,108.734375,108.796875,108.65625,108.671875,62200.0
2025-01-21 13:00:00+00:00,108.859375,108.875,108.71875,108.734375,137091.0
2025-01-21 14:00:00+00:00,108.71875,108.875,108.6875,108.859375,136177.0
2025-01-21 15:00:00+00:00,108.8125,108.890625,108.6875,108.71875,165971.0
2025-01-21 16:00:00+00:00,108.765625,108.828125,108.734375,108.828125,91367.0
2025-01-21 17:00:00+00:00,108.65625,108.78125,108.640625,108.75,89629.0
2025-01-21 18:00:00+00:00,108.765625,108.765625,108.640625,108.65625,64347.0
2025-01-21 19:00:00+00:00,108.75,108.78125,108.71875,108.75,114869.0
2025-01-21 20:00:00+00:00,108.828125,108.828125,108.703125,108.734375,75466.0
2025-01-21 21:00:00+00:00,108.71875,108.828125,108.703125,108.828125,0.0
2025-01-21 23:00:00+00:00,108.6875,108.734375,108.65625,108.703125,12156.0
2025-01-22 00:00:00+00:00,108.59375,108.71875,108.59375,108.6875,26164.0
2025-01-22 01:00:00+00:00,108.625,108.65625,108.59375,108.609375,14406.0
2025-01-22 02:00:00+00:00,108.625,108.671875,108.625,108.640625,9931.0
2025-01-22 03:00:00+00:00,108.609375,108.65625,108.59375,108.640625,10804.0
2025-01-22 04:00:00+00:00,108.65625,108.65625,108.59375,108.609375,7017.0
2025-01-22 05:00:00+00:00,108.65625,108.671875,108.640625,108.65625,9962.0
2025-01-22 06:00:00+00:00,108.703125,108.71875,108.671875,108.671875,13933.0
2025-01-22 07:00:00+00:00,108.640625,108.71875,108.640625,108.71875,27278.0
2025-01-22 08:00:00+00:00,108.8125,108.875,108.640625,108.65625,71769.0
2025-01-22 09:00:00+00:00,108.8125,108.84375,108.765625,108.8125,43496.0
2025-01-22 10:00:00+00:00,108.765625,108.8125,108.75,108.796875,27512.0
2025-01-22 11:00:00+00:00,108.71875,108.796875,108.71875,108.78125,25886.0
2025-01-22 12:00:00+00:00,108.796875,108.796875,108.671875,108.71875,54087.0
2025-01-22 13:00:00+00:00,108.796875,108.84375,108.734375,108.796875,75577.0
2025-01-22 14:00:00+00:00,108.6875,108.84375,108.65625,108.8125,118320.0
2025-01-22 15:00:00+00:00,108.578125,108.78125,108.5625,108.671875,134789.0
2025-01-22 16:00:00+00:00,108.515625,108.640625,108.5,108.5625,138927.0
2025-01-22 17:00:00+00:00,108.46875,108.5625,108.4375,108.515625,139053.0
2025-01-22 18:00:00+00:00,108.53125,108.53125,108.46875,108.46875,87686.0
2025-01-22 19:00:00+00:00,108.546875,108.578125,108.515625,108.515625,137682.0
2025-01-22 20:00:00+00:00,108.546875,108.640625,108.53125,108.5625,117970.0
2025-01-22 21:00:00+00:00,108.484375,108.5625,108.46875,108.546875,0.0
2025-01-22 23:00:00+00:00,108.53125,108.53125,108.46875,108.484375,8028.0
2025-01-23 00:00:00+00:00,108.546875,108.546875,108.5,108.53125,7003.0
2025-01-23 01:00:00+00:00,108.515625,108.546875,108.5,108.546875,13734.0
2025-01-23 02:00:00+00:00,108.546875,108.546875,108.5,108.5,4644.0
2025-01-23 03:00:00+00:00,108.546875,108.546875,108.515625,108.546875,5959.0
2025-01-23 04:00:00+00:00,108.546875,108.5625,108.53125,108.546875,5967.0
2025-01-23 05:00:00+00:00,108.53125,108.546875,108.515625,108.546875,5940.0
2025-01-23 06:00:00+00:00,108.5625,108.5625,108.515625,108.515625,6433.0
2025-01-23 07:00:00+00:00,108.578125,108.609375,108.53125,108.5625,21572.0
2025-01-23 08:00:00+00:00,108.515625,108.578125,108.5,108.578125,35502.0
2025-01-23 09:00:00+00:00,108.4375,108.53125,108.40625,108.515625,54289.0
2025-01-23 10:00:00+00:00,108.375,108.46875,108.359375,108.4375,51871.0
2025-01-23 11:00:00+00:00,108.359375,108.40625,108.328125,108.375,43981.0
2025-01-23 12:00:00+00:00,108.28125,108.390625,108.28125,108.359375,73492.0
2025-01-23 13:00:00+00:00,108.390625,108.484375,108.265625,108.28125,206695.0
2025-01-23 14:00:00+00:00,108.265625,108.421875,108.1875,108.40625,180446.0
2025-01-23 15:00:00+00:00,108.28125,108.34375,108.25,108.265625,126977.0
2025-01-23 16:00:00+00:00,108.328125,108.421875,108.203125,108.28125,209452.0
2025-01-23 17:00:00+00:00,108.359375,108.390625,108.25,108.328125,102780.0
2025-01-23 18:00:00+00:00,108.3125,108.390625,108.296875,108.359375,74824.0
2025-01-23 19:00:00+00:00,108.359375,108.40625,108.296875,108.3125,103041.0
2025-01-23 20:00:00+00:00,108.34375,108.390625,108.3125,108.375,123553.0
2025-01-23 21:00:00+00:00,108.3125,108.359375,108.296875,108.34375,0.0
2025-01-23 23:00:00+00:00,108.359375,108.375,108.296875,108.3125,7096.0
2025-01-24 00:00:00+00:00,108.359375,108.390625,108.359375,108.375,13041.0
2025-01-24 01:00:00+00:00,108.40625,108.421875,108.359375,108.375,14031.0
2025-01-24 02:00:00+00:00,108.5,108.53125,108.390625,108.40625,40742.0
2025-01-24 03:00:00+00:00,108.5,108.515625,108.46875,108.484375,23716.0
2025-01-24 04:00:00+00:00,108.46875,108.5,108.453125,108.5,9485.0
2025-01-24 05:00:00+00:00,108.453125,108.46875,108.421875,108.453125,15307.0
2025-01-24 06:00:00+00:00,108.515625,108.53125,108.453125,108.453125,17359.0
2025-01-24 07:00:00+00:00,108.484375,108.53125,108.453125,108.515625,23539.0
2025-01-24 08:00:00+00:00,108.46875,108.59375,108.4375,108.484375,91086.0
2025-01-24 09:00:00+00:00,108.4375,108.53125,108.375,108.46875,58156.0
2025-01-24 10:00:00+00:00,108.421875,108.453125,108.390625,108.421875,24005.0
2025-01-24 11:00:00+00:00,108.34375,108.453125,108.34375,108.421875,41677.0
2025-01-24 12:00:00+00:00,108.34375,108.421875,108.328125,108.34375,36931.0
2025-01-24 13:00:00+00:00,108.390625,108.40625,108.328125,108.34375,73244.0
2025-01-24 14:00:00+00:00,108.34375,108.453125,108.234375,108.390625,209342.0
2025-01-24 15:00:00+00:00,108.609375,108.65625,108.328125,108.359375,257236.0
2025-01-24 16:00:00+00:00,108.5625,108.625,108.515625,108.609375,144473.0
2025-01-24 17:00:00+00:00,108.5,108.609375,108.484375,108.5625,77072.0
2025-01-24 18:00:00+00:00,108.4375,108.515625,108.421875,108.484375,103705.0
2025-01-24 19:00:00+00:00,108.46875,108.515625,108.4375,108.453125,116437.0
2025-01-24 20:00:00+00:00,108.5,108.515625,108.4375,108.484375,88916.0
2025-01-24 21:00:00+00:00,108.46875,108.515625,108.453125,108.515625,80509.0
2025-01-26 23:00:00+00:00,108.609375,108.640625,108.5,108.515625,31285.0
2025-01-27 00:00:00+00:00,108.671875,108.671875,108.59375,108.609375,26943.0
2025-01-27 01:00:00+00:00,108.75,108.75,108.671875,108.671875,33249.0
2025-01-27 02:00:00+00:00,108.71875,108.75,108.6875,108.75,13482.0
2025-01-27 03:00:00+00:00,108.65625,108.734375,108.65625,108.734375,11335.0
2025-01-27 04:00:00+00:00,108.6875,108.6875,108.65625,108.65625,4975.0
2025-01-27 05:00:00+00:00,108.703125,108.71875,108.671875,108.6875,12707.0
2025-01-27 06:00:00+00:00,108.796875,108.8125,108.703125,108.703125,26269.0
2025-01-27 07:00:00+00:00,108.9375,108.953125,108.796875,108.796875,111410.0
2025-01-27 08:00:00+00:00,109.046875,109.0625,108.9375,108.9375,144134.0
2025-01-27 09:00:00+00:00,109.078125,109.203125,109.015625,109.046875,157641.0
2025-01-27 10:00:00+00:00,109.296875,109.3125,109.0625,109.078125,145477.0
2025-01-27 11:00:00+00:00,109.3125,109.375,109.234375,109.296875,179311.0
2025-01-27 12:00:00+00:00,109.171875,109.359375,109.140625,109.3125,164723.0
2025-01-27 13:00:00+00:00,109.109375,109.25,109.03125,109.171875,237318.0
2025-01-27 14:00:00+00:00,108.984375,109.21875,108.984375,109.109375,263477.0
2025-01-27 15:00:00+00:00,109.0,109.078125,108.890625,108.984375,232177.0
2025-01-27 16:00:00+00:00,109.0625,109.078125,108.9375,108.984375,167363.0
2025-01-27 17:00:00+00:00,109.109375,109.15625,109.0,109.0625,135905.0
2025-01-27 18:00:00+00:00,109.125,109.21875,109.078125,109.109375,134416.0
2025-01-27 19:00:00+00:00,109.15625,109.171875,109.0,109.109375,186441.0
2025-01-27 20:00:00+00:00,109.125,109.1875,109.109375,109.171875,137922.0
2025-01-27 21:00:00+00:00,109.09375,109.15625,109.078125,109.140625,0.0
2025-01-27 23:00:00+00:00,109.03125,109.109375,108.984375,109.0625,21124.0
2025-01-28 00:00:00+00:00,108.984375,109.03125,108.9375,109.03125,18623.0
2025-01-28 01:00:00+00:00,108.953125,109.015625,108.921875,108.984375,27016.0
2025-01-28 02:00:00+00:00,108.96875,108.984375,108.921875,108.953125,26337.0
2025-01-28 03:00:00+00:00,109.0,109.015625,108.953125,108.984375,10637.0
2025-01-28 04:00:00+00:00,108.953125,109.015625,108.9375,109.0,7862.0
2025-01-28 05:00:00+00:00,108.953125,108.984375,108.9375,108.9375,9018.0
2025-01-28 06:00:00+00:00,108.96875,109.0,108.953125,108.96875,11878.0
2025-01-28 07:00:00+00:00,108.9375,109.03125,108.921875,108.96875,32821.0
2025-01-28 08:00:00+00:00,108.90625,108.9375,108.859375,108.9375,90132.0
2025-01-28 09:00:00+00:00,108.859375,108.921875,108.796875,108.90625,73913.0
2025-01-28 10:00:00+00:00,108.875,108.9375,108.828125,108.875,44665.0
2025-01-28 11:00:00+00:00,108.875,108.90625,108.859375,108.875,25532.0
2025-01-28 12:00:00+00:00,108.921875,108.9375,108.859375,108.875,62816.0
2025-01-28 13:00:00+00:00,108.921875,108.984375,108.859375,108.90625,141796.0
2025-01-28 14:00:00+00:00,108.984375,109.0625,108.875,108.921875,168285.0
2025-01-28 15:00:00+00:00,108.84375,109.0,108.8125,108.984375,147439.0
2025-01-28 16:00:00+00:00,108.859375,108.90625,108.796875,108.828125,95079.0
2025-01-28 17:00:00+00:00,108.90625,108.921875,108.828125,108.859375,98092.0
2025-01-28 18:00:00+00:00,108.9375,109.03125,108.875,108.90625,132169.0
2025-01-28 19:00:00+00:00,109.03125,109.046875,108.90625,108.921875,122708.0
2025-01-28 20:00:00+00:00,109.125,109.15625,109.0,109.046875,158576.0
2025-01-28 21:00:00+00:00,109.140625,109.140625,109.078125,109.125,0.0
2025-01-28 23:00:00+00:00,109.140625,109.15625,109.09375,109.125,11930.0
2025-01-29 00:00:00+00:00,109.203125,109.21875,109.125,109.140625,22093.0
2025-01-29 01:00:00+00:00,109.1875,109.234375,109.1875,109.21875,9751.0
2025-01-29 02:00:00+00:00,109.1875,109.21875,109.1875,109.203125,5971.0
2025-01-29 03:00:00+00:00,109.21875,109.234375,109.1875,109.203125,10152.0
2025-01-29 04:00:00+00:00,109.203125,109.234375,109.1875,109.21875,4764.0
2025-01-29 05:00:00+00:00,109.203125,109.234375,109.1875,109.21875,9727.0
2025-01-29 06:00:00+00:00,109.1875,109.21875,109.171875,109.203125,11096.0
2025-01-29 07:00:00+00:00,109.25,109.25,109.1875,109.1875,26451.0
2025-01-29 08:00:00+00:00,109.25,109.28125,109.203125,109.234375,55564.0
2025-01-29 09:00:00+00:00,109.203125,109.265625,109.171875,109.234375,52350.0
2025-01-29 10:00:00+00:00,109.15625,109.21875,109.15625,109.21875,33136.0
2025-01-29 11:00:00+00:00,109.140625,109.1875,109.109375,109.171875,37727.0
2025-01-29 12:00:00+00:00,109.234375,109.234375,109.109375,109.140625,67206.0
2025-01-29 13:00:00+00:00,109.203125,109.28125,109.15625,109.234375,129785.0
2025-01-29 14:00:00+00:00,109.21875,109.28125,109.140625,109.203125,141351.0
2025-01-29 15:00:00+00:00,109.078125,109.234375,109.0625,109.234375,115317.0
2025-01-29 16:00:00+00:00,108.953125,109.109375,108.953125,109.078125,158744.0
2025-01-29 17:00:00+00:00,109.015625,109.03125,108.953125,108.953125,89456.0
2025-01-29 18:00:00+00:00,108.96875,109.0625,108.9375,109.015625,85306.0
2025-01-29 19:00:00+00:00,108.96875,109.03125,108.6875,108.96875,436494.0
2025-01-29 20:00:00+00:00,109.0,109.046875,108.921875,108.953125,188056.0
2025-01-29 21:00:00+00:00,109.109375,109.125,108.984375,109.0,94243.0
2025-01-29 23:00:00+00:00,109.0625,109.125,109.046875,109.109375,0.0
2025-01-30 00:00:00+00:00,109.046875,109.0625,109.015625,109.0625,15080.0
2025-01-30 01:00:00+00:00,109.03125,109.078125,109.03125,109.046875,7050.0
2025-01-30 02:00:00+00:00,109.0625,109.109375,109.03125,109.046875,18947.0
2025-01-30 03:00:00+00:00,109.109375,109.109375,109.0625,109.078125,4549.0
2025-01-30 04:00:00+00:00,109.15625,109.15625,109.09375,109.109375,5266.0
2025-01-30 05:00:00+00:00,109.1875,109.1875,109.140625,109.140625,13704.0
2025-01-30 06:00:00+00:00,109.171875,109.1875,109.140625,109.171875,9302.0
2025-01-30 07:00:00+00:00,109.171875,109.21875,109.140625,109.15625,20435.0
2025-01-30 08:00:00+00:00,109.234375,109.25,109.15625,109.171875,46939.0
2025-01-30 09:00:00+00:00,109.25,109.296875,109.234375,109.25,57012.0
2025-01-30 10:00:00+00:00,109.25,109.28125,109.234375,109.25,29583.0
2025-01-30 11:00:00+00:00,109.265625,109.3125,109.234375,109.25,36455.0
2025-01-30 12:00:00+00:00,109.34375,109.40625,109.265625,109.265625,108161.0
2025-01-30 13:00:00+00:00,109.296875,109.40625,109.171875,109.34375,303991.0
2025-01-30 14:00:00+00:00,109.265625,109.296875,109.140625,109.28125,190062.0
2025-01-30 15:00:00+00:00,109.125,109.3125,109.09375,109.265625,212161.0
2025-01-30 16:00:00+00:00,109.109375,109.1875,109.078125,109.125,98729.0
2025-01-30 17:00:00+00:00,109.1875,109.1875,109.09375,109.109375,86474.0
2025-01-30 18:00:00+00:00,109.15625,109.1875,109.109375,109.1875,56774.0
2025-01-30 19:00:00+00:00,109.234375,109.25,109.15625,109.15625,136792.0
2025-01-30 20:00:00+00:00,109.171875,109.25,109.09375,109.25,183886.0
2025-01-30 21:00:00+00:00,109.171875,109.203125,109.09375,109.171875,0.0
2025-01-30 23:00:00+00:00,109.140625,109.1875,109.125,109.1875,10445.0
2025-01-31 00:00:00+00:00,109.046875,109.140625,109.046875,109.140625,17853.0
2025-01-31 01:00:00+00:00,109.078125,109.078125,109.03125,109.0625,28909.0
2025-01-31 02:00:00+00:00,109.078125,109.109375,109.046875,109.0625,20042.0
2025-01-31 03:00:00+00:00,109.015625,109.078125,109.0,109.0625,15738.0
2025-01-31 04:00:00+00:00,109.015625,109.046875,109.015625,109.015625,6979.0
2025-01-31 05:00:00+00:00,108.984375,109.03125,108.96875,109.0,10034.0
2025-01-31 06:00:00+00:00,108.984375,109.015625,108.984375,109.0,12757.0
2025-01-31 07:00:00+00:00,109.046875,109.0625,108.984375,109.0,29887.0
2025-01-31 08:00:00+00:00,109.0625,109.078125,109.0,109.046875,31377.0
2025-01-31 09:00:00+00:00,109.109375,109.1875,109.078125,109.078125,87613.0
2025-01-31 10:00:00+00:00,109.109375,109.125,109.0625,109.09375,40852.0
2025-01-31 11:00:00+00:00,109.140625,109.171875,109.09375,109.125,29836.0
2025-01-31 12:00:00+00:00,109.171875,109.1875,109.109375,109.140625,53017.0
2025-01-31 13:00:00+00:00,109.171875,109.203125,109.0,109.15625,211255.0
2025-01-31 14:00:00+00:00,109.265625,109.296875,109.140625,109.171875,177674.0
2025-01-31 15:00:00+00:00,109.234375,109.28125,109.15625,109.265625,146946.0
2025-01-31 16:00:00+00:00,109.140625,109.25,109.109375,109.234375,134580.0
2025-01-31 17:00:00+00:00,109.21875,109.25,109.140625,109.140625,133370.0
2025-01-31 18:00:00+00:00,109.0,109.21875,109.0,109.21875,162086.0
2025-01-31 19:00:00+00:00,108.84375,109.0625,108.828125,109.0,327526.0
2025-01-31 20:00:00+00:00,109.0,109.015625,108.78125,108.859375,566620.0
2025-01-31 21:00:00+00:00,109.03125,109.0625,108.96875,109.0,342009.0
2025-02-02 23:00:00+00:00,108.78125,108.9375,108.671875,108.875,107394.0
2025-02-03 00:00:00+00:00,109.03125,109.046875,108.765625,108.796875,82177.0
2025-02-03 01:00:00+00:00,109.109375,109.15625,109.015625,109.03125,59032.0
2025-02-03 02:00:00+00:00,109.21875,109.265625,109.046875,109.109375,57370.0
2025-02-03 03:00:00+00:00,109.203125,109.234375,109.140625,109.203125,26355.0
2025-02-03 04:00:00+00:00,109.125,109.21875,109.125,109.203125,25601.0
2025-02-03 05:00:00+00:00,109.109375,109.1875,109.109375,109.125,19134.0
2025-02-03 06:00:00+00:00,109.109375,109.140625,109.078125,109.109375,22059.0
2025-02-03 07:00:00+00:00,108.921875,109.109375,108.890625,109.109375,87431.0
2025-02-03 08:00:00+00:00,108.90625,108.96875,108.859375,108.921875,98913.0
2025-02-03 09:00:00+00:00,109.03125,109.03125,108.859375,108.890625,63698.0
2025-02-03 10:00:00+00:00,108.890625,109.015625,108.890625,109.015625,59595.0
2025-02-03 11:00:00+00:00,108.953125,108.96875,108.875,108.890625,52510.0
2025-02-03 12:00:00+00:00,109.1875,109.203125,108.9375,108.953125,113960.0
2025-02-03 13:00:00+00:00,109.109375,109.25,108.953125,109.171875,190864.0
2025-02-03 14:00:00+00:00,109.15625,109.234375,109.0625,109.109375,185786.0
2025-02-03 15:00:00+00:00,109.0625,109.484375,109.0,109.140625,561917.0
2025-02-03 16:00:00+00:00,109.109375,109.25,109.03125,109.046875,212135.0
2025-02-03 17:00:00+00:00,109.125,109.1875,109.0,109.09375,184390.0
2025-02-03 18:00:00+00:00,108.984375,109.1875,108.96875,109.125,107155.0
2025-02-03 19:00:00+00:00,108.953125,109.015625,108.84375,108.984375,165546.0
2025-02-03 20:00:00+00:00,109.015625,109.015625,108.90625,108.96875,97203.0
2025-02-03 21:00:00+00:00,108.875,109.046875,108.8125,109.015625,0.0
2025-02-03 23:00:00+00:00,108.8125,108.875,108.796875,108.859375,22962.0
2025-02-04 00:00:00+00:00,108.84375,108.859375,108.78125,108.828125,19563.0
2025-02-04 01:00:00+00:00,108.859375,108.875,108.796875,108.84375,19580.0
2025-02-04 02:00:00+00:00,108.84375,108.890625,108.796875,108.875,19773.0
2025-02-04 03:00:00+00:00,108.78125,108.84375,108.75,108.84375,14839.0
2025-02-04 04:00:00+00:00,108.828125,108.828125,108.78125,108.78125,10496.0
2025-02-04 05:00:00+00:00,108.84375,109.0,108.8125,108.8125,56849.0
2025-02-04 06:00:00+00:00,108.78125,108.84375,108.765625,108.828125,17763.0
2025-02-04 07:00:00+00:00,108.71875,108.8125,108.71875,108.78125,33150.0
2025-02-04 08:00:00+00:00,108.8125,108.859375,108.734375,108.734375,61710.0
2025-02-04 09:00:00+00:00,108.765625,108.859375,108.765625,108.8125,31909.0
2025-02-04 10:00:00+00:00,108.828125,108.828125,108.734375,108.75,33904.0
2025-02-04 11:00:00+00:00,108.765625,108.84375,108.75,108.828125,35629.0
2025-02-04 12:00:00+00:00,108.703125,108.796875,108.6875,108.765625,86556.0
2025-02-04 13:00:00+00:00,108.703125,108.796875,108.640625,108.703125,150890.0
2025-02-04 14:00:00+00:00,108.890625,108.921875,108.6875,108.71875,213461.0
2025-02-04 15:00:00+00:00,109.015625,109.0625,108.875,108.90625,287782.0
2025-02-04 16:00:00+00:00,109.078125,109.125,109.0,109.015625,154195.0
2025-02-04 17:00:00+00:00,109.125,109.171875,109.046875,109.0625,118993.0
2025-02-04 18:00:00+00:00,109.140625,109.203125,109.109375,109.125,87053.0
2025-02-04 19:00:00+00:00,109.203125,109.234375,109.125,109.140625,197079.0
2025-02-04 20:00:00+00:00,109.203125,109.234375,109.15625,109.21875,97102.0
2025-02-04 21:00:00+00:00,109.1875,109.21875,109.125,109.203125,0.0
2025-02-04 23:00:00+00:00,109.109375,109.171875,109.09375,109.171875,18372.0
2025-02-05 00:00:00+00:00,109.125,109.125,109.078125,109.109375,20371.0
2025-02-05 01:00:00+00:00,109.15625,109.1875,109.109375,109.125,21113.0
2025-02-05 02:00:00+00:00,109.15625,109.203125,109.140625,109.171875,35999.0
2025-02-05 03:00:00+00:00,109.203125,109.234375,109.15625,109.171875,17777.0
2025-02-05 04:00:00+00:00,109.21875,109.234375,109.1875,109.21875,9684.0
2025-02-05 05:00:00+00:00,109.1875,109.21875,109.1875,109.203125,10373.0
2025-02-05 06:00:00+00:00,109.296875,109.3125,109.1875,109.1875,36179.0
2025-02-05 07:00:00+00:00,109.296875,109.359375,109.234375,109.296875,49607.0
2025-02-05 08:00:00+00:00,109.375,109.390625,109.265625,109.296875,49450.0
2025-02-05 09:00:00+00:00,109.40625,109.4375,109.359375,109.359375,57229.0
2025-02-05 10:00:00+00:00,109.453125,109.46875,109.40625,109.40625,64389.0
2025-02-05 11:00:00+00:00,109.40625,109.46875,109.390625,109.453125,33999.0
2025-02-05 12:00:00+00:00,109.53125,109.578125,109.390625,109.40625,143810.0
2025-02-05 13:00:00+00:00,109.484375,109.65625,109.46875,109.515625,283695.0
2025-02-05 14:00:00+00:00,109.5625,109.59375,109.40625,109.484375,133020.0
2025-02-05 15:00:00+00:00,109.75,109.765625,109.6875,109.75,451119.0
2025-02-05 16:00:00+00:00,109.765625,109.8125,109.734375,109.734375,140202.0
2025-02-05 17:00:00+00:00,109.78125,109.828125,109.71875,109.765625,121471.0
2025-02-05 18:00:00+00:00,109.859375,109.90625,109.765625,109.78125,108369.0
2025-02-05 19:00:00+00:00,109.765625,109.890625,109.71875,109.875,192247.0
2025-02-05 20:00:00+00:00,109.71875,109.78125,109.6875,109.765625,114491.0
2025-02-05 21:00:00+00:00,109.75,109.75,109.671875,109.71875,0.0
2025-02-05 23:00:00+00:00,109.703125,109.78125,109.671875,109.75,10921.0
2025-02-06 00:00:00+00:00,109.703125,109.734375,109.671875,109.71875,18233.0
2025-02-06 01:00:00+00:00,109.75,109.765625,109.6875,109.703125,14439.0
2025-02-06 02:00:00+00:00,109.703125,109.78125,109.6875,109.75,15186.0
2025-02-06 03:00:00+00:00,109.703125,109.734375,109.6875,109.71875,11974.0
2025-02-06 04:00:00+00:00,109.671875,109.71875,109.671875,109.703125,9542.0
2025-02-06 05:00:00+00:00,109.65625,109.671875,109.625,109.671875,17127.0
2025-02-06 06:00:00+00:00,109.640625,109.671875,109.609375,109.65625,20146.0
2025-02-06 07:00:00+00:00,109.625,109.65625,109.578125,109.640625,30390.0
2025-02-06 08:00:00+00:00,109.53125,109.65625,109.515625,109.625,77288.0
2025-02-06 09:00:00+00:00,109.578125,109.578125,109.5,109.546875,48289.0
2025-02-06 10:00:00+00:00,109.59375,109.625,109.546875,109.578125,43432.0
2025-02-06 11:00:00+00:00,109.640625,109.65625,109.546875,109.59375,42817.0
2025-02-06 12:00:00+00:00,109.578125,109.6875,109.546875,109.640625,122211.0
2025-02-06 13:00:00+00:00,109.671875,109.75,109.484375,109.578125,271424.0
2025-02-06 14:00:00+00:00,109.59375,109.6875,109.5,109.671875,169202.0
2025-02-06 15:00:00+00:00,109.609375,109.703125,109.53125,109.59375,191505.0
2025-02-06 16:00:00+00:00,109.4375,109.640625,109.4375,109.625,165592.0
2025-02-06 17:00:00+00:00,109.53125,109.546875,109.4375,109.4375,101079.0
2025-02-06 18:00:00+00:00,109.65625,109.671875,109.53125,109.546875,127928.0
2025-02-06 19:00:00+00:00,109.5625,109.671875,109.546875,109.671875,145817.0
2025-02-06 20:00:00+00:00,109.5625,109.609375,109.546875,109.578125,115825.0
2025-02-06 21:00:00+00:00,109.59375,109.59375,109.546875,109.5625,0.0
2025-02-06 23:00:00+00:00,109.59375,109.59375,109.546875,109.578125,6258.0
2025-02-07 00:00:00+00:00,109.578125,109.625,109.5625,109.59375,7746.0
2025-02-07 01:00:00+00:00,109.578125,109.609375,109.53125,109.578125,15878.0
2025-02-07 02:00:00+00:00,109.5625,109.578125,109.53125,109.578125,10054.0
2025-02-07 03:00:00+00:00,109.515625,109.578125,109.5,109.546875,10948.0
2025-02-07 04:00:00+00:00,109.5,109.53125,109.5,109.53125,7921.0
2025-02-07 05:00:00+00:00,109.515625,109.515625,109.484375,109.5,9267.0
2025-02-07 06:00:00+00:00,109.5,109.53125,109.5,109.515625,9457.0
2025-02-07 07:00:00+00:00,109.453125,109.53125,109.421875,109.484375,45645.0
2025-02-07 08:00:00+00:00,109.578125,109.609375,109.421875,109.453125,80165.0
2025-02-07 09:00:00+00:00,109.5625,109.609375,109.53125,109.59375,43753.0
2025-02-07 10:00:00+00:00,109.578125,109.59375,109.546875,109.578125,25479.0
2025-02-07 11:00:00+00:00,109.578125,109.625,109.546875,109.5625,27945.0
2025-02-07 12:00:00+00:00,109.546875,109.59375,109.5,109.59375,65105.0
2025-02-07 13:00:00+00:00,109.21875,110.0,109.15625,109.5625,550049.0
2025-02-07 14:00:00+00:00,109.203125,109.3125,109.125,109.21875,268557.0
2025-02-07 15:00:00+00:00,109.15625,109.234375,109.03125,109.203125,360372.0
2025-02-07 16:00:00+00:00,109.1875,109.296875,109.09375,109.15625,208420.0
2025-02-07 17:00:00+00:00,109.15625,109.234375,109.125,109.171875,112013.0
2025-02-07 18:00:00+00:00,109.21875,109.25,109.140625,109.171875,55635.0
2025-02-07 19:00:00+00:00,109.21875,109.28125,109.21875,109.21875,162178.0
2025-02-07 20:00:00+00:00,109.203125,109.265625,109.171875,109.234375,93576.0
2025-02-07 21:00:00+00:00,109.15599822998047,109.234375,109.140625,109.21875,69716.0
2025-02-09 23:00:00+00:00,109.21875,109.25,109.109375,109.171875,17643.0
2025-02-10 00:00:00+00:00,109.203125,109.28125,109.1875,109.234375,23105.0
2025-02-10 01:00:00+00:00,109.234375,109.25,109.171875,109.1875,16977.0
2025-02-10 02:00:00+00:00,109.203125,109.25,109.203125,109.234375,9658.0
2025-02-10 03:00:00+00:00,109.21875,109.25,109.203125,109.21875,8795.0
2025-02-10 04:00:00+00:00,109.234375,109.265625,109.21875,109.21875,6487.0
2025-02-10 05:00:00+00:00,109.21875,109.234375,109.1875,109.21875,10784.0
2025-02-10 06:00:00+00:00,109.21875,109.265625,109.203125,109.21875,12547.0
2025-02-10 07:00:00+00:00,109.203125,109.25,109.1875,109.21875,21975.0
2025-02-10 08:00:00+00:00,109.203125,109.203125,109.078125,109.203125,62778.0
2025-02-10 09:00:00+00:00,109.1875,109.265625,109.15625,109.203125,57666.0
2025-02-10 10:00:00+00:00,109.171875,109.21875,109.140625,109.203125,22992.0
2025-02-10 11:00:00+00:00,109.1875,109.21875,109.140625,109.171875,24558.0
2025-02-10 12:00:00+00:00,109.203125,109.21875,109.140625,109.171875,38134.0
2025-02-10 13:00:00+00:00,109.28125,109.296875,109.15625,109.203125,104243.0
2025-02-10 14:00:00+00:00,109.34375,109.375,109.234375,109.265625,120111.0
2025-02-10 15:00:00+00:00,109.375,109.421875,109.34375,109.359375,154625.0
2025-02-10 16:00:00+00:00,109.296875,109.390625,109.265625,109.375,103621.0
2025-02-10 17:00:00+00:00,109.25,109.296875,109.203125,109.296875,110446.0
2025-02-10 18:00:00+00:00,109.21875,109.28125,109.171875,109.234375,54396.0
2025-02-10 19:00:00+00:00,109.21875,109.25,109.1875,109.203125,138515.0
2025-02-10 20:00:00+00:00,109.171875,109.25,109.125,109.234375,108356.0
2025-02-10 21:00:00+00:00,109.1875,109.203125,109.140625,109.171875,70087.0
2025-02-10 23:00:00+00:00,109.28125,109.296875,109.1875,109.1875,0.0
2025-02-11 00:00:00+00:00,109.234375,109.296875,109.234375,109.28125,9167.0
2025-02-11 01:00:00+00:00,109.21875,109.265625,109.203125,109.234375,8695.0
2025-02-11 02:00:00+00:00,109.21875,109.25,109.21875,109.21875,10161.0
2025-02-11 03:00:00+00:00,109.203125,109.234375,109.203125,109.21875,5302.0
2025-02-11 04:00:00+00:00,109.1875,109.203125,109.1875,109.203125,1069.0
2025-02-11 05:00:00+00:00,109.203125,109.203125,109.1875,109.203125,970.0
2025-02-11 06:00:00+00:00,109.09375,109.21875,109.09375,109.203125,18235.0
2025-02-11 07:00:00+00:00,109.109375,109.125,109.046875,109.09375,36773.0
2025-02-11 08:00:00+00:00,109.09375,109.140625,109.0625,109.09375,41991.0
2025-02-11 09:00:00+00:00,109.0625,109.109375,109.03125,109.078125,30319.0
2025-02-11 10:00:00+00:00,109.046875,109.078125,109.015625,109.0625,26566.0
2025-02-11 11:00:00+00:00,109.03125,109.078125,109.0,109.046875,37180.0
2025-02-11 12:00:00+00:00,108.9375,109.046875,108.9375,109.03125,81394.0
2025-02-11 13:00:00+00:00,108.9375,109.0,108.90625,108.953125,117154.0
2025-02-11 14:00:00+00:00,108.96875,109.0,108.921875,108.953125,109793.0
2025-02-11 15:00:00+00:00,108.953125,109.015625,108.875,108.96875,175442.0
2025-02-11 16:00:00+00:00,108.953125,109.03125,108.921875,108.9375,105829.0
2025-02-11 17:00:00+00:00,108.9375,108.984375,108.921875,108.96875,59054.0
2025-02-11 18:00:00+00:00,109.0,109.03125,108.921875,108.921875,73739.0
2025-02-11 19:00:00+00:00,108.953125,109.03125,108.921875,109.015625,92652.0
2025-02-11 20:00:00+00:00,108.96875,108.984375,108.9375,108.953125,86220.0
2025-02-11 21:00:00+00:00,108.96875,108.984375,108.9375,108.953125,0.0
2025-02-11 23:00:00+00:00,108.921875,108.984375,108.921875,108.953125,8439.0
2025-02-12 00:00:00+00:00,108.96875,108.96875,108.90625,108.921875,13858.0
2025-02-12 01:00:00+00:00,108.953125,109.015625,108.953125,108.96875,23308.0
2025-02-12 02:00:00+00:00,108.90625,108.96875,108.890625,108.953125,23999.0
2025-02-12 03:00:00+00:00,108.890625,108.96875,108.875,108.90625,46811.0
2025-02-12 04:00:00+00:00,108.875,108.890625,108.828125,108.875,23265.0
2025-02-12 05:00:00+00:00,108.890625,108.890625,108.859375,108.890625,9179.0
2025-02-12 06:00:00+00:00,108.90625,108.90625,108.84375,108.890625,16366.0
2025-02-12 07:00:00+00:00,108.875,108.921875,108.875,108.90625,22018.0
2025-02-12 08:00:00+00:00,108.890625,108.921875,108.84375,108.875,29476.0
2025-02-12 09:00:00+00:00,108.90625,108.9375,108.875,108.90625,29183.0
2025-02-12 10:00:00+00:00,108.921875,108.9375,108.859375,108.90625,34585.0
2025-02-12 11:00:00+00:00,108.921875,108.96875,108.90625,108.921875,48359.0
2025-02-12 12:00:00+00:00,108.890625,108.9375,108.859375,108.9375,86745.0
2025-02-12 13:00:00+00:00,108.25,109.15625,108.203125,108.890625,600586.0
2025-02-12 14:00:00+00:00,108.1875,108.328125,108.171875,108.25,487209.0
2025-02-12 15:00:00+00:00,108.203125,108.21875,108.125,108.1875,250032.0
2025-02-12 16:00:00+00:00,108.265625,108.28125,108.140625,108.1875,186146.0
2025-02-12 17:00:00+00:00,108.328125,108.34375,108.25,108.265625,170539.0
2025-02-12 18:00:00+00:00,108.3125,108.34375,108.21875,108.328125,138928.0
2025-02-12 19:00:00+00:00,108.265625,108.34375,108.234375,108.3125,217280.0
2025-02-12 20:00:00+00:00,108.28125,108.3125,108.25,108.265625,120753.0
2025-02-12 21:00:00+00:00,108.34375,108.34375,108.28125,108.28125,0.0
2025-02-12 23:00:00+00:00,108.328125,108.359375,108.3125,108.34375,15544.0
2025-02-13 00:00:00+00:00,108.34375,108.375,108.328125,108.328125,12458.0
2025-02-13 01:00:00+00:00,108.40625,108.421875,108.328125,108.359375,29485.0
2025-02-13 02:00:00+00:00,108.4375,108.453125,108.390625,108.421875,21900.0
2025-02-13 03:00:00+00:00,108.421875,108.4375,108.390625,108.4375,13388.0
2025-02-13 04:00:00+00:00,108.421875,108.421875,108.390625,108.40625,12629.0
2025-02-13 05:00:00+00:00,108.4375,108.4375,108.390625,108.421875,13318.0
2025-02-13 06:00:00+00:00,108.421875,108.4375,108.40625,108.421875,14309.0
2025-02-13 07:00:00+00:00,108.390625,108.421875,108.375,108.421875,39186.0
2025-02-13 08:00:00+00:00,108.46875,108.484375,108.375,108.390625,56510.0
2025-02-13 09:00:00+00:00,108.421875,108.484375,108.40625,108.46875,36952.0
2025-02-13 10:00:00+00:00,108.46875,108.46875,108.390625,108.40625,24698.0
2025-02-13 11:00:00+00:00,108.5,108.53125,108.4375,108.453125,62498.0
2025-02-13 12:00:00+00:00,108.46875,108.515625,108.4375,108.5,77891.0
2025-02-13 13:00:00+00:00,108.71875,108.75,108.328125,108.453125,469601.0
2025-02-13 14:00:00+00:00,108.78125,108.828125,108.640625,108.71875,292307.0
2025-02-13 15:00:00+00:00,108.90625,108.953125,108.734375,108.78125,381550.0
2025-02-13 16:00:00+00:00,108.84375,108.921875,108.828125,108.921875,243584.0
2025-02-13 17:00:00+00:00,108.890625,108.9375,108.828125,108.828125,134300.0
2025-02-13 18:00:00+00:00,108.875,108.921875,108.796875,108.90625,172616.0
2025-02-13 19:00:00+00:00,108.9375,109.03125,108.875,108.875,206145.0
2025-02-13 20:00:00+00:00,108.921875,108.953125,108.890625,108.953125,141344.0
2025-02-13 21:00:00+00:00,108.90625,108.9375,108.875,108.90625,71276.0
2025-02-13 23:00:00+00:00,108.859375,108.9375,108.84375,108.921875,0.0
2025-02-14 00:00:00+00:00,108.875,108.90625,108.859375,108.859375,11663.0
2025-02-14 01:00:00+00:00,108.890625,108.890625,108.84375,108.890625,7143.0
2025-02-14 02:00:00+00:00,108.90625,108.90625,108.859375,108.890625,10241.0
2025-02-14 03:00:00+00:00,108.90625,108.90625,108.859375,108.890625,11638.0
2025-02-14 04:00:00+00:00,108.921875,108.921875,108.890625,108.921875,5022.0
2025-02-14 05:00:00+00:00,108.90625,108.9375,108.90625,108.921875,7099.0
2025-02-14 06:00:00+00:00,108.90625,108.9375,108.890625,108.90625,8684.0
2025-02-14 07:00:00+00:00,108.875,108.90625,108.8125,108.890625,56143.0
2025-02-14 08:00:00+00:00,108.8125,108.90625,108.8125,108.859375,51716.0
2025-02-14 09:00:00+00:00,108.96875,108.96875,108.8125,108.828125,42453.0
2025-02-14 10:00:00+00:00,108.953125,108.984375,108.921875,108.953125,29400.0
2025-02-14 11:00:00+00:00,108.890625,108.96875,108.890625,108.953125,23720.0
2025-02-14 12:00:00+00:00,108.921875,108.96875,108.859375,108.890625,70401.0
2025-02-14 13:00:00+00:00,109.34375,109.359375,108.890625,108.921875,374167.0
2025-02-14 14:00:00+00:00,109.3125,109.40625,109.28125,109.34375,208334.0
2025-02-14 15:00:00+00:00,109.421875,109.4375,109.296875,109.328125,151630.0
2025-02-14 16:00:00+00:00,109.421875,109.484375,109.390625,109.421875,182791.0
2025-02-14 17:00:00+00:00,109.359375,109.4375,109.328125,109.421875,133809.0
2025-02-14 18:00:00+00:00,109.34375,109.375,109.3125,109.359375,83071.0
2025-02-14 19:00:00+00:00,109.296875,109.34375,109.28125,109.328125,142752.0
2025-02-14 20:00:00+00:00,109.28125,109.296875,109.25,109.296875,121341.0
2025-02-14 21:00:00+00:00,109.296875,109.2969970703125,109.25,109.265625,47499.0
2025-02-16 23:00:00+00:00,109.25,109.34375,109.25,109.265625,12395.0
2025-02-17 00:00:00+00:00,109.203125,109.265625,109.203125,109.265625,16480.0
2025-02-17 01:00:00+00:00,109.203125,109.21875,109.1875,109.21875,11416.0
2025-02-17 02:00:00+00:00,109.1875,109.21875,109.1875,109.1875,5034.0
2025-02-17 03:00:00+00:00,109.203125,109.203125,109.171875,109.203125,6830.0
2025-02-17 04:00:00+00:00,109.203125,109.203125,109.1875,109.203125,3143.0
2025-02-18 05:00:00+00:00,109.078125,109.078125,109.046875,109.0625,14495.0
2025-02-18 06:00:00+00:00,109.09375,109.109375,109.0625,109.0625,10333.0
2025-02-18 07:00:00+00:00,109.078125,109.125,109.0625,109.078125,22251.0
2025-02-18 08:00:00+00:00,109.078125,109.09375,109.03125,109.078125,40666.0
2025-02-18 09:00:00+00:00,109.0625,109.09375,109.046875,109.078125,29751.0
2025-02-18 10:00:00+00:00,109.078125,109.125,109.046875,109.0625,28093.0
2025-02-18 11:00:00+00:00,109.015625,109.09375,109.015625,109.09375,33861.0
2025-02-18 12:00:00+00:00,109.03125,109.046875,109.0,109.03125,53941.0
2025-02-18 13:00:00+00:00,109.0,109.078125,108.96875,109.03125,142942.0
2025-02-18 14:00:00+00:00,109.046875,109.078125,108.96875,109.015625,116163.0
2025-02-18 15:00:00+00:00,109.046875,109.09375,109.0,109.046875,111964.0
2025-02-18 16:00:00+00:00,108.953125,109.0625,108.9375,109.046875,115282.0
2025-02-18 17:00:00+00:00,108.890625,108.96875,108.890625,108.953125,91613.0
2025-02-18 18:00:00+00:00,108.859375,108.921875,108.84375,108.890625,95420.0
2025-02-18 19:00:00+00:00,108.859375,108.90625,108.828125,108.859375,202966.0
2025-02-18 20:00:00+00:00,108.78125,108.859375,108.765625,108.84375,156177.0
2025-02-18 21:00:00+00:00,108.796875,108.8125,108.734375,108.78125,0.0
2025-02-18 23:00:00+00:00,108.78125,108.8125,108.765625,108.796875,9290.0
2025-02-19 00:00:00+00:00,108.828125,108.84375,108.75,108.765625,23132.0
2025-02-19 01:00:00+00:00,108.8125,108.84375,108.796875,108.828125,16172.0
2025-02-19 02:00:00+00:00,108.828125,108.828125,108.796875,108.828125,9478.0
2025-02-19 03:00:00+00:00,108.8125,108.84375,108.796875,108.8125,8916.0
2025-02-19 04:00:00+00:00,108.828125,108.828125,108.796875,108.828125,10244.0
2025-02-19 05:00:00+00:00,108.8125,108.84375,108.8125,108.8125,7445.0
2025-02-19 06:00:00+00:00,108.828125,108.84375,108.8125,108.8125,11193.0
2025-02-19 07:00:00+00:00,108.8125,108.828125,108.765625,108.8125,35110.0
2025-02-19 08:00:00+00:00,108.75,108.84375,108.71875,108.828125,46467.0
2025-02-19 09:00:00+00:00,108.75,108.78125,108.703125,108.75,46541.0
2025-02-19 10:00:00+00:00,108.78125,108.78125,108.71875,108.75,32860.0
2025-02-19 11:00:00+00:00,108.71875,108.78125,108.6875,108.78125,110500.0
2025-02-19 12:00:00+00:00,108.703125,108.78125,108.703125,108.71875,132587.0
2025-02-19 13:00:00+00:00,108.703125,108.75,108.671875,108.71875,174073.0
2025-02-19 14:00:00+00:00,108.828125,108.84375,108.6875,108.703125,186603.0
2025-02-19 15:00:00+00:00,108.859375,108.890625,108.8125,108.84375,353856.0
2025-02-19 16:00:00+00:00,108.796875,108.875,108.78125,108.859375,426076.0
2025-02-19 17:00:00+00:00,108.796875,108.84375,108.78125,108.8125,233124.0
2025-02-19 18:00:00+00:00,108.8125,108.859375,108.75,108.78125,109504.0
2025-02-19 19:00:00+00:00,108.953125,109.0,108.8125,108.828125,208299.0
2025-02-19 20:00:00+00:00,108.953125,108.984375,108.90625,108.9375,125745.0
2025-02-19 21:00:00+00:00,108.953125,108.984375,108.9375,108.953125,0.0
2025-02-19 23:00:00+00:00,108.96875,108.984375,108.953125,108.953125,6630.0
2025-02-20 00:00:00+00:00,109.0,109.0,108.96875,108.96875,12294.0
2025-02-20 01:00:00+00:00,109.078125,109.09375,108.984375,109.0,24389.0
2025-02-20 02:00:00+00:00,109.0625,109.09375,109.046875,109.09375,15356.0
2025-02-20 03:00:00+00:00,109.0625,109.109375,109.046875,109.0625,16104.0
2025-02-20 04:00:00+00:00,109.09375,109.09375,109.046875,109.0625,5481.0
2025-02-20 05:00:00+00:00,109.109375,109.109375,109.078125,109.09375,14471.0
2025-02-20 06:00:00+00:00,109.09375,109.140625,109.078125,109.109375,12749.0
2025-02-20 07:00:00+00:00,109.09375,109.140625,109.078125,109.09375,25230.0
2025-02-20 08:00:00+00:00,109.046875,109.109375,109.03125,109.09375,39659.0
2025-02-20 09:00:00+00:00,109.046875,109.0625,109.015625,109.0625,38245.0
2025-02-20 10:00:00+00:00,109.03125,109.078125,109.015625,109.0625,25527.0
2025-02-20 11:00:00+00:00,109.0,109.046875,108.96875,109.03125,34678.0
2025-02-20 12:00:00+00:00,109.171875,109.171875,108.984375,109.0,149837.0
2025-02-20 13:00:00+00:00,109.0625,109.203125,109.03125,109.15625,241666.0
2025-02-20 14:00:00+00:00,109.15625,109.171875,109.015625,109.0625,164749.0
2025-02-20 15:00:00+00:00,109.140625,109.25,109.109375,109.171875,307847.0
2025-02-20 16:00:00+00:00,109.171875,109.21875,109.125,109.140625,133505.0
2025-02-20 17:00:00+00:00,109.171875,109.203125,109.125,109.15625,116388.0
2025-02-20 18:00:00+00:00,109.171875,109.1875,109.109375,109.171875,73967.0
2025-02-20 19:00:00+00:00,109.171875,109.203125,109.140625,109.1875,113882.0
2025-02-20 20:00:00+00:00,109.125,109.1875,109.125,109.171875,547170.0
2025-02-20 21:00:00+00:00,109.140625,109.15625,109.109375,109.125,44926.0
2025-02-20 23:00:00+00:00,109.125,109.140625,109.109375,109.125,0.0
2025-02-21 00:00:00+00:00,109.125,109.15625,109.109375,109.125,11426.0
2025-02-21 01:00:00+00:00,109.1875,109.21875,109.109375,109.109375,20612.0
2025-02-21 02:00:00+00:00,109.21875,109.21875,109.15625,109.1875,18199.0
2025-02-21 03:00:00+00:00,109.234375,109.234375,109.203125,109.21875,14462.0
2025-02-21 04:00:00+00:00,109.265625,109.28125,109.21875,109.234375,21594.0
2025-02-21 05:00:00+00:00,109.265625,109.28125,109.25,109.28125,91921.0
2025-02-21 06:00:00+00:00,109.265625,109.265625,109.21875,109.265625,33998.0
2025-02-21 07:00:00+00:00,109.25,109.296875,109.21875,109.265625,46412.0
2025-02-21 08:00:00+00:00,109.265625,109.359375,109.21875,109.25,153888.0
2025-02-21 09:00:00+00:00,109.203125,109.265625,109.171875,109.265625,165752.0
2025-02-21 10:00:00+00:00,109.21875,109.21875,109.171875,109.203125,50209.0
2025-02-21 11:00:00+00:00,109.234375,109.25,109.1875,109.203125,54458.0
2025-02-21 12:00:00+00:00,109.21875,109.265625,109.171875,109.234375,147216.0
2025-02-21 13:00:00+00:00,109.125,109.25,109.109375,109.203125,145843.0
2025-02-21 14:00:00+00:00,109.390625,109.421875,109.125,109.125,597558.0
2025-02-21 15:00:00+00:00,109.453125,109.46875,109.34375,109.390625,286395.0
2025-02-21 16:00:00+00:00,109.390625,109.453125,109.359375,109.453125,157305.0
2025-02-21 17:00:00+00:00,109.5625,109.59375,109.359375,109.375,256190.0
2025-02-21 18:00:00+00:00,109.703125,109.75,109.5625,109.5625,637228.0
2025-02-21 19:00:00+00:00,109.6875,109.75,109.640625,109.703125,304538.0
2025-02-21 20:00:00+00:00,109.640625,109.734375,109.625,109.671875,253287.0
2025-02-21 21:00:00+00:00,109.578125,109.640625,109.5780029296875,109.625,113400.0
2025-02-23 23:00:00+00:00,109.53125,109.59375,109.5,109.546875,16475.0
2025-02-24 00:00:00+00:00,109.53125,109.5625,109.5,109.53125,19107.0
2025-02-24 01:00:00+00:00,109.546875,109.578125,109.515625,109.53125,14569.0
2025-02-24 02:00:00+00:00,109.515625,109.546875,109.515625,109.546875,11199.0
2025-02-24 03:00:00+00:00,109.546875,109.5625,109.5,109.53125,9371.0
2025-02-24 04:00:00+00:00,109.5625,109.578125,109.546875,109.546875,20888.0
2025-02-24 05:00:00+00:00,109.578125,109.578125,109.53125,109.5625,8518.0
2025-02-24 06:00:00+00:00,109.515625,109.578125,109.5,109.5625,20178.0
2025-02-24 07:00:00+00:00,109.5625,109.59375,109.5,109.5,45233.0
2025-02-24 08:00:00+00:00,109.625,109.65625,109.53125,109.546875,72926.0
2025-02-24 09:00:00+00:00,109.59375,109.640625,109.5625,109.625,69744.0
2025-02-24 10:00:00+00:00,109.53125,109.609375,109.5,109.59375,66577.0
2025-02-24 11:00:00+00:00,109.515625,109.546875,109.5,109.515625,38884.0
2025-02-24 12:00:00+00:00,109.453125,109.546875,109.4375,109.5,101957.0
2025-02-24 13:00:00+00:00,109.515625,109.609375,109.421875,109.453125,280536.0
2025-02-24 14:00:00+00:00,109.703125,109.734375,109.46875,109.515625,338148.0
2025-02-24 15:00:00+00:00,109.875,109.890625,109.671875,109.703125,453671.0
2025-02-24 16:00:00+00:00,109.828125,109.875,109.734375,109.875,1022272.0
2025-02-24 17:00:00+00:00,109.796875,109.84375,109.734375,109.828125,229625.0
2025-02-24 18:00:00+00:00,109.828125,109.890625,109.78125,109.796875,223037.0
2025-02-24 19:00:00+00:00,109.875,109.875,109.75,109.8125,355383.0
2025-02-24 20:00:00+00:00,109.84375,109.90625,109.8125,109.875,871436.0
2025-02-24 21:00:00+00:00,109.8125,109.859375,109.8125,109.859375,0.0
2025-02-24 23:00:00+00:00,109.859375,109.875,109.8125,109.8125,17740.0
2025-02-25 00:00:00+00:00,109.953125,109.953125,109.859375,109.859375,29813.0
2025-02-25 01:00:00+00:00,109.9375,109.984375,109.921875,109.9375,22212.0
2025-02-25 02:00:00+00:00,110.0,110.03125,109.9375,109.9375,30650.0
2025-02-25 03:00:00+00:00,109.953125,110.015625,109.953125,110.0,448629.0
2025-02-25 04:00:00+00:00,110.0,110.0,109.9375,109.953125,46687.0
2025-02-25 05:00:00+00:00,110.0,110.015625,109.96875,110.0,15867.0
2025-02-25 06:00:00+00:00,109.953125,110.0,109.921875,109.984375,21369.0
2025-02-25 07:00:00+00:00,110.265625,110.265625,109.953125,109.953125,519368.0
2025-02-25 08:00:00+00:00,110.234375,110.28125,110.140625,110.265625,112014.0
2025-02-25 09:00:00+00:00,110.28125,110.28125,110.1875,110.234375,92683.0
2025-02-25 10:00:00+00:00,110.1875,110.28125,110.1875,110.265625,155785.0
2025-02-25 11:00:00+00:00,110.203125,110.25,110.1875,110.203125,78619.0
2025-02-25 12:00:00+00:00,110.328125,110.390625,110.1875,110.203125,211153.0
2025-02-25 13:00:00+00:00,110.4375,110.5,110.25,110.328125,252016.0
2025-02-25 14:00:00+00:00,110.453125,110.46875,110.328125,110.4375,306259.0
2025-02-25 15:00:00+00:00,110.5,110.625,110.453125,110.453125,1430326.0
2025-02-25 16:00:00+00:00,110.4375,110.578125,110.421875,110.515625,289451.0
2025-02-25 17:00:00+00:00,110.46875,110.53125,110.421875,110.421875,321193.0
2025-02-25 18:00:00+00:00,110.4375,110.515625,110.375,110.46875,311553.0
2025-02-25 19:00:00+00:00,110.515625,110.53125,110.421875,110.4375,459732.0
2025-02-25 20:00:00+00:00,110.5625,110.578125,110.5,110.515625,229924.0
2025-02-25 21:00:00+00:00,110.53125,110.5625,110.484375,110.5625,90494.0
2025-02-25 23:00:00+00:00,110.546875,110.578125,110.46875,110.515625,0.0
2025-02-26 00:00:00+00:00,110.578125,110.59375,110.546875,110.546875,11243.0
2025-02-26 01:00:00+00:00,110.390625,110.609375,110.390625,110.578125,64281.0
2025-02-26 02:00:00+00:00,110.328125,110.40625,110.3125,110.390625,57254.0
2025-02-26 03:00:00+00:00,110.34375,110.359375,110.3125,110.328125,16753.0
2025-02-26 04:00:00+00:00,110.328125,110.359375,110.3125,110.34375,9434.0
2025-02-26 05:00:00+00:00,110.296875,110.34375,110.296875,110.34375,21460.0
2025-02-26 06:00:00+00:00,110.25,110.3125,110.25,110.296875,12906.0
2025-02-26 07:00:00+00:00,110.34375,110.390625,110.25,110.265625,31106.0
2025-02-26 08:00:00+00:00,110.453125,110.484375,110.34375,110.359375,75493.0
2025-02-26 09:00:00+00:00,110.4375,110.46875,110.359375,110.46875,120350.0
2025-02-26 10:00:00+00:00,110.375,110.484375,110.359375,110.4375,0.0
2025-02-26 11:00:00+00:00,110.375,110.40625,110.328125,110.390625,30058.0
2025-02-26 12:00:00+00:00,110.46875,110.53125,110.34375,110.375,206311.0
2025-02-26 13:00:00+00:00,110.53125,110.609375,110.4375,110.46875,173001.0
2025-02-26 14:00:00+00:00,110.46875,110.59375,110.421875,110.515625,260455.0
2025-02-26 15:00:00+00:00,110.46875,110.5,110.359375,110.46875,0.0
2025-02-26 16:00:00+00:00,110.59375,110.59375,110.40625,110.46875,527237.0
2025-02-26 17:00:00+00:00,110.625,110.6875,110.53125,110.59375,314380.0
2025-02-26 18:00:00+00:00,110.84375,110.859375,110.59375,110.625,460819.0
2025-02-26 19:00:00+00:00,110.84375,110.90625,110.765625,110.84375,0.0
2025-02-26 20:00:00+00:00,110.84375,110.921875,110.78125,110.890625,925620.0
2025-02-26 21:00:00+00:00,110.8125,110.921875,110.765625,110.8125,0.0
2025-02-26 23:00:00+00:00,110.703125,110.8125,110.703125,110.796875,3616.0
2025-02-27 00:00:00+00:00,110.6875,110.78125,110.65625,110.75,13601.0
2025-02-27 01:00:00+00:00,110.6875,110.75,110.65625,110.734375,4015.0
2025-02-27 02:00:00+00:00,110.6875,110.71875,110.640625,110.71875,71345.0
2025-02-27 03:00:00+00:00,110.640625,110.71875,110.625,110.65625,0.0
2025-02-27 04:00:00+00:00,110.6875,110.71875,110.640625,110.671875,85617.0
2025-02-27 05:00:00+00:00,110.6875,110.703125,110.625,110.6875,19340.0
2025-02-27 06:00:00+00:00,110.765625,110.765625,110.640625,110.671875,19254.0
2025-02-27 07:00:00+00:00,110.671875,110.765625,110.609375,110.75,45501.0
2025-02-27 08:00:00+00:00,110.5625,110.703125,110.515625,110.671875,97814.0
2025-02-27 09:00:00+00:00,110.5,110.5625,110.4375,110.546875,85854.0
2025-02-27 10:00:00+00:00,110.46875,110.515625,110.421875,110.5,56291.0
2025-02-27 11:00:00+00:00,110.515625,110.53125,110.4375,110.484375,48606.0
2025-02-27 12:00:00+00:00,110.59375,110.625,110.5,110.5,102925.0
2025-02-27 13:00:00+00:00,110.625,110.859375,110.515625,110.59375,352961.0
2025-02-27 14:00:00+00:00,110.703125,110.71875,110.453125,110.640625,324634.0
2025-02-27 15:00:00+00:00,110.625,110.78125,110.5,110.65625,381202.0
2025-02-27 16:00:00+00:00,110.6875,110.71875,110.5625,110.609375,216245.0
2025-02-27 17:00:00+00:00,110.5625,110.6875,110.515625,110.671875,92807.0
2025-02-27 18:00:00+00:00,110.578125,110.609375,110.515625,110.53125,96776.0
2025-02-27 19:00:00+00:00,110.65625,110.671875,110.53125,110.546875,174591.0
2025-02-27 20:00:00+00:00,110.75,110.78125,110.609375,110.609375,200485.0
2025-02-27 21:00:00+00:00,110.828125,110.828125,110.65625,110.75,0.0
2025-02-27 23:00:00+00:00,110.84375,110.84375,110.765625,110.8125,20569.0
2025-02-28 00:00:00+00:00,111.046875,111.046875,110.796875,110.828125,52913.0
2025-02-28 01:00:00+00:00,111.0625,111.0625,110.9375,111.03125,44337.0
2025-02-28 02:00:00+00:00,111.078125,111.09375,111.015625,111.03125,35250.0
2025-02-28 03:00:00+00:00,111.0625,111.109375,111.0,111.03125,26919.0
2025-02-28 04:00:00+00:00,111.09375,111.109375,111.0,111.078125,31117.0
2025-02-28 05:00:00+00:00,111.046875,111.109375,111.015625,111.09375,21949.0
2025-02-28 06:00:00+00:00,111.0625,111.078125,111.0,111.046875,31255.0
2025-02-28 07:00:00+00:00,110.96875,111.09375,110.921875,111.0625,79701.0
2025-02-28 08:00:00+00:00,110.953125,111.015625,110.890625,110.96875,68902.0
2025-02-28 09:00:00+00:00,110.90625,110.96875,110.8125,110.953125,77397.0
2025-02-28 10:00:00+00:00,110.890625,110.953125,110.84375,110.890625,41522.0
2025-02-28 11:00:00+00:00,110.828125,110.921875,110.796875,110.890625,61054.0
2025-02-28 12:00:00+00:00,110.875,110.953125,110.796875,110.828125,88486.0
2025-02-28 13:00:00+00:00,111.0,111.03125,110.703125,110.859375,300486.0
2025-02-28 14:00:00+00:00,111.0,111.09375,110.875,111.015625,304691.0
2025-02-28 15:00:00+00:00,110.953125,111.046875,110.796875,111.015625,245682.0
2025-02-28 16:00:00+00:00,110.953125,111.1875,110.875,110.9375,348823.0
2025-02-28 17:00:00+00:00,111.125,111.125,110.921875,110.96875,180485.0
2025-02-28 18:00:00+00:00,111.21875,111.21875,111.015625,111.09375,194772.0
2025-02-28 19:00:00+00:00,111.09375,111.234375,111.015625,111.203125,307037.0
2025-02-28 20:00:00+00:00,111.25,111.296875,111.03125,111.078125,634122.0
2025-02-28 21:00:00+00:00,111.171875,111.25,111.125,111.234375,255090.0
2025-03-02 23:00:00+00:00,110.9375,111.0625,110.890625,111.03125,46052.0
2025-03-03 00:00:00+00:00,110.921875,110.984375,110.890625,110.953125,39891.0
2025-03-03 01:00:00+00:00,110.9375,110.96875,110.875,110.921875,23077.0
2025-03-03 02:00:00+00:00,111.0,111.0,110.90625,110.953125,14428.0
2025-03-03 03:00:00+00:00,111.03125,111.046875,110.953125,111.0,16679.0
2025-03-03 04:00:00+00:00,111.0,111.046875,110.984375,111.015625,0.0
2025-03-03 05:00:00+00:00,110.984375,111.046875,110.96875,111.0,125.0
2025-03-03 06:00:00+00:00,111.0,111.0625,110.96875,111.03125,186965.0
2025-03-03 07:00:00+00:00,110.96875,111.0625,110.921875,110.984375,44631.0
2025-03-03 08:00:00+00:00,111.03125,111.03125,110.921875,110.984375,61639.0
2025-03-03 09:00:00+00:00,110.984375,111.09375,110.9375,111.03125,79168.0
2025-03-03 10:00:00+00:00,110.890625,110.984375,110.84375,110.984375,70089.0
2025-03-03 11:00:00+00:00,110.890625,110.921875,110.828125,110.890625,91692.0
2025-03-03 12:00:00+00:00,110.9375,110.96875,110.859375,110.890625,81660.0
2025-03-03 13:00:00+00:00,111.0,111.015625,110.828125,110.921875,142826.0
2025-03-03 14:00:00+00:00,111.046875,111.078125,110.859375,111.0,208462.0
2025-03-03 15:00:00+00:00,111.265625,111.40625,110.921875,111.046875,461294.0
2025-03-03 16:00:00+00:00,111.296875,111.375,111.15625,111.25,228383.0
2025-03-03 17:00:00+00:00,111.34375,111.359375,111.203125,111.296875,124097.0
2025-03-03 18:00:00+00:00,111.390625,111.46875,111.28125,111.34375,187929.0
2025-03-03 19:00:00+00:00,111.40625,111.453125,111.296875,111.375,233542.0
2025-03-03 20:00:00+00:00,111.5625,111.65625,111.359375,111.40625,322774.0
2025-03-03 21:00:00+00:00,111.5625,111.59375,111.46875,111.578125,0.0
2025-03-03 23:00:00+00:00,111.671875,111.703125,111.53125,111.578125,28725.0
2025-03-04 00:00:00+00:00,111.796875,111.890625,111.640625,111.671875,77446.0
2025-03-04 01:00:00+00:00,111.828125,111.890625,111.71875,111.78125,54229.0
2025-03-04 02:00:00+00:00,111.6875,111.84375,111.640625,111.828125,36850.0
2025-03-04 03:00:00+00:00,111.65625,111.734375,111.609375,111.6875,38018.0
2025-03-04 04:00:00+00:00,111.671875,111.71875,111.625,111.671875,17350.0
2025-03-04 05:00:00+00:00,111.59375,111.703125,111.578125,111.6875,31534.0
2025-03-04 06:00:00+00:00,111.578125,111.625,111.546875,111.59375,25289.0
2025-03-04 07:00:00+00:00,111.5,111.75,111.390625,111.578125,168793.0
2025-03-04 08:00:00+00:00,111.53125,111.65625,111.421875,111.484375,161836.0
2025-03-04 09:00:00+00:00,111.546875,111.625,111.484375,111.53125,86286.0
2025-03-04 10:00:00+00:00,111.546875,111.59375,111.5,111.546875,81212.0
2025-03-04 11:00:00+00:00,111.546875,111.578125,111.484375,111.546875,72428.0
2025-03-04 12:00:00+00:00,111.703125,111.8125,111.5625,111.5625,156188.0
2025-03-04 13:00:00+00:00,111.8125,111.8125,111.625,111.6875,230242.0
2025-03-04 14:00:00+00:00,111.765625,111.84375,111.609375,111.8125,393613.0
2025-03-04 15:00:00+00:00,111.765625,112.03125,111.640625,111.765625,459973.0
2025-03-04 16:00:00+00:00,111.5625,111.90625,111.515625,111.765625,282996.0
2025-03-04 17:00:00+00:00,111.5625,111.640625,111.4375,111.546875,203694.0
2025-03-04 18:00:00+00:00,111.359375,111.609375,111.28125,111.5625,321065.0
2025-03-04 19:00:00+00:00,111.25,111.375,111.203125,111.34375,285367.0
2025-03-04 20:00:00+00:00,111.3125,111.375,111.125,111.265625,236490.0
2025-03-04 21:00:00+00:00,110.96875,111.328125,110.9375,111.328125,234976.0
2025-03-04 23:00:00+00:00,111.0625,111.09375,110.890625,110.90625,0.0
2025-03-05 00:00:00+00:00,111.046875,111.171875,111.046875,111.0625,33950.0
2025-03-05 01:00:00+00:00,110.9375,111.109375,110.84375,111.0625,109540.0
2025-03-05 02:00:00+00:00,110.984375,111.0,110.90625,110.953125,28664.0
2025-03-05 03:00:00+00:00,110.953125,111.046875,110.90625,110.984375,34157.0
2025-03-05 04:00:00+00:00,111.109375,111.109375,110.953125,110.953125,35794.0
2025-03-05 05:00:00+00:00,111.0625,111.109375,111.046875,111.09375,12862.0
2025-03-05 06:00:00+00:00,111.078125,111.125,111.046875,111.0625,30171.0
2025-03-05 07:00:00+00:00,111.015625,111.078125,110.890625,111.078125,81064.0
2025-03-05 08:00:00+00:00,111.140625,111.15625,110.96875,111.015625,107759.0
2025-03-05 09:00:00+00:00,111.03125,111.171875,110.984375,111.140625,83489.0
2025-03-05 10:00:00+00:00,111.03125,111.0625,110.921875,111.015625,68905.0
2025-03-05 11:00:00+00:00,111.15625,111.203125,110.96875,111.046875,91665.0
2025-03-05 12:00:00+00:00,111.0625,111.25,111.015625,111.15625,129873.0
2025-03-05 13:00:00+00:00,111.328125,111.390625,110.890625,111.078125,352604.0
2025-03-05 14:00:00+00:00,111.4375,111.46875,111.25,111.328125,283905.0
2025-03-05 15:00:00+00:00,110.90625,111.421875,110.875,111.421875,509601.0
2025-03-05 16:00:00+00:00,111.0,111.21875,110.90625,110.90625,345002.0
2025-03-05 17:00:00+00:00,110.84375,111.109375,110.8125,111.015625,222211.0
2025-03-05 18:00:00+00:00,110.84375,110.96875,110.796875,110.84375,239687.0
2025-03-05 19:00:00+00:00,110.875,110.890625,110.734375,110.84375,295716.0
2025-03-05 20:00:00+00:00,110.765625,110.890625,110.75,110.859375,192845.0
2025-03-05 21:00:00+00:00,110.75,110.78125,110.671875,110.765625,0.0
2025-03-05 23:00:00+00:00,110.671875,110.78125,110.65625,110.75,21260.0
2025-03-06 00:00:00+00:00,110.53125,110.6875,110.5,110.6875,45355.0
2025-03-06 01:00:00+00:00,110.5625,110.59375,110.484375,110.53125,25364.0
2025-03-06 02:00:00+00:00,110.5,110.5625,110.421875,110.546875,46202.0
2025-03-06 03:00:00+00:00,110.46875,110.515625,110.453125,110.484375,16716.0
2025-03-06 04:00:00+00:00,110.46875,110.484375,110.4375,110.46875,9583.0
2025-03-06 05:00:00+00:00,110.46875,110.484375,110.4375,110.453125,19866.0
2025-03-06 06:00:00+00:00,110.53125,110.546875,110.46875,110.46875,36483.0
2025-03-06 07:00:00+00:00,110.4375,110.546875,110.390625,110.53125,70024.0
2025-03-06 08:00:00+00:00,110.515625,110.578125,110.40625,110.4375,104796.0
2025-03-06 09:00:00+00:00,110.625,110.640625,110.515625,110.515625,96058.0
2025-03-06 10:00:00+00:00,110.6875,110.703125,110.578125,110.640625,55927.0
2025-03-06 11:00:00+00:00,110.609375,110.71875,110.609375,110.671875,60781.0
2025-03-06 12:00:00+00:00,110.828125,110.859375,110.53125,110.609375,173369.0
2025-03-06 13:00:00+00:00,110.78125,110.9375,110.6875,110.828125,332102.0
2025-03-06 14:00:00+00:00,110.75,110.9375,110.65625,110.78125,353258.0
2025-03-06 15:00:00+00:00,110.5,110.765625,110.390625,110.734375,398727.0
2025-03-06 16:00:00+00:00,110.609375,110.640625,110.390625,110.5,324745.0
2025-03-06 17:00:00+00:00,110.6875,110.828125,110.546875,110.625,260993.0
2025-03-06 18:00:00+00:00,110.8125,110.828125,110.671875,110.703125,177052.0
2025-03-06 19:00:00+00:00,110.796875,110.859375,110.71875,110.8125,212199.0
2025-03-06 20:00:00+00:00,110.75,110.84375,110.734375,110.796875,218152.0
2025-03-06 21:00:00+00:00,110.828125,110.84375,110.71875,110.75,0.0
2025-03-06 23:00:00+00:00,110.828125,110.859375,110.796875,110.828125,13207.0
2025-03-07 00:00:00+00:00,110.96875,111.0,110.8125,110.828125,31908.0
2025-03-07 01:00:00+00:00,110.984375,111.0,110.921875,110.96875,19633.0
2025-03-07 02:00:00+00:00,111.0,111.015625,110.9375,110.984375,12210.0
2025-03-07 03:00:00+00:00,111.03125,111.03125,110.984375,111.0,15752.0
2025-03-07 04:00:00+00:00,111.0,111.03125,110.984375,111.015625,7304.0
2025-03-07 05:00:00+00:00,111.09375,111.09375,111.0,111.015625,20327.0
2025-03-07 06:00:00+00:00,111.078125,111.09375,111.015625,111.09375,18568.0
2025-03-07 07:00:00+00:00,110.953125,111.0625,110.90625,111.0625,37530.0
2025-03-07 08:00:00+00:00,111.015625,111.03125,110.890625,110.9375,55766.0
2025-03-07 09:00:00+00:00,110.90625,111.03125,110.890625,111.015625,45838.0
2025-03-07 10:00:00+00:00,110.90625,110.953125,110.859375,110.890625,43569.0
2025-03-07 11:00:00+00:00,110.90625,110.96875,110.859375,110.890625,57432.0
2025-03-07 12:00:00+00:00,111.03125,111.03125,110.90625,110.90625,84686.0
2025-03-07 13:00:00+00:00,111.328125,111.359375,110.75,111.015625,522135.0
2025-03-07 14:00:00+00:00,111.078125,111.34375,110.9375,111.3125,457200.0
2025-03-07 15:00:00+00:00,111.015625,111.25,110.921875,111.09375,391592.0
2025-03-07 16:00:00+00:00,111.203125,111.265625,110.953125,111.015625,232910.0
2025-03-07 17:00:00+00:00,110.953125,111.25,110.84375,111.1875,255406.0
2025-03-07 18:00:00+00:00,110.5625,110.953125,110.5625,110.9375,262343.0
2025-03-07 19:00:00+00:00,110.5625,110.59375,110.46875,110.5625,253429.0
2025-03-07 20:00:00+00:00,110.59375,110.640625,110.53125,110.578125,147282.0
2025-03-07 21:00:00+00:00,110.65625,110.703125,110.59375,110.59375,75577.0
2025-03-09 22:00:00+00:00,110.890625,110.96875,110.75,110.765625,36341.0
2025-03-09 23:00:00+00:00,110.96875,111.0,110.875,110.890625,32025.0
2025-03-10 00:00:00+00:00,110.859375,111.0,110.84375,110.953125,29103.0
2025-03-10 01:00:00+00:00,110.78125,110.875,110.78125,110.859375,25754.0
2025-03-10 02:00:00+00:00,110.8125,110.84375,110.78125,110.78125,14594.0
2025-03-10 03:00:00+00:00,110.796875,110.84375,110.765625,110.8125,13448.0
2025-03-10 04:00:00+00:00,110.78125,110.828125,110.75,110.8125,14582.0
2025-03-10 05:00:00+00:00,110.8125,110.828125,110.78125,110.78125,12579.0
2025-03-10 06:00:00+00:00,110.734375,110.828125,110.703125,110.8125,26583.0
2025-03-10 07:00:00+00:00,110.84375,110.875,110.703125,110.734375,48890.0
2025-03-10 08:00:00+00:00,111.078125,111.09375,110.8125,110.84375,101203.0
2025-03-10 09:00:00+00:00,110.984375,111.078125,110.9375,111.0625,90671.0
2025-03-10 10:00:00+00:00,111.09375,111.109375,110.9375,110.984375,64349.0
2025-03-10 11:00:00+00:00,111.078125,111.140625,111.0,111.09375,110525.0
2025-03-10 12:00:00+00:00,111.03125,111.21875,110.984375,111.0625,188030.0
2025-03-10 13:00:00+00:00,111.140625,111.203125,110.96875,111.015625,250758.0
2025-03-10 14:00:00+00:00,111.34375,111.390625,111.140625,111.140625,325597.0
2025-03-10 15:00:00+00:00,111.28125,111.359375,111.125,111.359375,238849.0
2025-03-10 16:00:00+00:00,111.171875,111.328125,111.140625,111.265625,138753.0
2025-03-10 17:00:00+00:00,111.265625,111.28125,111.140625,111.15625,126703.0
2025-03-10 18:00:00+00:00,111.34375,111.34375,111.140625,111.265625,182729.0
2025-03-10 19:00:00+00:00,111.25,111.421875,111.234375,111.328125,254806.0
2025-03-10 20:00:00+00:00,111.34375,111.34375,111.21875,111.25,0.0
2025-03-10 22:00:00+00:00,111.46875,111.515625,111.359375,111.359375,27082.0
2025-03-10 23:00:00+00:00,111.4375,111.5625,111.4375,111.46875,23550.0
2025-03-11 00:00:00+00:00,111.703125,111.765625,111.40625,111.4375,70586.0
2025-03-11 01:00:00+00:00,111.640625,111.78125,111.59375,111.6875,70827.0
2025-03-11 02:00:00+00:00,111.578125,111.671875,111.515625,111.65625,43177.0
2025-03-11 03:00:00+00:00,111.53125,111.578125,111.5,111.578125,26116.0
2025-03-11 04:00:00+00:00,111.59375,111.609375,111.5,111.515625,18908.0
2025-03-11 05:00:00+00:00,111.5,111.625,111.5,111.578125,13125.0
2025-03-11 06:00:00+00:00,111.484375,111.515625,111.390625,111.5,42794.0
2025-03-11 07:00:00+00:00,111.5625,111.609375,111.40625,111.484375,68091.0
2025-03-11 08:00:00+00:00,111.390625,111.609375,111.375,111.578125,89607.0
2025-03-11 09:00:00+00:00,111.375,111.421875,111.34375,111.390625,66205.0
2025-03-11 10:00:00+00:00,111.28125,111.40625,111.265625,111.375,77974.0
2025-03-11 11:00:00+00:00,111.1875,111.328125,111.171875,111.28125,102004.0
2025-03-11 12:00:00+00:00,111.28125,111.34375,111.109375,111.1875,202693.0
2025-03-11 13:00:00+00:00,111.1875,111.359375,111.125,111.265625,245532.0
2025-03-11 14:00:00+00:00,111.359375,111.546875,111.0,111.171875,577257.0
2025-03-11 15:00:00+00:00,111.109375,111.390625,110.953125,111.359375,357360.0
2025-03-11 16:00:00+00:00,111.15625,111.1875,111.0625,111.09375,159175.0
2025-03-11 17:00:00+00:00,111.21875,111.34375,111.140625,111.171875,179477.0
2025-03-11 18:00:00+00:00,110.828125,111.234375,110.796875,111.234375,341430.0
2025-03-11 19:00:00+00:00,110.921875,110.953125,110.8125,110.84375,199179.0
2025-03-11 20:00:00+00:00,110.890625,110.9375,110.859375,110.9375,0.0
2025-03-11 22:00:00+00:00,110.90625,110.921875,110.828125,110.875,13871.0
2025-03-11 23:00:00+00:00,110.90625,110.953125,110.890625,110.90625,11537.0
2025-03-12 00:00:00+00:00,110.90625,111.0,110.875,110.890625,31031.0
2025-03-12 01:00:00+00:00,110.9375,110.953125,110.890625,110.90625,15144.0
2025-03-12 02:00:00+00:00,110.953125,110.984375,110.875,110.921875,15015.0
2025-03-12 03:00:00+00:00,110.96875,110.96875,110.921875,110.9375,8513.0
2025-03-12 04:00:00+00:00,110.984375,110.984375,110.9375,110.953125,7719.0
2025-03-12 05:00:00+00:00,110.96875,111.015625,110.96875,110.984375,11549.0
2025-03-12 06:00:00+00:00,111.0625,111.0625,110.96875,110.96875,18730.0
2025-03-12 07:00:00+00:00,110.9375,111.078125,110.9375,111.046875,42348.0
2025-03-12 08:00:00+00:00,110.921875,110.984375,110.890625,110.953125,65386.0
2025-03-12 09:00:00+00:00,110.90625,110.984375,110.875,110.921875,43314.0
2025-03-12 10:00:00+00:00,110.859375,110.921875,110.84375,110.890625,36234.0
2025-03-12 11:00:00+00:00,110.6875,110.875,110.671875,110.859375,108413.0
2025-03-12 12:00:00+00:00,110.5,111.21875,110.484375,110.703125,554185.0
2025-03-12 13:00:00+00:00,110.65625,110.75,110.484375,110.515625,326625.0
2025-03-12 14:00:00+00:00,110.796875,110.875,110.609375,110.65625,277922.0
2025-03-12 15:00:00+00:00,110.65625,110.875,110.640625,110.796875,188113.0
2025-03-12 16:00:00+00:00,110.671875,110.703125,110.59375,110.640625,137753.0
2025-03-12 17:00:00+00:00,110.828125,110.84375,110.65625,110.671875,157633.0
2025-03-12 18:00:00+00:00,110.65625,110.84375,110.609375,110.828125,170865.0
2025-03-12 19:00:00+00:00,110.671875,110.6875,110.609375,110.640625,165896.0
2025-03-12 20:00:00+00:00,110.671875,110.703125,110.640625,110.65625,0.0
2025-03-12 22:00:00+00:00,110.703125,110.71875,110.671875,110.703125,8269.0
2025-03-12 23:00:00+00:00,110.65625,110.703125,110.625,110.703125,9003.0
2025-03-13 00:00:00+00:00,110.734375,110.734375,110.65625,110.65625,13916.0
2025-03-13 01:00:00+00:00,110.734375,110.765625,110.671875,110.734375,21541.0
2025-03-13 02:00:00+00:00,110.765625,110.796875,110.734375,110.75,17634.0
2025-03-13 03:00:00+00:00,110.796875,110.8125,110.765625,110.765625,12269.0
2025-03-13 04:00:00+00:00,110.78125,110.828125,110.75,110.796875,12194.0
2025-03-13 05:00:00+00:00,110.78125,110.8125,110.765625,110.796875,14251.0
2025-03-13 06:00:00+00:00,110.765625,110.875,110.765625,110.78125,35364.0
2025-03-13 07:00:00+00:00,110.703125,110.765625,110.671875,110.765625,58415.0
2025-03-13 08:00:00+00:00,110.6875,110.75,110.640625,110.703125,52672.0
2025-03-13 09:00:00+00:00,110.609375,110.703125,110.5625,110.671875,49287.0
2025-03-13 10:00:00+00:00,110.53125,110.625,110.53125,110.59375,47173.0
2025-03-13 11:00:00+00:00,110.515625,110.59375,110.453125,110.515625,110354.0
2025-03-13 12:00:00+00:00,110.53125,110.765625,110.453125,110.515625,287550.0
2025-03-13 13:00:00+00:00,110.515625,110.578125,110.390625,110.515625,228759.0
2025-03-13 14:00:00+00:00,110.609375,110.65625,110.453125,110.515625,189516.0
2025-03-13 15:00:00+00:00,110.78125,110.8125,110.5625,110.609375,255332.0
2025-03-13 16:00:00+00:00,110.828125,110.859375,110.671875,110.765625,181042.0
2025-03-13 17:00:00+00:00,111.046875,111.078125,110.796875,110.828125,226731.0
2025-03-13 18:00:00+00:00,110.953125,111.0625,110.90625,111.046875,148301.0
2025-03-13 19:00:00+00:00,111.0,111.046875,110.890625,110.953125,126099.0
2025-03-13 22:00:00+00:00,110.90625,110.96875,110.890625,110.953125,9293.0
2025-03-13 23:00:00+00:00,110.921875,110.921875,110.796875,110.90625,8772.0
2025-03-14 00:00:00+00:00,110.875,110.9375,110.859375,110.90625,12226.0
2025-03-14 01:00:00+00:00,110.90625,110.921875,110.859375,110.875,16957.0
2025-03-14 02:00:00+00:00,110.859375,110.90625,110.859375,110.90625,7953.0
2025-03-14 03:00:00+00:00,110.796875,110.875,110.796875,110.859375,10592.0
2025-03-14 04:00:00+00:00,110.828125,110.828125,110.796875,110.796875,7127.0
2025-03-14 05:00:00+00:00,110.859375,110.859375,110.8125,110.828125,5918.0
2025-03-14 06:00:00+00:00,110.828125,110.859375,110.796875,110.84375,17126.0
2025-03-14 07:00:00+00:00,110.875,110.875,110.78125,110.828125,37861.0
2025-03-14 08:00:00+00:00,110.796875,110.921875,110.78125,110.875,50587.0
2025-03-14 09:00:00+00:00,110.765625,110.796875,110.75,110.796875,31682.0
2025-03-14 10:00:00+00:00,110.765625,110.859375,110.75,110.765625,52247.0
2025-03-14 11:00:00+00:00,110.71875,110.8125,110.71875,110.765625,66741.0
2025-03-14 12:00:00+00:00,110.703125,110.734375,110.609375,110.734375,144388.0
2025-03-14 13:00:00+00:00,110.75,110.796875,110.640625,110.703125,165472.0
2025-03-14 14:00:00+00:00,110.71875,110.796875,110.59375,110.734375,248349.0
2025-03-14 15:00:00+00:00,110.671875,110.75,110.625,110.71875,156809.0
2025-03-14 16:00:00+00:00,110.71875,110.765625,110.640625,110.65625,103141.0
2025-03-14 17:00:00+00:00,110.6875,110.75,110.671875,110.734375,76896.0
2025-03-14 18:00:00+00:00,110.640625,110.6875,110.609375,110.671875,87350.0
2025-03-14 19:00:00+00:00,110.59375,110.65625,110.578125,110.640625,98233.0
2025-03-14 20:00:00+00:00,110.609375,110.625,110.5625,110.59375,53963.0
2025-03-16 22:00:00+00:00,110.75,110.765625,110.59375,110.625,23695.0
2025-03-16 23:00:00+00:00,110.765625,110.8125,110.75,110.765625,12149.0
2025-03-17 00:00:00+00:00,110.6875,110.78125,110.671875,110.765625,13878.0
2025-03-17 01:00:00+00:00,110.640625,110.6875,110.625,110.6875,12870.0
2025-03-17 02:00:00+00:00,110.65625,110.671875,110.625,110.640625,10218.0
2025-03-17 03:00:00+00:00,110.640625,110.671875,110.609375,110.640625,13338.0
2025-03-17 04:00:00+00:00,110.640625,110.671875,110.609375,110.65625,13792.0
2025-03-17 05:00:00+00:00,110.65625,110.671875,110.625,110.65625,19339.0
2025-03-17 06:00:00+00:00,110.703125,110.734375,110.65625,110.65625,15759.0
2025-03-17 07:00:00+00:00,110.65625,110.71875,110.640625,110.703125,26319.0
2025-03-17 08:00:00+00:00,110.71875,110.734375,110.59375,110.671875,77511.0
2025-03-17 09:00:00+00:00,110.78125,110.796875,110.71875,110.71875,42861.0
2025-03-17 10:00:00+00:00,110.71875,110.796875,110.71875,110.765625,42472.0
2025-03-17 11:00:00+00:00,110.734375,110.75,110.6875,110.71875,59855.0
2025-03-17 12:00:00+00:00,110.53125,110.859375,110.4375,110.71875,334860.0
2025-03-17 13:00:00+00:00,110.625,110.75,110.515625,110.515625,270420.0
2025-03-17 14:00:00+00:00,110.765625,110.8125,110.609375,110.625,180062.0
2025-03-17 15:00:00+00:00,110.890625,110.9375,110.734375,110.765625,162652.0
2025-03-17 16:00:00+00:00,110.8125,110.9375,110.796875,110.890625,103684.0
2025-03-17 17:00:00+00:00,110.703125,110.828125,110.703125,110.796875,89925.0
2025-03-17 18:00:00+00:00,110.609375,110.734375,110.53125,110.703125,185611.0
2025-03-17 19:00:00+00:00,110.609375,110.640625,110.5625,110.59375,99917.0
2025-03-17 20:00:00+00:00,110.640625,110.671875,110.609375,110.625,0.0
2025-03-17 22:00:00+00:00,110.59375,110.625,110.5625,110.625,6705.0
2025-03-17 23:00:00+00:00,110.640625,110.640625,110.578125,110.59375,7940.0
2025-03-18 00:00:00+00:00,110.640625,110.671875,110.609375,110.640625,14567.0
2025-03-18 01:00:00+00:00,110.671875,110.6875,110.625,110.640625,5629.0
2025-03-18 02:00:00+00:00,110.6875,110.71875,110.65625,110.6875,16062.0
2025-03-18 03:00:00+00:00,110.71875,110.734375,110.6875,110.703125,10674.0
2025-03-18 04:00:00+00:00,110.734375,110.765625,110.71875,110.734375,15575.0
2025-03-18 05:00:00+00:00,110.6875,110.734375,110.671875,110.734375,19500.0
2025-03-18 06:00:00+00:00,110.65625,110.75,110.65625,110.6875,22819.0
2025-03-18 07:00:00+00:00,110.625,110.671875,110.609375,110.671875,31667.0
2025-03-18 08:00:00+00:00,110.578125,110.625,110.53125,110.609375,62054.0
2025-03-18 09:00:00+00:00,110.578125,110.609375,110.546875,110.578125,32318.0
2025-03-18 10:00:00+00:00,110.640625,110.671875,110.5625,110.578125,37660.0
2025-03-18 11:00:00+00:00,110.53125,110.65625,110.53125,110.640625,57275.0
2025-03-18 12:00:00+00:00,110.53125,110.609375,110.4375,110.546875,159307.0
2025-03-18 13:00:00+00:00,110.671875,110.671875,110.5,110.546875,172551.0
2025-03-18 14:00:00+00:00,110.609375,110.71875,110.5625,110.65625,184223.0
2025-03-18 15:00:00+00:00,110.734375,110.78125,110.59375,110.609375,141221.0
2025-03-18 16:00:00+00:00,110.71875,110.75,110.671875,110.75,115422.0
2025-03-18 17:00:00+00:00,110.84375,110.875,110.703125,110.71875,169544.0
2025-03-18 18:00:00+00:00,110.796875,110.90625,110.78125,110.84375,128401.0
2025-03-18 19:00:00+00:00,110.734375,110.8125,110.734375,110.796875,124275.0
2025-03-18 20:00:00+00:00,110.75,110.765625,110.703125,110.734375,0.0
2025-03-18 22:00:00+00:00,110.734375,110.765625,110.71875,110.71875,3917.0
2025-03-18 23:00:00+00:00,110.703125,110.75,110.703125,110.734375,4383.0
2025-03-19 00:00:00+00:00,110.671875,110.71875,110.65625,110.71875,8338.0
2025-03-19 01:00:00+00:00,110.6875,110.703125,110.65625,110.65625,10185.0
2025-03-19 02:00:00+00:00,110.703125,110.734375,110.671875,110.703125,12431.0
2025-03-19 03:00:00+00:00,110.671875,110.703125,110.65625,110.703125,4802.0
2025-03-19 04:00:00+00:00,110.65625,110.6875,110.65625,110.671875,2340.0
2025-03-19 05:00:00+00:00,110.671875,110.6875,110.640625,110.65625,8320.0
2025-03-19 06:00:00+00:00,110.6875,110.703125,110.65625,110.65625,12248.0
2025-03-19 07:00:00+00:00,110.796875,110.84375,110.6875,110.6875,51738.0
2025-03-19 08:00:00+00:00,110.703125,110.796875,110.6875,110.796875,59113.0
2025-03-19 09:00:00+00:00,110.734375,110.75,110.6875,110.703125,49449.0
2025-03-19 10:00:00+00:00,110.6875,110.734375,110.6875,110.71875,30092.0
2025-03-19 11:00:00+00:00,110.671875,110.71875,110.640625,110.6875,66928.0
2025-03-19 12:00:00+00:00,110.71875,110.78125,110.625,110.671875,86623.0
2025-03-19 13:00:00+00:00,110.53125,110.734375,110.5,110.71875,162718.0
2025-03-19 14:00:00+00:00,110.59375,110.625,110.515625,110.53125,130769.0
2025-03-19 15:00:00+00:00,110.546875,110.59375,110.515625,110.59375,94969.0
2025-03-19 16:00:00+00:00,110.53125,110.609375,110.53125,110.546875,65751.0
2025-03-19 17:00:00+00:00,110.484375,110.546875,110.453125,110.53125,79076.0
2025-03-19 18:00:00+00:00,111.0,111.03125,110.453125,110.484375,466882.0
2025-03-19 19:00:00+00:00,111.015625,111.09375,110.953125,111.0,285208.0
2025-03-19 20:00:00+00:00,111.0625,111.09375,111.0,111.03125,0.0
2025-03-19 22:00:00+00:00,111.125,111.140625,111.046875,111.09375,10537.0
2025-03-19 23:00:00+00:00,111.125,111.140625,111.109375,111.125,6853.0
2025-03-20 00:00:00+00:00,111.171875,111.1875,111.125,111.125,17067.0
2025-03-20 01:00:00+00:00,111.140625,111.1875,111.140625,111.15625,8502.0
2025-03-20 02:00:00+00:00,111.140625,111.171875,111.140625,111.140625,9217.0
2025-03-20 03:00:00+00:00,111.09375,111.15625,111.09375,111.140625,10970.0
2025-03-20 04:00:00+00:00,111.09375,111.109375,111.078125,111.09375,3874.0
2025-03-20 05:00:00+00:00,111.078125,111.125,111.078125,111.078125,5346.0
2025-03-20 06:00:00+00:00,111.125,111.140625,111.078125,111.078125,9894.0
2025-03-20 07:00:00+00:00,111.046875,111.140625,111.015625,111.140625,36464.0
2025-03-20 08:00:00+00:00,111.15625,111.15625,111.03125,111.046875,75753.0
2025-03-20 09:00:00+00:00,111.1875,111.21875,111.125,111.140625,68300.0
2025-03-20 10:00:00+00:00,111.28125,111.34375,111.171875,111.1875,102018.0
2025-03-20 11:00:00+00:00,111.34375,111.375,111.28125,111.296875,82425.0
2025-03-20 12:00:00+00:00,111.4375,111.484375,111.296875,111.34375,214633.0
2025-03-20 13:00:00+00:00,111.40625,111.546875,111.390625,111.4375,264167.0
2025-03-20 14:00:00+00:00,111.28125,111.421875,111.25,111.40625,220364.0
2025-03-20 15:00:00+00:00,111.15625,111.328125,111.078125,111.28125,189762.0
2025-03-20 16:00:00+00:00,111.140625,111.21875,111.09375,111.15625,166062.0
2025-03-20 17:00:00+00:00,111.109375,111.15625,111.046875,111.15625,101098.0
2025-03-20 18:00:00+00:00,111.15625,111.1875,111.09375,111.109375,143360.0
2025-03-20 19:00:00+00:00,111.15625,111.203125,111.125,111.171875,93978.0
2025-03-20 20:00:00+00:00,111.109375,111.1875,111.09375,111.15625,53392.0
2025-03-20 22:00:00+00:00,111.140625,111.15625,111.109375,111.109375,0.0
2025-03-20 23:00:00+00:00,111.125,111.171875,111.125,111.140625,5054.0
2025-03-21 00:00:00+00:00,111.09375,111.171875,111.078125,111.140625,20089.0
2025-03-21 01:00:00+00:00,111.109375,111.125,111.078125,111.09375,8104.0
2025-03-21 02:00:00+00:00,111.09375,111.140625,111.09375,111.09375,13585.0
2025-03-21 03:00:00+00:00,111.046875,111.140625,111.03125,111.09375,21266.0
2025-03-21 04:00:00+00:00,111.0625,111.0625,111.03125,111.046875,9872.0
2025-03-21 05:00:00+00:00,111.0625,111.078125,111.046875,111.046875,8098.0
2025-03-21 06:00:00+00:00,111.015625,111.0625,111.0,111.0625,15318.0
2025-03-21 07:00:00+00:00,111.109375,111.125,111.015625,111.015625,26369.0
2025-03-21 08:00:00+00:00,111.203125,111.25,111.015625,111.09375,81868.0
2025-03-21 09:00:00+00:00,111.25,111.28125,111.203125,111.21875,44078.0
2025-03-21 10:00:00+00:00,111.25,111.265625,111.1875,111.25,26740.0
2025-03-21 11:00:00+00:00,111.34375,111.359375,111.25,111.25,70221.0
2025-03-21 12:00:00+00:00,111.390625,111.40625,111.296875,111.34375,133389.0
2025-03-21 13:00:00+00:00,111.328125,111.421875,111.296875,111.390625,198530.0
2025-03-21 14:00:00+00:00,111.21875,111.375,111.203125,111.328125,204158.0
2025-03-21 15:00:00+00:00,111.296875,111.3125,111.1875,111.21875,128870.0
2025-03-21 16:00:00+00:00,111.078125,111.328125,111.078125,111.296875,207706.0
2025-03-21 17:00:00+00:00,111.09375,111.140625,111.0625,111.078125,76324.0
2025-03-21 18:00:00+00:00,111.078125,111.125,111.0625,111.09375,121214.0
2025-03-21 19:00:00+00:00,111.125,111.15625,111.078125,111.09375,80312.0
2025-03-21 20:00:00+00:00,111.140625,111.14099884033203,111.09375,111.109375,50950.0
2025-03-23 22:00:00+00:00,111.046875,111.09375,111.015625,111.078125,15923.0
2025-03-23 23:00:00+00:00,110.96875,111.046875,110.953125,111.046875,16030.0
2025-03-24 00:00:00+00:00,110.96875,110.984375,110.90625,110.96875,21215.0
2025-03-24 01:00:00+00:00,110.96875,110.984375,110.9375,110.96875,10413.0
2025-03-24 02:00:00+00:00,110.96875,110.96875,110.9375,110.953125,8120.0
2025-03-24 03:00:00+00:00,110.96875,110.96875,110.9375,110.96875,2985.0
2025-03-24 04:00:00+00:00,110.9375,110.953125,110.9375,110.9375,5571.0
2025-03-24 05:00:00+00:00,110.890625,110.953125,110.890625,110.9375,11879.0
2025-03-24 06:00:00+00:00,110.875,110.921875,110.859375,110.890625,19584.0
2025-03-24 07:00:00+00:00,110.875,110.90625,110.84375,110.890625,30996.0
2025-03-24 08:00:00+00:00,110.90625,110.921875,110.828125,110.875,73683.0
2025-03-24 09:00:00+00:00,110.890625,110.921875,110.875,110.90625,31023.0
2025-03-24 10:00:00+00:00,110.828125,110.921875,110.8125,110.90625,33735.0
2025-03-24 11:00:00+00:00,110.765625,110.859375,110.75,110.828125,79747.0
2025-03-24 12:00:00+00:00,110.78125,110.8125,110.734375,110.765625,81180.0
2025-03-24 13:00:00+00:00,110.625,110.859375,110.625,110.796875,191703.0
2025-03-24 14:00:00+00:00,110.59375,110.65625,110.5625,110.625,152426.0
2025-03-24 15:00:00+00:00,110.609375,110.625,110.515625,110.609375,134818.0
2025-03-24 16:00:00+00:00,110.65625,110.671875,110.5625,110.59375,85666.0
2025-03-24 17:00:00+00:00,110.5625,110.671875,110.546875,110.671875,70208.0
2025-03-24 18:00:00+00:00,110.53125,110.59375,110.5,110.5625,158369.0
2025-03-24 19:00:00+00:00,110.515625,110.59375,110.515625,110.53125,89048.0
2025-03-24 20:00:00+00:00,110.515625,110.546875,110.484375,110.53125,0.0
2025-03-24 22:00:00+00:00,110.515625,110.546875,110.5,110.53125,9291.0
2025-03-24 23:00:00+00:00,110.546875,110.546875,110.5,110.515625,6221.0
2025-03-25 00:00:00+00:00,110.546875,110.59375,110.5,110.53125,23595.0
2025-03-25 01:00:00+00:00,110.5625,110.578125,110.546875,110.5625,12669.0
2025-03-25 02:00:00+00:00,110.59375,110.609375,110.546875,110.5625,18720.0
2025-03-25 03:00:00+00:00,110.59375,110.609375,110.578125,110.59375,9210.0
2025-03-25 04:00:00+00:00,110.578125,110.609375,110.578125,110.59375,6106.0
2025-03-25 05:00:00+00:00,110.5625,110.609375,110.546875,110.578125,9004.0
2025-03-25 06:00:00+00:00,110.578125,110.578125,110.546875,110.5625,8361.0
2025-03-25 07:00:00+00:00,110.453125,110.578125,110.4375,110.578125,55997.0
2025-03-25 08:00:00+00:00,110.46875,110.484375,110.390625,110.4375,62302.0
2025-03-25 09:00:00+00:00,110.375,110.46875,110.375,110.46875,53720.0
2025-03-25 10:00:00+00:00,110.359375,110.40625,110.3125,110.375,69289.0
2025-03-25 11:00:00+00:00,110.34375,110.421875,110.3125,110.375,83614.0
2025-03-25 12:00:00+00:00,110.4375,110.53125,110.328125,110.359375,156736.0
2025-03-25 13:00:00+00:00,110.59375,110.59375,110.4375,110.4375,156666.0
2025-03-25 14:00:00+00:00,110.6875,110.703125,110.5625,110.59375,196966.0
2025-03-25 15:00:00+00:00,110.78125,110.78125,110.640625,110.6875,121460.0
2025-03-25 16:00:00+00:00,110.78125,110.8125,110.71875,110.78125,115732.0
2025-03-25 17:00:00+00:00,110.78125,110.796875,110.734375,110.78125,88163.0
2025-03-25 18:00:00+00:00,110.765625,110.8125,110.734375,110.78125,106345.0
2025-03-25 19:00:00+00:00,110.703125,110.765625,110.6875,110.75,106639.0
2025-03-25 20:00:00+00:00,110.703125,110.734375,110.671875,110.71875,0.0
2025-03-25 22:00:00+00:00,110.640625,110.6875,110.625,110.671875,6620.0
2025-03-25 23:00:00+00:00,110.625,110.640625,110.59375,110.640625,7796.0
2025-03-26 00:00:00+00:00,110.578125,110.625,110.546875,110.625,14778.0
2025-03-26 01:00:00+00:00,110.59375,110.625,110.5625,110.578125,8287.0
2025-03-26 02:00:00+00:00,110.5625,110.609375,110.5625,110.578125,8161.0
2025-03-26 03:00:00+00:00,110.59375,110.59375,110.5625,110.578125,8191.0
2025-03-26 04:00:00+00:00,110.5625,110.59375,110.546875,110.578125,4851.0
2025-03-26 05:00:00+00:00,110.5625,110.578125,110.546875,110.578125,5566.0
2025-03-26 06:00:00+00:00,110.546875,110.578125,110.515625,110.5625,18856.0
2025-03-26 07:00:00+00:00,110.640625,110.640625,110.546875,110.5625,25255.0
2025-03-26 08:00:00+00:00,110.640625,110.71875,110.625,110.625,39883.0
2025-03-26 09:00:00+00:00,110.609375,110.6875,110.59375,110.65625,37890.0
2025-03-26 10:00:00+00:00,110.5625,110.65625,110.546875,110.625,30715.0
2025-03-26 11:00:00+00:00,110.53125,110.59375,110.5,110.5625,46584.0
2025-03-26 12:00:00+00:00,110.484375,110.59375,110.4375,110.546875,155134.0
2025-03-26 13:00:00+00:00,110.53125,110.59375,110.4375,110.484375,175128.0
2025-03-26 14:00:00+00:00,110.484375,110.546875,110.421875,110.53125,149508.0
2025-03-26 15:00:00+00:00,110.5625,110.59375,110.390625,110.5,165672.0
2025-03-26 16:00:00+00:00,110.53125,110.625,110.53125,110.546875,166339.0
2025-03-26 17:00:00+00:00,110.609375,110.640625,110.4375,110.546875,191460.0
2025-03-26 18:00:00+00:00,110.578125,110.640625,110.515625,110.59375,159910.0
2025-03-26 19:00:00+00:00,110.515625,110.59375,110.484375,110.5625,106655.0
2025-03-26 20:00:00+00:00,110.46875,110.515625,110.4375,110.515625,0.0
2025-03-26 22:00:00+00:00,110.640625,110.640625,110.5,110.5,31049.0
2025-03-26 23:00:00+00:00,110.578125,110.65625,110.5625,110.640625,18329.0
2025-03-27 00:00:00+00:00,110.53125,110.59375,110.5,110.578125,16829.0
2025-03-27 01:00:00+00:00,110.546875,110.578125,110.515625,110.546875,15883.0
2025-03-27 02:00:00+00:00,110.5,110.5625,110.484375,110.546875,13176.0
2025-03-27 03:00:00+00:00,110.53125,110.5625,110.5,110.515625,10112.0
2025-03-27 04:00:00+00:00,110.5,110.546875,110.46875,110.53125,11616.0
2025-03-27 05:00:00+00:00,110.515625,110.515625,110.46875,110.5,8692.0
2025-03-27 06:00:00+00:00,110.421875,110.53125,110.40625,110.5,24884.0
2025-03-27 07:00:00+00:00,110.390625,110.46875,110.359375,110.421875,77095.0
2025-03-27 08:00:00+00:00,110.359375,110.46875,110.359375,110.390625,75965.0
2025-03-27 09:00:00+00:00,110.203125,110.375,110.203125,110.359375,111469.0
2025-03-27 10:00:00+00:00,110.265625,110.28125,110.1875,110.203125,66062.0
2025-03-27 11:00:00+00:00,110.25,110.296875,110.21875,110.265625,82207.0
2025-03-27 12:00:00+00:00,110.421875,110.4375,110.234375,110.265625,193684.0
2025-03-27 13:00:00+00:00,110.4375,110.53125,110.34375,110.4375,277334.0
2025-03-27 14:00:00+00:00,110.359375,110.515625,110.328125,110.4375,206268.0
2025-03-27 15:00:00+00:00,110.390625,110.453125,110.3125,110.359375,176140.0
2025-03-27 16:00:00+00:00,110.4375,110.46875,110.359375,110.40625,155720.0
2025-03-27 17:00:00+00:00,110.453125,110.484375,110.359375,110.453125,157845.0
2025-03-27 18:00:00+00:00,110.4375,110.484375,110.390625,110.46875,98289.0
2025-03-27 19:00:00+00:00,110.46875,110.46875,110.375,110.421875,109691.0
2025-03-27 20:00:00+00:00,110.484375,110.5,110.4375,110.453125,0.0
2025-03-27 22:00:00+00:00,110.484375,110.515625,110.46875,110.46875,8214.0
2025-03-27 23:00:00+00:00,110.484375,110.53125,110.484375,110.5,14336.0
2025-03-28 00:00:00+00:00,110.5625,110.59375,110.484375,110.484375,20506.0
2025-03-28 01:00:00+00:00,110.578125,110.59375,110.546875,110.5625,11627.0
2025-03-28 02:00:00+00:00,110.578125,110.609375,110.5625,110.59375,11672.0
2025-03-28 03:00:00+00:00,110.5625,110.578125,110.546875,110.578125,11955.0
2025-03-28 04:00:00+00:00,110.5625,110.578125,110.546875,110.5625,7017.0
2025-03-28 05:00:00+00:00,110.625,110.625,110.5625,110.578125,10186.0
2025-03-28 06:00:00+00:00,110.6875,110.6875,110.578125,110.625,27194.0
2025-03-28 07:00:00+00:00,110.71875,110.734375,110.640625,110.671875,51820.0
2025-03-28 08:00:00+00:00,110.640625,110.75,110.625,110.734375,79069.0
2025-03-28 09:00:00+00:00,110.609375,110.640625,110.5625,110.625,33993.0
2025-03-28 10:00:00+00:00,110.65625,110.65625,110.578125,110.609375,38308.0
2025-03-28 11:00:00+00:00,110.6875,110.703125,110.625,110.65625,51697.0
2025-03-28 12:00:00+00:00,110.78125,110.828125,110.578125,110.6875,281983.0
2025-03-28 13:00:00+00:00,110.9375,110.953125,110.671875,110.78125,340881.0
2025-03-28 14:00:00+00:00,111.0,111.078125,110.875,110.921875,334934.0
2025-03-28 15:00:00+00:00,111.09375,111.09375,110.9375,111.0,236077.0
2025-03-28 16:00:00+00:00,111.171875,111.1875,111.03125,111.078125,179851.0
2025-03-28 17:00:00+00:00,111.171875,111.21875,111.140625,111.171875,153982.0
2025-03-28 18:00:00+00:00,111.203125,111.234375,111.109375,111.171875,184381.0
2025-03-28 19:00:00+00:00,111.1875,111.21875,111.140625,111.21875,133744.0
2025-03-28 20:00:00+00:00,111.21875,111.25,111.15625,111.171875,77909.0
2025-03-30 22:00:00+00:00,111.4375,111.515625,111.28125,111.296875,41617.0
2025-03-30 23:00:00+00:00,111.453125,111.53125,111.421875,111.421875,29989.0
2025-03-31 00:00:00+00:00,111.53125,111.640625,111.453125,111.453125,54839.0
2025-03-31 01:00:00+00:00,111.46875,111.546875,111.453125,111.515625,38788.0
2025-03-31 02:00:00+00:00,111.5,111.515625,111.4375,111.46875,20642.0
2025-03-31 03:00:00+00:00,111.515625,111.5625,111.5,111.5,17704.0
2025-03-31 04:00:00+00:00,111.5625,111.578125,111.515625,111.515625,14158.0
2025-03-31 05:00:00+00:00,111.5625,111.59375,111.515625,111.546875,26419.0
2025-03-31 06:00:00+00:00,111.59375,111.703125,111.53125,111.5625,67679.0
2025-03-31 07:00:00+00:00,111.546875,111.6875,111.53125,111.609375,68100.0
2025-03-31 08:00:00+00:00,111.609375,111.65625,111.484375,111.53125,80735.0
2025-03-31 09:00:00+00:00,111.640625,111.65625,111.53125,111.59375,41719.0
2025-03-31 10:00:00+00:00,111.59375,111.640625,111.53125,111.625,46207.0
2025-03-31 11:00:00+00:00,111.59375,111.6875,111.546875,111.578125,76830.0
2025-03-31 12:00:00+00:00,111.5,111.609375,111.4375,111.578125,150170.0
2025-03-31 13:00:00+00:00,111.46875,111.59375,111.4375,111.5,236296.0
2025-03-31 14:00:00+00:00,111.390625,111.484375,111.34375,111.46875,218797.0
2025-03-31 15:00:00+00:00,111.3125,111.390625,111.265625,111.375,192124.0
2025-03-31 16:00:00+00:00,111.265625,111.34375,111.203125,111.296875,127677.0
2025-03-31 17:00:00+00:00,111.234375,111.296875,111.1875,111.265625,125414.0
2025-03-31 18:00:00+00:00,111.21875,111.25,111.125,111.234375,260770.0
2025-03-31 19:00:00+00:00,111.40625,111.4375,111.203125,111.234375,622969.0
2025-03-31 20:00:00+00:00,111.421875,111.46875,111.328125,111.421875,0.0
2025-03-31 22:00:00+00:00,111.390625,111.421875,111.359375,111.421875,15933.0
2025-03-31 23:00:00+00:00,111.421875,111.453125,111.359375,111.375,10066.0
2025-04-01 00:00:00+00:00,111.421875,111.453125,111.375,111.421875,22015.0
2025-04-01 01:00:00+00:00,111.421875,111.484375,111.40625,111.421875,17786.0
2025-04-01 02:00:00+00:00,111.40625,111.4375,111.40625,111.421875,10135.0
2025-04-01 03:00:00+00:00,111.53125,111.546875,111.40625,111.421875,23060.0
2025-04-01 04:00:00+00:00,111.53125,111.5625,111.515625,111.53125,13873.0
2025-04-01 05:00:00+00:00,111.5625,111.5625,111.484375,111.515625,18185.0
2025-04-01 06:00:00+00:00,111.484375,111.59375,111.484375,111.5625,38955.0
2025-04-01 07:00:00+00:00,111.625,111.65625,111.5,111.5,91148.0
2025-04-01 08:00:00+00:00,111.65625,111.6719970703125,111.59375,111.640625,50994.0
2025-04-01 09:00:00+00:00,111.59375,111.65625,111.5625,111.640625,40641.0
2025-04-01 10:00:00+00:00,111.71875,111.765625,111.5625,111.578125,111322.0
2025-04-01 11:00:00+00:00,111.78125,111.859375,111.71875,111.734375,108117.0
2025-04-01 12:00:00+00:00,111.6875,111.84375,111.6875,111.78125,163544.0
2025-04-01 13:00:00+00:00,111.65625,111.6875,111.546875,111.671875,217257.0
2025-04-01 14:00:00+00:00,111.703125,111.953125,111.671875,111.671875,405867.0
2025-04-01 15:00:00+00:00,111.765625,111.859375,111.65625,111.71875,259094.0
2025-04-01 16:00:00+00:00,111.734375,111.8125,111.65625,111.765625,185292.0
2025-04-01 17:00:00+00:00,111.796875,111.796875,111.703125,111.71875,108903.0
2025-04-01 18:00:00+00:00,111.765625,111.859375,111.75,111.78125,195561.0
2025-04-01 19:00:00+00:00,111.703125,111.78125,111.65625,111.78125,234127.0
2025-04-01 20:00:00+00:00,111.65625,111.75,111.65625,111.703125,0.0
2025-04-01 22:00:00+00:00,111.53125,111.671875,111.5,111.671875,34986.0
2025-04-01 23:00:00+00:00,111.46875,111.53125,111.46875,111.515625,20673.0
2025-04-02 00:00:00+00:00,111.515625,111.5625,111.484375,111.484375,40350.0
2025-04-02 01:00:00+00:00,111.5,111.546875,111.484375,111.515625,15066.0
2025-04-02 02:00:00+00:00,111.515625,111.53125,111.46875,111.5,13349.0
2025-04-02 03:00:00+00:00,111.5,111.53125,111.484375,111.515625,8406.0
2025-04-02 04:00:00+00:00,111.46875,111.53125,111.46875,111.515625,4855.0
2025-04-02 05:00:00+00:00,111.59375,111.59375,111.46875,111.484375,20763.0
2025-04-02 06:00:00+00:00,111.625,111.625,111.53125,111.59375,46664.0
2025-04-02 07:00:00+00:00,111.71875,111.71875,111.59375,111.625,74912.0
2025-04-02 08:00:00+00:00,111.65625,111.734375,111.640625,111.703125,57813.0
2025-04-02 09:00:00+00:00,111.71875,111.71875,111.625,111.65625,38683.0
2025-04-02 10:00:00+00:00,111.84375,111.859375,111.703125,111.71875,103853.0
2025-04-02 11:00:00+00:00,111.875,111.890625,111.8125,111.828125,71355.0
2025-04-02 12:00:00+00:00,111.953125,111.984375,111.8125,111.875,195141.0
2025-04-02 13:00:00+00:00,111.875,112.078125,111.8125,111.953125,286488.0
2025-04-02 14:00:00+00:00,111.6875,111.921875,111.671875,111.875,262273.0
2025-04-02 15:00:00+00:00,111.53125,111.765625,111.53125,111.6875,303698.0
2025-04-02 16:00:00+00:00,111.359375,111.578125,111.28125,111.546875,309343.0
2025-04-02 17:00:00+00:00,111.390625,111.4375,111.296875,111.34375,206477.0
2025-04-02 18:00:00+00:00,111.5,111.515625,111.359375,111.390625,230658.0
2025-04-02 19:00:00+00:00,111.546875,111.5625,111.4375,111.484375,216370.0
2025-04-02 20:00:00+00:00,111.9375,112.078125,111.15625,111.5625,585852.0
2025-04-02 22:00:00+00:00,112.421875,112.765625,112.171875,112.1875,140705.0
2025-04-02 23:00:00+00:00,112.546875,112.578125,112.40625,112.421875,4979.0
